12;EUR/GBP;0;-200
12;EUR/GBP;0;-199
12;EUR/GBP;0;-198
12;EUR/GBP;0;-197
12;EUR/GBP;0;-196
12;EUR/GBP;0;-195
12;EUR/GBP;0;-194
12;EUR/GBP;0;-193
12;EUR/GBP;0;-192
12;EUR/GBP;0;-191
12;EUR/GBP;0;-190
12;EUR/GBP;0;-189
12;EUR/GBP;0;-188
12;EUR/GBP;0;-187
12;EUR/GBP;0;-186
12;EUR/GBP;0;-185
12;EUR/GBP;0;-184
12;EUR/GBP;0;-183
12;EUR/GBP;0;-182
12;EUR/GBP;0;-181
12;EUR/GBP;0;-180
12;EUR/GBP;0;-179
12;EUR/GBP;0;-178
12;EUR/GBP;0;-177
12;EUR/GBP;0;-176
12;EUR/GBP;0;-175
12;EUR/GBP;0;-174
12;EUR/GBP;0;-173
12;EUR/GBP;0;-172
12;EUR/GBP;0;-171
12;EUR/GBP;0;-170
12;EUR/GBP;0;-169
12;EUR/GBP;0;-168
12;EUR/GBP;0;-167
12;EUR/GBP;0;-166
12;EUR/GBP;0;-165
12;EUR/GBP;0;-164
12;EUR/GBP;0;-163
12;EUR/GBP;0;-162
12;EUR/GBP;0;-161
1;EUR/GBP;0.82798;40
12;EUR/GBP;0;-160
12;EUR/GBP;0;-159
12;EUR/GBP;0;-158
12;EUR/GBP;0;-157
12;EUR/GBP;0;-156
12;EUR/GBP;0;-155
12;EUR/GBP;0;-154
12;EUR/GBP;0;-153
12;EUR/GBP;0;-152
12;EUR/GBP;0;-151
12;EUR/GBP;0;-150
12;EUR/GBP;0;-149
12;EUR/GBP;0;-148
12;EUR/GBP;0;-147
12;EUR/GBP;0;-146
12;EUR/GBP;0;-145
12;EUR/GBP;0;-144
12;EUR/GBP;0;-143
12;EUR/GBP;0;-142
12;EUR/GBP;0;-141
12;EUR/GBP;0;-140
12;EUR/GBP;0;-139
12;EUR/GBP;0;-138
12;EUR/GBP;0;-137
12;EUR/GBP;0;-136
12;EUR/GBP;0;-135
12;EUR/GBP;0;-134
12;EUR/GBP;0;-133
12;EUR/GBP;0;-132
0;EUR/GBP;0.82838;69
12;EUR/GBP;0;-131
12;EUR/GBP;0;-130
12;EUR/GBP;0;-129
12;EUR/GBP;0;-128
12;EUR/GBP;0;-127
12;EUR/GBP;0;-126
12;EUR/GBP;0;-125
12;EUR/GBP;0;-124
1;EUR/GBP;0.82597;77
12;EUR/GBP;0;-123
12;EUR/GBP;0;-122
12;EUR/GBP;0;-121
12;EUR/GBP;0;-120
0;EUR/GBP;0.82276;81
12;EUR/GBP;0;-119
12;EUR/GBP;0;-118
12;EUR/GBP;0;-117
12;EUR/GBP;0;-116
12;EUR/GBP;0;-115
12;EUR/GBP;0;-114
12;EUR/GBP;0;-113
12;EUR/GBP;0;-112
12;EUR/GBP;0;-111
12;EUR/GBP;0;-110
12;EUR/GBP;0;-109
12;EUR/GBP;0;-108
1;EUR/GBP;0.81947;93
12;EUR/GBP;0;-107
12;EUR/GBP;0;-106
12;EUR/GBP;0;-105
12;EUR/GBP;0;-104
12;EUR/GBP;0;-103
12;EUR/GBP;0;-102
12;EUR/GBP;0;-101
12;EUR/GBP;0;-100
12;EUR/GBP;0;-99
12;EUR/GBP;0;-98
12;EUR/GBP;0;-97
12;EUR/GBP;0;-96
12;EUR/GBP;0;-95
12;EUR/GBP;0;-94
12;EUR/GBP;0;-93
12;EUR/GBP;0;-92
12;EUR/GBP;0;-91
12;EUR/GBP;0;-90
12;EUR/GBP;0;-89
12;EUR/GBP;0;-88
12;EUR/GBP;0;-87
12;EUR/GBP;0;-86
12;EUR/GBP;0;-85
12;EUR/GBP;0;-84
12;EUR/GBP;0;-83
0;EUR/GBP;0.82232;118
12;EUR/GBP;0;-82
12;EUR/GBP;0;-81
12;EUR/GBP;0;-80
12;EUR/GBP;0;-79
12;EUR/GBP;0;-78
12;EUR/GBP;0;-77
12;EUR/GBP;0;-76
12;EUR/GBP;0;-75
12;EUR/GBP;0;-74
12;EUR/GBP;0;-73
12;EUR/GBP;0;-72
12;EUR/GBP;0;-71
1;EUR/GBP;0.82319;130
0;EUR/GBP;0.82082;130
12;EUR/GBP;0;-70
12;EUR/GBP;0;-69
12;EUR/GBP;0;-68
12;EUR/GBP;0;-67
12;EUR/GBP;0;-66
1;EUR/GBP;0.8223;135
12;EUR/GBP;0;-65
12;EUR/GBP;0;-64
12;EUR/GBP;0;-63
12;EUR/GBP;0;-62
12;EUR/GBP;0;-61
12;EUR/GBP;0;-60
12;EUR/GBP;0;-59
12;EUR/GBP;0;-58
12;EUR/GBP;0;-57
12;EUR/GBP;0;-56
12;EUR/GBP;0;-55
12;EUR/GBP;0;-54
12;EUR/GBP;0;-53
12;EUR/GBP;0;-52
12;EUR/GBP;0;-51
12;EUR/GBP;0;-50
12;EUR/GBP;0;-49
12;EUR/GBP;0;-48
12;EUR/GBP;0;-47
12;EUR/GBP;0;-46
12;EUR/GBP;0;-45
12;EUR/GBP;0;-44
12;EUR/GBP;0;-43
12;EUR/GBP;0;-42
12;EUR/GBP;0;-41
12;EUR/GBP;0;-40
12;EUR/GBP;0;-39
12;EUR/GBP;0;-38
12;EUR/GBP;0;-37
12;EUR/GBP;0;-36
12;EUR/GBP;0;-35
12;EUR/GBP;0;-34
12;EUR/GBP;0;-33
12;EUR/GBP;0;-32
12;EUR/GBP;0;-31
12;EUR/GBP;0;-30
12;EUR/GBP;0;-29
12;EUR/GBP;0;-28
12;EUR/GBP;0;-27
12;EUR/GBP;0;-26
12;EUR/GBP;0;-25
12;EUR/GBP;0;-24
0;EUR/GBP;0.82225;177
12;EUR/GBP;0;-23
12;EUR/GBP;0;-22
12;EUR/GBP;0;-21
12;EUR/GBP;0;-20
12;EUR/GBP;0;-19
12;EUR/GBP;0;-18
12;EUR/GBP;0;-17
1;EUR/GBP;0.82158;184
12;EUR/GBP;0;-16
12;EUR/GBP;0;-15
12;EUR/GBP;0;-14
12;EUR/GBP;0;-13
12;EUR/GBP;0;-12
12;EUR/GBP;0;-11
12;EUR/GBP;0;-10
12;EUR/GBP;0;-9
0;EUR/GBP;0.81747;192
12;EUR/GBP;0;-8
12;EUR/GBP;0;-7
12;EUR/GBP;0;-6
12;EUR/GBP;0;-5
1;EUR/GBP;0.8194;196
12;EUR/GBP;0;-4
12;EUR/GBP;0;-3
12;EUR/GBP;0;-2
12;EUR/GBP;0;-1
12;EUR/GBP;0;0
12;EUR/GBP;0;1
12;EUR/GBP;0;2
12;EUR/GBP;0;3
12;EUR/GBP;0;4
12;EUR/GBP;0;5
12;EUR/GBP;0;6
12;EUR/GBP;0;7
12;EUR/GBP;0;8
12;EUR/GBP;0;9
12;EUR/GBP;0;10
12;EUR/GBP;0;11
12;EUR/GBP;0;12
12;EUR/GBP;0;13
12;EUR/GBP;0.83315;14
12;EUR/GBP;0;15
12;EUR/GBP;0;16
12;EUR/GBP;0;17
12;EUR/GBP;0;18
12;EUR/GBP;0;19
12;EUR/GBP;0;20
12;EUR/GBP;0;21
4;EUR/GBP;0.82108;221
4;EUR/GBP;0.82108;212
12;EUR/GBP;0;22
12;EUR/GBP;0;23
12;EUR/GBP;0;24
12;EUR/GBP;0;25
12;EUR/GBP;0;26
12;EUR/GBP;0;27
12;EUR/GBP;0;28
12;EUR/GBP;0;29
12;EUR/GBP;0;30
12;EUR/GBP;0;31
12;EUR/GBP;0;32
12;EUR/GBP;0.82304;33
12;EUR/GBP;0;34
12;EUR/GBP;0;35
12;EUR/GBP;0;36
12;EUR/GBP;0;37
0;EUR/GBP;0.82227;238
12;EUR/GBP;0;38
12;EUR/GBP;0;39
12;EUR/GBP;0;40
12;EUR/GBP;0;41
12;EUR/GBP;0;42
12;EUR/GBP;0;43
12;EUR/GBP;0;44
12;EUR/GBP;0;45
1;EUR/GBP;0.82181;246
12;EUR/GBP;0.83483;46
12;EUR/GBP;0;47
12;EUR/GBP;0;48
0;EUR/GBP;0.81925;249
12;EUR/GBP;0;49
12;EUR/GBP;0;50
12;EUR/GBP;0;51
12;EUR/GBP;0;52
12;EUR/GBP;0;53
12;EUR/GBP;0;54
12;EUR/GBP;0;55
12;EUR/GBP;0;56
12;EUR/GBP;0.8286;57
12;EUR/GBP;0;58
12;EUR/GBP;0;59
12;EUR/GBP;0;60
12;EUR/GBP;0;61
12;EUR/GBP;0.83408;62
12;EUR/GBP;0;63
12;EUR/GBP;0;64
12;EUR/GBP;0;65
12;EUR/GBP;0;66
12;EUR/GBP;0;67
12;EUR/GBP;0;68
12;EUR/GBP;0;69
12;EUR/GBP;0;70
12;EUR/GBP;0;71
12;EUR/GBP;0;72
12;EUR/GBP;0;73
1;EUR/GBP;0.82197;274
12;EUR/GBP;0;74
12;EUR/GBP;0;75
12;EUR/GBP;0;76
12;EUR/GBP;0;77
12;EUR/GBP;0;78
12;EUR/GBP;0;79
12;EUR/GBP;0;80
12;EUR/GBP;0;81
12;EUR/GBP;0;82
12;EUR/GBP;0;83
12;EUR/GBP;0;84
12;EUR/GBP;0;85
12;EUR/GBP;0;86
12;EUR/GBP;0;87
12;EUR/GBP;0.81681;88
12;EUR/GBP;0;89
12;EUR/GBP;0;90
12;EUR/GBP;0;91
12;EUR/GBP;0;92
12;EUR/GBP;0;93
12;EUR/GBP;0;94
12;EUR/GBP;0;95
12;EUR/GBP;0;96
12;EUR/GBP;0;97
12;EUR/GBP;0;98
12;EUR/GBP;0;99
12;EUR/GBP;0;100
12;EUR/GBP;0.83056;101
12;EUR/GBP;0;102
12;EUR/GBP;0;103
12;EUR/GBP;0;104
12;EUR/GBP;0;105
12;EUR/GBP;0;106
12;EUR/GBP;0;107
12;EUR/GBP;0;108
12;EUR/GBP;0;109
12;EUR/GBP;0.82224;110
12;EUR/GBP;0;111
12;EUR/GBP;0;112
12;EUR/GBP;0;113
12;EUR/GBP;0;114
12;EUR/GBP;0;115
12;EUR/GBP;0.82585;116
12;EUR/GBP;0.822;117
12;EUR/GBP;0;118
12;EUR/GBP;0;119
12;EUR/GBP;0;120
12;EUR/GBP;0;121
12;EUR/GBP;0.82684;122
12;EUR/GBP;0;123
2;EUR/GBP;0.0401309521953666;324
12;EUR/GBP;0;124
2;EUR/GBP;0.0487427668000376;325
12;EUR/GBP;0;125
2;EUR/GBP;0.0259772586244417;326
12;EUR/GBP;0;126
2;EUR/GBP;0.0225232341701463;327
12;EUR/GBP;0;127
2;EUR/GBP;0.0542096136514027;328
12;EUR/GBP;0;128
2;EUR/GBP;0.274139928793319;329
12;EUR/GBP;0.8188;129
2;EUR/GBP;0.319151890041145;330
12;EUR/GBP;0;130
2;EUR/GBP;0.324637363043344;331
12;EUR/GBP;0;131
2;EUR/GBP;0.207732583715713;332
12;EUR/GBP;0;132
2;EUR/GBP;0.144845063616228;333
12;EUR/GBP;0;133
2;EUR/GBP;0.348694876498435;334
12;EUR/GBP;0;134
2;EUR/GBP;0.480880264266752;335
12;EUR/GBP;0;135
2;EUR/GBP;0.299397161722563;336
12;EUR/GBP;0;136
2;EUR/GBP;0.306280617423035;337
12;EUR/GBP;0;137
2;EUR/GBP;0.137083258876527;338
12;EUR/GBP;0;138
2;EUR/GBP;0.0669449537799482;339
12;EUR/GBP;0;139
2;EUR/GBP;0.0782828234375867;340
12;EUR/GBP;0;140
2;EUR/GBP;0.121493739879258;341
12;EUR/GBP;0;141
2;EUR/GBP;0.0984338841095596;342
12;EUR/GBP;0;142
2;EUR/GBP;0.0627204578165459;343
12;EUR/GBP;0;143
2;EUR/GBP;0.0533229067067624;344
12;EUR/GBP;0;144
2;EUR/GBP;0.0193621541297615;345
12;EUR/GBP;0;145
2;EUR/GBP;0.0394067271417154;346
12;EUR/GBP;0;146
2;EUR/GBP;0.0786542988721454;347
12;EUR/GBP;0;147
2;EUR/GBP;0.0925488096205178;348
12;EUR/GBP;0;148
2;EUR/GBP;0.0632778316599628;349
12;EUR/GBP;0;149
2;EUR/GBP;0.0668918295920193;350
12;EUR/GBP;0;150
2;EUR/GBP;0.0445166446909437;351
12;EUR/GBP;0;151
2;EUR/GBP;0.0495159764631262;352
0;EUR/GBP;0.83412;352
12;EUR/GBP;0;152
2;EUR/GBP;0.230931851706332;353
12;EUR/GBP;0.83497;153
2;EUR/GBP;0.16156121560972;354
12;EUR/GBP;0;154
2;EUR/GBP;0.201327935675674;355
12;EUR/GBP;0;155
2;EUR/GBP;0.184655557399138;356
12;EUR/GBP;0;156
2;EUR/GBP;0.175912211907455;357
12;EUR/GBP;0;157
2;EUR/GBP;0.155771581099792;358
12;EUR/GBP;0;158
2;EUR/GBP;0.312188500385276;359
12;EUR/GBP;0;159
2;EUR/GBP;0.544113556092652;360
12;EUR/GBP;0;160
2;EUR/GBP;0.490582961646111;361
12;EUR/GBP;0;161
2;EUR/GBP;0.483702423029219;362
12;EUR/GBP;0;162
2;EUR/GBP;0.437875024914228;363
12;EUR/GBP;0;163
2;EUR/GBP;0.348704411991059;364
12;EUR/GBP;0;164
2;EUR/GBP;0.709653128935946;365
12;EUR/GBP;0;165
2;EUR/GBP;0.787419438660911;366
12;EUR/GBP;0;166
2;EUR/GBP;0.826041411105362;367
12;EUR/GBP;0;167
2;EUR/GBP;0.437484908818519;368
12;EUR/GBP;0;168
2;EUR/GBP;0.491111609327283;369
12;EUR/GBP;0;169
2;EUR/GBP;0.443294874875337;370
12;EUR/GBP;0;170
2;EUR/GBP;0.67780361091716;371
1;EUR/GBP;0.82668;371
12;EUR/GBP;0;171
2;EUR/GBP;0.775927038491576;372
12;EUR/GBP;0;172
2;EUR/GBP;0.868188966884327;373
12;EUR/GBP;0;173
2;EUR/GBP;0.604191682051935;374
12;EUR/GBP;0;174
2;EUR/GBP;0.382593376508945;375
12;EUR/GBP;0;175
2;EUR/GBP;0.429205861635199;376
12;EUR/GBP;0;176
2;EUR/GBP;0.423897921043945;377
12;EUR/GBP;0;177
2;EUR/GBP;0.380624240890822;378
12;EUR/GBP;0;178
2;EUR/GBP;0.32862578663159;379
12;EUR/GBP;0;179
2;EUR/GBP;0.244782344742098;380
12;EUR/GBP;0;180
2;EUR/GBP;0.0852854770720041;381
12;EUR/GBP;0;181
2;EUR/GBP;0.0716169178255884;382
12;EUR/GBP;0;182
2;EUR/GBP;0.13259097482809;383
12;EUR/GBP;0;183
2;EUR/GBP;0.0697958106321697;384
12;EUR/GBP;0;184
2;EUR/GBP;0.0531527763544148;385
12;EUR/GBP;0;185
2;EUR/GBP;0.0402447490668372;386
12;EUR/GBP;0;186
2;EUR/GBP;0.0357520812688191;387
12;EUR/GBP;0;187
2;EUR/GBP;0.0464890100338227;388
12;EUR/GBP;0;188
2;EUR/GBP;0.0989646564945813;389
12;EUR/GBP;0;189
2;EUR/GBP;0.177557241523035;390
12;EUR/GBP;0;190
2;EUR/GBP;0.0735540549251677;391
0;EUR/GBP;0.82668;391
12;EUR/GBP;0;191
2;EUR/GBP;0.167341252391342;392
12;EUR/GBP;0.81574;192
2;EUR/GBP;0.164563861188257;393
12;EUR/GBP;0;193
2;EUR/GBP;0.299385662142646;394
12;EUR/GBP;0;194
2;EUR/GBP;0.569094115527993;395
12;EUR/GBP;0;195
2;EUR/GBP;0.500665254356351;396
12;EUR/GBP;0;196
2;EUR/GBP;0.177532071969971;397
12;EUR/GBP;0;197
2;EUR/GBP;0.113372132446663;398
12;EUR/GBP;0;198
2;EUR/GBP;0.110565720162629;399
12;EUR/GBP;0;199
2;EUR/GBP;0.0764325908611805;400
12;EUR/GBP;0;200
2;EUR/GBP;0.218970537409275;401
12;EUR/GBP;0;201
2;EUR/GBP;0.231486298485019;402
12;EUR/GBP;0;202
2;EUR/GBP;0.103201373918619;403
12;EUR/GBP;0;203
2;EUR/GBP;0.105259936953033;404
12;EUR/GBP;0;204
2;EUR/GBP;0.063078904881999;405
12;EUR/GBP;0;205
2;EUR/GBP;0.073057621645411;406
12;EUR/GBP;0;206
2;EUR/GBP;0.0583062988215153;407
12;EUR/GBP;0.82609;207
2;EUR/GBP;0.0541074080726295;408
12;EUR/GBP;0;208
2;EUR/GBP;0.0300536154502017;409
12;EUR/GBP;0;209
2;EUR/GBP;0.0362480377521732;410
12;EUR/GBP;0;210
2;EUR/GBP;0.0483808422396573;411
12;EUR/GBP;0;211
2;EUR/GBP;0.0765669135320475;412
12;EUR/GBP;0;212
2;EUR/GBP;0.198714930548229;413
12;EUR/GBP;0.82148;213
2;EUR/GBP;0.464860218530462;414
12;EUR/GBP;0;214
2;EUR/GBP;0.329101250566768;415
12;EUR/GBP;0;215
2;EUR/GBP;0.321229023809112;416
12;EUR/GBP;0;216
2;EUR/GBP;0.224801377393904;417
12;EUR/GBP;0;217
2;EUR/GBP;0.208889784553464;418
1;EUR/GBP;0.82395;418
12;EUR/GBP;0;218
2;EUR/GBP;0.343759967265215;419
12;EUR/GBP;0;219
2;EUR/GBP;0.351880909009551;420
12;EUR/GBP;0;220
2;EUR/GBP;0.211134336120102;421
12;EUR/GBP;0;221
2;EUR/GBP;0.0777262440167587;422
12;EUR/GBP;0;222
2;EUR/GBP;0.0491879944243719;423
12;EUR/GBP;0;223
2;EUR/GBP;0.142547171578741;424
12;EUR/GBP;0.82863;224
2;EUR/GBP;0.0843686362738278;425
12;EUR/GBP;0;225
2;EUR/GBP;0.0890899590420223;426
12;EUR/GBP;0;226
2;EUR/GBP;0.0518245643941602;427
12;EUR/GBP;0;227
2;EUR/GBP;0.0368822006450404;428
12;EUR/GBP;0;228
2;EUR/GBP;0.0434241461948107;429
12;EUR/GBP;0;229
2;EUR/GBP;0.125070657538812;430
12;EUR/GBP;0;230
2;EUR/GBP;0.0688686279655961;431
12;EUR/GBP;0;231
2;EUR/GBP;0.0784586420684338;432
12;EUR/GBP;0;232
2;EUR/GBP;0.179042867247928;433
12;EUR/GBP;0;233
2;EUR/GBP;0.196989778425451;434
12;EUR/GBP;0;234
2;EUR/GBP;0.424923620756326;435
12;EUR/GBP;0;235
2;EUR/GBP;0.672146121893419;436
12;EUR/GBP;0;236
2;EUR/GBP;0.847051719961599;437
12;EUR/GBP;0;237
2;EUR/GBP;0.786161702989027;438
12;EUR/GBP;0;238
2;EUR/GBP;0.906349515258653;439
12;EUR/GBP;0;239
2;EUR/GBP;0.897367858342434;440
12;EUR/GBP;0;240
2;EUR/GBP;0.888854260077638;441
0;EUR/GBP;0.8257;441
12;EUR/GBP;0;241
2;EUR/GBP;0.901551842628209;442
12;EUR/GBP;0;242
2;EUR/GBP;0.767016990884481;443
12;EUR/GBP;0;243
2;EUR/GBP;0.600309443989205;444
12;EUR/GBP;0;244
2;EUR/GBP;0.452283909535323;445
12;EUR/GBP;0;245
2;EUR/GBP;0.674474277675981;446
12;EUR/GBP;0;246
2;EUR/GBP;0.352856687958481;447
1;EUR/GBP;0.82603;447
0;EUR/GBP;0.82389;447
12;EUR/GBP;0;247
2;EUR/GBP;0.355597667197419;448
12;EUR/GBP;0.81905;248
2;EUR/GBP;0.395298142162368;449
12;EUR/GBP;0.82675;249
2;EUR/GBP;0.301056295412906;450
12;EUR/GBP;0;250
2;EUR/GBP;0.276654056324096;451
12;EUR/GBP;0;251
2;EUR/GBP;0.292533879359643;452
12;EUR/GBP;0;252
2;EUR/GBP;0.446482247607614;453
12;EUR/GBP;0;253
2;EUR/GBP;0.481643570851572;454
1;EUR/GBP;0.82448;454
12;EUR/GBP;0;254
2;EUR/GBP;0.470074991845868;455
12;EUR/GBP;0;255
2;EUR/GBP;0.808036246658758;456
12;EUR/GBP;0;256
2;EUR/GBP;0.676734425136247;457
12;EUR/GBP;0;257
2;EUR/GBP;0.630161543336975;458
12;EUR/GBP;0;258
2;EUR/GBP;0.683421528107026;459
12;EUR/GBP;0;259
2;EUR/GBP;0.502043871842231;460
12;EUR/GBP;0;260
2;EUR/GBP;0.550984427308405;461
12;EUR/GBP;0;261
2;EUR/GBP;0.694902137542107;462
12;EUR/GBP;0;262
2;EUR/GBP;0.612457782209449;463
12;EUR/GBP;0;263
2;EUR/GBP;0.736797954542347;464
12;EUR/GBP;0;264
2;EUR/GBP;0.729930888102635;465
12;EUR/GBP;0;265
2;EUR/GBP;0.603764543572431;466
12;EUR/GBP;0;266
2;EUR/GBP;0.578801512967136;467
0;EUR/GBP;0.82096;467
12;EUR/GBP;0.82038;267
2;EUR/GBP;0.488882017492028;468
12;EUR/GBP;0;268
2;EUR/GBP;0.688502112209564;469
12;EUR/GBP;0;269
2;EUR/GBP;0.759584967238994;470
12;EUR/GBP;0;270
2;EUR/GBP;0.505964292366576;471
12;EUR/GBP;0;271
2;EUR/GBP;0.519941982250166;472
12;EUR/GBP;0;272
2;EUR/GBP;0.760761814455497;473
12;EUR/GBP;0;273
2;EUR/GBP;0.313585472523351;474
12;EUR/GBP;0;274
2;EUR/GBP;0.384483018092308;475
1;EUR/GBP;0.8208;475
12;EUR/GBP;0;275
2;EUR/GBP;0.406007727540137;476
12;EUR/GBP;0;276
2;EUR/GBP;0.249187140838575;477
12;EUR/GBP;0;277
2;EUR/GBP;0.206576519124139;478
12;EUR/GBP;0;278
2;EUR/GBP;0.127090134873178;479
12;EUR/GBP;0;279
2;EUR/GBP;0.0654897887635145;480
12;EUR/GBP;0;280
2;EUR/GBP;0.0462010322893067;481
12;EUR/GBP;0;281
2;EUR/GBP;0.0489708440159175;482
12;EUR/GBP;0;282
2;EUR/GBP;0.0289130772845496;483
12;EUR/GBP;0;283
2;EUR/GBP;0.058622280903887;484
12;EUR/GBP;0;284
2;EUR/GBP;0.0858758344568617;485
12;EUR/GBP;0;285
2;EUR/GBP;0.107690794613911;486
12;EUR/GBP;0;286
2;EUR/GBP;0.315699725355538;487
12;EUR/GBP;0;287
2;EUR/GBP;0.277194048528176;488
12;EUR/GBP;0;288
2;EUR/GBP;0.499578305690438;489
12;EUR/GBP;0;289
2;EUR/GBP;0.398385011526794;490
12;EUR/GBP;0;290
2;EUR/GBP;0.32879896595528;491
12;EUR/GBP;0;291
2;EUR/GBP;0.292469674276664;492
12;EUR/GBP;0;292
2;EUR/GBP;0.358161721919151;493
12;EUR/GBP;0;293
2;EUR/GBP;0.320676543649913;494
12;EUR/GBP;0;294
2;EUR/GBP;0.321791930702211;495
12;EUR/GBP;0;295
2;EUR/GBP;0.181199043754888;496
12;EUR/GBP;0;296
2;EUR/GBP;0.101399406455149;497
12;EUR/GBP;0;297
4;EUR/GBP;0.82133;497
4;EUR/GBP;0.82133;492
2;EUR/GBP;0.110576202165546;498
12;EUR/GBP;0;298
2;EUR/GBP;0.106832589299533;499
12;EUR/GBP;0;299
2;EUR/GBP;0.0376715515629959;500
12;EUR/GBP;0;300
2;EUR/GBP;0.05495082915567;501
12;EUR/GBP;0;301
2;EUR/GBP;0.0432342970311393;502
0;EUR/GBP;0.82133;502
12;EUR/GBP;0;302
2;EUR/GBP;0.0690013186858061;503
12;EUR/GBP;0;303
2;EUR/GBP;0.105328106356733;504
12;EUR/GBP;0;304
2;EUR/GBP;0.0805898629763494;505
12;EUR/GBP;0;305
2;EUR/GBP;0.0679689178605631;506
12;EUR/GBP;0;306
2;EUR/GBP;0.190242262092301;507
12;EUR/GBP;0;307
2;EUR/GBP;0.175412605126851;508
1;EUR/GBP;0.8232;508
12;EUR/GBP;0;308
2;EUR/GBP;0.432964529877167;509
12;EUR/GBP;0;309
2;EUR/GBP;0.302463711934015;510
12;EUR/GBP;0;310
2;EUR/GBP;0.265672216368889;511
12;EUR/GBP;0;311
2;EUR/GBP;0.20237846188847;512
12;EUR/GBP;0;312
2;EUR/GBP;0.0993078884129565;513
12;EUR/GBP;0;313
2;EUR/GBP;0.152148645351191;514
12;EUR/GBP;0;314
2;EUR/GBP;0.352563256221409;515
12;EUR/GBP;0;315
2;EUR/GBP;0.414685567017951;516
12;EUR/GBP;0;316
2;EUR/GBP;0.398087418519202;517
12;EUR/GBP;0;317
2;EUR/GBP;0.745892282967978;518
12;EUR/GBP;0;318
2;EUR/GBP;0.523668932936042;519
12;EUR/GBP;0;319
2;EUR/GBP;0.458782776866796;520
12;EUR/GBP;0;320
2;EUR/GBP;0.556450584368371;521
12;EUR/GBP;0;321
2;EUR/GBP;0.309424256676901;522
12;EUR/GBP;0;322
2;EUR/GBP;0.402837183526602;523
0;EUR/GBP;0.82191;523
12;EUR/GBP;0.83998;323
2;EUR/GBP;0.602467490192982;524
12;EUR/GBP;0;324
2;EUR/GBP;0.133440436947133;525
12;EUR/GBP;0;325
2;EUR/GBP;0.383231636528197;526
12;EUR/GBP;0;326
2;EUR/GBP;0.256936928129634;527
12;EUR/GBP;0;327
2;EUR/GBP;0.123182982653153;528
12;EUR/GBP;0;328
2;EUR/GBP;0.352960789023381;529
12;EUR/GBP;0;329
2;EUR/GBP;0.0618952081672448;530
12;EUR/GBP;0;330
2;EUR/GBP;0.145492900687885;531
12;EUR/GBP;0;331
2;EUR/GBP;0.630543391250786;532
12;EUR/GBP;0.83286;332
2;EUR/GBP;0.716747680779816;533
12;EUR/GBP;0;333
2;EUR/GBP;0.912340162259749;534
12;EUR/GBP;0;334
2;EUR/GBP;0.955918703907206;535
12;EUR/GBP;0;335
2;EUR/GBP;0.971300586697866;536
12;EUR/GBP;0;336
2;EUR/GBP;0.966233913517004;537
12;EUR/GBP;0;337
2;EUR/GBP;0.945898954330418;538
1;EUR/GBP;0.82066;538
12;EUR/GBP;0;338
2;EUR/GBP;0.983636386368231;539
12;EUR/GBP;0;339
2;EUR/GBP;0.960746645994718;540
12;EUR/GBP;0;340
2;EUR/GBP;0.730351564690827;541
12;EUR/GBP;0;341
2;EUR/GBP;0.776719649624271;542
12;EUR/GBP;0;342
2;EUR/GBP;0.633124004017798;543
12;EUR/GBP;0;343
2;EUR/GBP;0.393291691266565;544
0;EUR/GBP;0.81877;544
12;EUR/GBP;0;344
2;EUR/GBP;0.602562919687835;545
12;EUR/GBP;0;345
2;EUR/GBP;0.588712538037981;546
12;EUR/GBP;0;346
2;EUR/GBP;0.293965858198988;547
12;EUR/GBP;0;347
2;EUR/GBP;0.285224920799413;548
12;EUR/GBP;0;348
2;EUR/GBP;0.5715290049385;549
12;EUR/GBP;0.83932;349
2;EUR/GBP;0.836714357260039;550
12;EUR/GBP;0;350
2;EUR/GBP;0.917272096697196;551
12;EUR/GBP;0;351
2;EUR/GBP;0.969601752783576;552
12;EUR/GBP;0;352
2;EUR/GBP;0.981965685171864;553
12;EUR/GBP;0;353
2;EUR/GBP;0.969980730883027;554
12;EUR/GBP;0;354
2;EUR/GBP;0.961149231071871;555
12;EUR/GBP;0;355
2;EUR/GBP;0.985818594761505;556
12;EUR/GBP;0;356
2;EUR/GBP;0.970794275476083;557
12;EUR/GBP;0;357
2;EUR/GBP;0.975016548721528;558
1;EUR/GBP;0.81574;558
12;EUR/GBP;0;358
2;EUR/GBP;0.958048726376882;559
12;EUR/GBP;0;359
2;EUR/GBP;0.796570140401055;560
12;EUR/GBP;0;360
2;EUR/GBP;0.90162475513531;561
0;EUR/GBP;0.8138;561
12;EUR/GBP;0;361
2;EUR/GBP;0.811505016631961;562
12;EUR/GBP;0;362
2;EUR/GBP;0.865414917098777;563
12;EUR/GBP;0;363
2;EUR/GBP;0.849293280112138;564
12;EUR/GBP;0;364
2;EUR/GBP;0.790993056213938;565
12;EUR/GBP;0;365
2;EUR/GBP;0.723203585655022;566
12;EUR/GBP;0;366
2;EUR/GBP;0.603160776223537;567
12;EUR/GBP;0;367
2;EUR/GBP;0.469448307343468;568
12;EUR/GBP;0.82456;368
2;EUR/GBP;0.712404569220342;569
12;EUR/GBP;0;369
2;EUR/GBP;0.433211915414783;570
12;EUR/GBP;0;370
2;EUR/GBP;0.103205035429182;571
12;EUR/GBP;0;371
2;EUR/GBP;0.158154619389856;572
12;EUR/GBP;0;372
2;EUR/GBP;0.122063025230456;573
12;EUR/GBP;0;373
2;EUR/GBP;0.0669262852315456;574
12;EUR/GBP;0;374
2;EUR/GBP;0.259517490906252;575
12;EUR/GBP;0;375
2;EUR/GBP;0.24181878722797;576
12;EUR/GBP;0;376
2;EUR/GBP;0.410371179543036;577
12;EUR/GBP;0;377
2;EUR/GBP;0.126173284366142;578
12;EUR/GBP;0;378
2;EUR/GBP;0.588001817709609;579
12;EUR/GBP;0;379
2;EUR/GBP;0.832893448328406;580
12;EUR/GBP;0;380
2;EUR/GBP;0.842490650147128;581
12;EUR/GBP;0;381
2;EUR/GBP;0.932092061192371;582
12;EUR/GBP;0;382
2;EUR/GBP;0.922575455754744;583
12;EUR/GBP;0;383
2;EUR/GBP;0.969653398376991;584
12;EUR/GBP;0;384
2;EUR/GBP;0.460122289348594;585
12;EUR/GBP;0.83088;385
2;EUR/GBP;0.960085630820265;586
12;EUR/GBP;0;386
2;EUR/GBP;0.974473157900266;587
12;EUR/GBP;0;387
2;EUR/GBP;0.755678061697866;588
12;EUR/GBP;0;388
2;EUR/GBP;0.876611699513626;589
12;EUR/GBP;0;389
2;EUR/GBP;0.530734335564079;590
12;EUR/GBP;0.82603;390
2;EUR/GBP;0.549782419001907;591
12;EUR/GBP;0;391
2;EUR/GBP;0.186845936649654;592
12;EUR/GBP;0;392
2;EUR/GBP;0.699901548604877;593
12;EUR/GBP;0.83143;393
2;EUR/GBP;0.921836906460448;594
12;EUR/GBP;0;394
2;EUR/GBP;0.318998607910876;595
12;EUR/GBP;0;395
2;EUR/GBP;0.85409201396105;596
1;EUR/GBP;0.81383;596
12;EUR/GBP;0;396
2;EUR/GBP;0.866495794634167;597
0;EUR/GBP;0.81136;597
12;EUR/GBP;0;397
2;EUR/GBP;0.72689149372712;598
12;EUR/GBP;0;398
2;EUR/GBP;0.900766415215251;599
12;EUR/GBP;0;399
2;EUR/GBP;0.965786162735038;600
12;EUR/GBP;0;400
2;EUR/GBP;0.929664171628114;601
12;EUR/GBP;0;401
2;EUR/GBP;0.945058076758093;602
12;EUR/GBP;0;402
2;EUR/GBP;0.954385693729361;603
12;EUR/GBP;0;403
2;EUR/GBP;0.942105491542037;604
1;EUR/GBP;0.81038;604
12;EUR/GBP;0;404
2;EUR/GBP;0.974154005515408;605
12;EUR/GBP;0;405
2;EUR/GBP;0.934885077141781;606
12;EUR/GBP;0;406
2;EUR/GBP;0.922896347541124;607
12;EUR/GBP;0;407
2;EUR/GBP;0.922241791478585;608
12;EUR/GBP;0;408
2;EUR/GBP;0.503232868466876;609
12;EUR/GBP;0;409
2;EUR/GBP;0.6690162659491;610
12;EUR/GBP;0;410
2;EUR/GBP;0.96287331352368;611
12;EUR/GBP;0;411
2;EUR/GBP;0.660255458542297;612
12;EUR/GBP;0;412
2;EUR/GBP;0.928783850060964;613
12;EUR/GBP;0;413
2;EUR/GBP;0.781329865002165;614
12;EUR/GBP;0;414
2;EUR/GBP;0.291280199440308;615
12;EUR/GBP;0;415
2;EUR/GBP;0.570499144585007;616
12;EUR/GBP;0;416
2;EUR/GBP;0.488170999833339;617
12;EUR/GBP;0;417
2;EUR/GBP;0.36325192732076;618
12;EUR/GBP;0;418
2;EUR/GBP;0.255162743410325;619
0;EUR/GBP;0.81038;619
12;EUR/GBP;0;419
2;EUR/GBP;0.268499542066619;620
12;EUR/GBP;0;420
2;EUR/GBP;0.180280173203852;621
12;EUR/GBP;0;421
2;EUR/GBP;0.355608739645711;622
12;EUR/GBP;0;422
2;EUR/GBP;0.325044667870424;623
12;EUR/GBP;0;423
2;EUR/GBP;0.0381450180111697;624
12;EUR/GBP;0;424
2;EUR/GBP;0.0285561012675529;625
12;EUR/GBP;0;425
2;EUR/GBP;0.0343908882580009;626
12;EUR/GBP;0;426
2;EUR/GBP;0.0382792955298727;627
12;EUR/GBP;0;427
2;EUR/GBP;0.0362250376000782;628
12;EUR/GBP;0;428
2;EUR/GBP;0.0572594332596461;629
12;EUR/GBP;0.83098;429
2;EUR/GBP;0.0221621416861178;630
12;EUR/GBP;0;430
2;EUR/GBP;0.0239952202578523;631
12;EUR/GBP;0;431
2;EUR/GBP;0.0348746632374183;632
12;EUR/GBP;0;432
2;EUR/GBP;0.100065142244971;633
12;EUR/GBP;0;433
2;EUR/GBP;0.170895491066112;634
12;EUR/GBP;0;434
2;EUR/GBP;0.235132588171348;635
12;EUR/GBP;0;435
2;EUR/GBP;0.0741927141440658;636
12;EUR/GBP;0;436
2;EUR/GBP;0.103288088541513;637
12;EUR/GBP;0;437
2;EUR/GBP;0.364640015565064;638
12;EUR/GBP;0;438
2;EUR/GBP;0.412175562786425;639
12;EUR/GBP;0;439
2;EUR/GBP;0.767235531389255;640
12;EUR/GBP;0;440
2;EUR/GBP;0.614655675202844;641
12;EUR/GBP;0;441
2;EUR/GBP;0.581990876180081;642
12;EUR/GBP;0;442
2;EUR/GBP;0.535449624082795;643
12;EUR/GBP;0;443
2;EUR/GBP;0.160480617295934;644
12;EUR/GBP;0;444
2;EUR/GBP;0.497766504301838;645
12;EUR/GBP;0;445
2;EUR/GBP;0.64531665798746;646
12;EUR/GBP;0;446
2;EUR/GBP;0.439806450332246;647
12;EUR/GBP;0;447
2;EUR/GBP;0.510361292408904;648
12;EUR/GBP;0;448
2;EUR/GBP;0.439471853116136;649
12;EUR/GBP;0;449
2;EUR/GBP;0.665123185399067;650
12;EUR/GBP;0;450
2;EUR/GBP;0.800905207931443;651
12;EUR/GBP;0;451
2;EUR/GBP;0.340817487880641;652
1;EUR/GBP;0.81318;652
12;EUR/GBP;0;452
2;EUR/GBP;0.0771835870561423;653
12;EUR/GBP;0;453
2;EUR/GBP;0.061070831642397;654
12;EUR/GBP;0;454
2;EUR/GBP;0.0229887615488618;655
12;EUR/GBP;0;455
2;EUR/GBP;0.0256349406531063;656
12;EUR/GBP;0;456
2;EUR/GBP;0.0292138854766823;657
0;EUR/GBP;0.81318;657
12;EUR/GBP;0;457
2;EUR/GBP;0.0411293999896084;658
12;EUR/GBP;0;458
2;EUR/GBP;0.166849086866738;659
12;EUR/GBP;0;459
2;EUR/GBP;0.089795487529821;660
12;EUR/GBP;0;460
2;EUR/GBP;0.124339869033367;661
12;EUR/GBP;0;461
2;EUR/GBP;0.315657128691142;662
12;EUR/GBP;0;462
2;EUR/GBP;0.470405092739083;663
12;EUR/GBP;0;463
2;EUR/GBP;0.389091341391733;664
12;EUR/GBP;0;464
2;EUR/GBP;0.568531278963352;665
12;EUR/GBP;0;465
2;EUR/GBP;0.430710051574535;666
1;EUR/GBP;0.81252;666
12;EUR/GBP;0;466
2;EUR/GBP;0.529686894728322;667
12;EUR/GBP;0;467
2;EUR/GBP;0.36314535905173;668
12;EUR/GBP;0;468
2;EUR/GBP;0.222832257016486;669
12;EUR/GBP;0;469
2;EUR/GBP;0.151471981846831;670
12;EUR/GBP;0;470
2;EUR/GBP;0.553502338561775;671
12;EUR/GBP;0.81978;471
2;EUR/GBP;0.533687569731696;672
12;EUR/GBP;0;472
2;EUR/GBP;0.701041585331418;673
12;EUR/GBP;0;473
2;EUR/GBP;0.451450524418933;674
12;EUR/GBP;0;474
2;EUR/GBP;0.3092568716866;675
12;EUR/GBP;0;475
2;EUR/GBP;0.244698658323202;676
12;EUR/GBP;0;476
2;EUR/GBP;0.584955878478346;677
12;EUR/GBP;0.8246;477
2;EUR/GBP;0.62438667358594;678
12;EUR/GBP;0;478
2;EUR/GBP;0.453782449927294;679
12;EUR/GBP;0;479
2;EUR/GBP;0.831866395819652;680
12;EUR/GBP;0;480
2;EUR/GBP;0.700383306578339;681
12;EUR/GBP;0;481
2;EUR/GBP;0.6795677334974;682
12;EUR/GBP;0;482
2;EUR/GBP;0.926991531684334;683
12;EUR/GBP;0;483
2;EUR/GBP;0.94632322389376;684
12;EUR/GBP;0;484
2;EUR/GBP;0.867615603443396;685
12;EUR/GBP;0;485
2;EUR/GBP;0.709914915428619;686
12;EUR/GBP;0;486
2;EUR/GBP;0.328010757435858;687
0;EUR/GBP;0.80595;687
12;EUR/GBP;0;487
2;EUR/GBP;0.574700954827269;688
12;EUR/GBP;0;488
2;EUR/GBP;0.892272851256016;689
12;EUR/GBP;0;489
2;EUR/GBP;0.896918870445286;690
12;EUR/GBP;0;490
2;EUR/GBP;0.89109784724986;691
12;EUR/GBP;0;491
2;EUR/GBP;0.828984382247859;692
1;EUR/GBP;0.80636;692
0;EUR/GBP;0.80472;692
12;EUR/GBP;0;492
2;EUR/GBP;0.724695375148203;693
12;EUR/GBP;0.82173;493
2;EUR/GBP;0.911308096901229;694
12;EUR/GBP;0;494
2;EUR/GBP;0.806980700267369;695
12;EUR/GBP;0;495
2;EUR/GBP;0.809498102472621;696
1;EUR/GBP;0.80565;696
0;EUR/GBP;0.80272;696
12;EUR/GBP;0;496
2;EUR/GBP;0.929074745974516;697
12;EUR/GBP;0;497
2;EUR/GBP;0.875565769960705;698
12;EUR/GBP;0;498
2;EUR/GBP;0.858768045027043;699
12;EUR/GBP;0;499
2;EUR/GBP;0.905043981844859;700
12;EUR/GBP;0.82586;500
2;EUR/GBP;0.944889265350204;701
12;EUR/GBP;0;501
2;EUR/GBP;0.955725328551538;702
12;EUR/GBP;0;502
2;EUR/GBP;0.948708279433991;703
12;EUR/GBP;0;503
2;EUR/GBP;0.953470789603212;704
12;EUR/GBP;0;504
2;EUR/GBP;0.925148982454699;705
12;EUR/GBP;0;505
2;EUR/GBP;0.963997832733653;706
1;EUR/GBP;0.79764;706
12;EUR/GBP;0.8196;506
2;EUR/GBP;0.942261326319453;707
12;EUR/GBP;0;507
2;EUR/GBP;0.926401855286399;708
12;EUR/GBP;0;508
2;EUR/GBP;0.935554381368022;709
12;EUR/GBP;0;509
2;EUR/GBP;0.814076390239169;710
12;EUR/GBP;0;510
2;EUR/GBP;0.648226552359066;711
12;EUR/GBP;0;511
2;EUR/GBP;0.790844677643107;712
12;EUR/GBP;0;512
2;EUR/GBP;0.823420970505576;713
12;EUR/GBP;0;513
2;EUR/GBP;0.8047476449877;714
12;EUR/GBP;0;514
2;EUR/GBP;0.705524836375647;715
12;EUR/GBP;0;515
2;EUR/GBP;0.912153192869431;716
12;EUR/GBP;0;516
2;EUR/GBP;0.938841683594541;717
12;EUR/GBP;0;517
2;EUR/GBP;0.622783017036368;718
12;EUR/GBP;0;518
2;EUR/GBP;0.39892804305311;719
12;EUR/GBP;0;519
2;EUR/GBP;0.336887186247211;720
12;EUR/GBP;0;520
2;EUR/GBP;0.0567406872624497;721
12;EUR/GBP;0;521
2;EUR/GBP;0.0991795148296989;722
12;EUR/GBP;0;522
2;EUR/GBP;0.0415576784691217;723
12;EUR/GBP;0;523
2;EUR/GBP;0.0479038664802988;724
12;EUR/GBP;0;524
2;EUR/GBP;0.789889312727793;725
12;EUR/GBP;0.82325;525
2;EUR/GBP;0.275878449358878;726
12;EUR/GBP;0;526
2;EUR/GBP;0.334657087454944;727
12;EUR/GBP;0;527
2;EUR/GBP;0.577197965884643;728
12;EUR/GBP;0;528
2;EUR/GBP;0.716225354767044;729
0;EUR/GBP;0.79764;729
12;EUR/GBP;0;529
2;EUR/GBP;0.909335089482948;730
12;EUR/GBP;0;530
2;EUR/GBP;0.894134429607072;731
12;EUR/GBP;0;531
2;EUR/GBP;0.147262125602827;732
12;EUR/GBP;0;532
2;EUR/GBP;0.845453767313752;733
12;EUR/GBP;0;533
2;EUR/GBP;0.452121493116099;734
12;EUR/GBP;0;534
2;EUR/GBP;0.400622853258493;735
12;EUR/GBP;0;535
2;EUR/GBP;0.40470217105697;736
12;EUR/GBP;0;536
2;EUR/GBP;0.143750215228751;737
12;EUR/GBP;0;537
2;EUR/GBP;0.200916086680991;738
12;EUR/GBP;0;538
2;EUR/GBP;0.112350728442056;739
12;EUR/GBP;0;539
2;EUR/GBP;0.231439167495202;740
12;EUR/GBP;0;540
2;EUR/GBP;0.239422295190679;741
12;EUR/GBP;0;541
2;EUR/GBP;0.0999387909285593;742
12;EUR/GBP;0;542
2;EUR/GBP;0.015690967237745;743
12;EUR/GBP;0;543
2;EUR/GBP;0.0375224680717433;744
12;EUR/GBP;0;544
2;EUR/GBP;0.0170679171150745;745
12;EUR/GBP;0;545
2;EUR/GBP;0.0278069888023805;746
12;EUR/GBP;0;546
2;EUR/GBP;0.0115554382361953;747
12;EUR/GBP;0;547
2;EUR/GBP;0.0189706049123038;748
12;EUR/GBP;0;548
2;EUR/GBP;0.0610760933093158;749
12;EUR/GBP;0;549
2;EUR/GBP;0.0227746608400547;750
12;EUR/GBP;0;550
2;EUR/GBP;0.0623416034288014;751
12;EUR/GBP;0;551
2;EUR/GBP;0.0267590449739645;752
12;EUR/GBP;0;552
2;EUR/GBP;0.229884999692614;753
12;EUR/GBP;0;553
2;EUR/GBP;0.30474800488877;754
12;EUR/GBP;0;554
2;EUR/GBP;0.855839163266542;755
12;EUR/GBP;0;555
2;EUR/GBP;0.565700436797406;756
12;EUR/GBP;0;556
2;EUR/GBP;0.924571122409743;757
12;EUR/GBP;0;557
2;EUR/GBP;0.935890660399059;758
12;EUR/GBP;0;558
2;EUR/GBP;0.897129732911244;759
12;EUR/GBP;0;559
2;EUR/GBP;0.953679577994028;760
1;EUR/GBP;0.80008;760
12;EUR/GBP;0;560
2;EUR/GBP;0.600138031192854;761
12;EUR/GBP;0;561
2;EUR/GBP;0.275213721980296;762
12;EUR/GBP;0;562
2;EUR/GBP;0.611897370620267;763
12;EUR/GBP;0;563
2;EUR/GBP;0.116287898955972;764
12;EUR/GBP;0;564
2;EUR/GBP;0.0741404795029569;765
12;EUR/GBP;0;565
2;EUR/GBP;0.0576887496828605;766
0;EUR/GBP;0.80007;766
12;EUR/GBP;0;566
2;EUR/GBP;0.146044816223767;767
12;EUR/GBP;0;567
2;EUR/GBP;0.37117509950829;768
12;EUR/GBP;0;568
2;EUR/GBP;0.0545848521085997;769
12;EUR/GBP;0;569
2;EUR/GBP;0.276954679968633;770
12;EUR/GBP;0;570
2;EUR/GBP;0.685933361830494;771
12;EUR/GBP;0;571
2;EUR/GBP;0.834774542841901;772
12;EUR/GBP;0;572
2;EUR/GBP;0.842720418756205;773
12;EUR/GBP;0;573
2;EUR/GBP;0.959701463389882;774
12;EUR/GBP;0;574
2;EUR/GBP;0.939457781994757;775
12;EUR/GBP;0;575
2;EUR/GBP;0.979713120193751;776
12;EUR/GBP;0;576
2;EUR/GBP;0.967508361450744;777
12;EUR/GBP;0;577
2;EUR/GBP;0.989012300415687;778
12;EUR/GBP;0;578
2;EUR/GBP;0.973557233529338;779
12;EUR/GBP;0;579
2;EUR/GBP;0.975038642043042;780
12;EUR/GBP;0;580
2;EUR/GBP;0.962428558201892;781
12;EUR/GBP;0;581
2;EUR/GBP;0.986587789408347;782
12;EUR/GBP;0;582
2;EUR/GBP;0.973093933970786;783
1;EUR/GBP;0.79641;783
12;EUR/GBP;0;583
2;EUR/GBP;0.735409538069985;784
0;EUR/GBP;0.79453;784
12;EUR/GBP;0;584
2;EUR/GBP;0.919603833232528;785
12;EUR/GBP;0;585
2;EUR/GBP;0.735749393104088;786
12;EUR/GBP;0;586
2;EUR/GBP;0.945958566861409;787
12;EUR/GBP;0;587
2;EUR/GBP;0.976895396527306;788
12;EUR/GBP;0;588
2;EUR/GBP;0.938270137693587;789
12;EUR/GBP;0;589
2;EUR/GBP;0.971135773721349;790
12;EUR/GBP;0;590
2;EUR/GBP;0.979975324631676;791
12;EUR/GBP;0;591
2;EUR/GBP;0.970619201588243;792
12;EUR/GBP;0;592
2;EUR/GBP;0.940814081604375;793
12;EUR/GBP;0;593
2;EUR/GBP;0.987946048551359;794
1;EUR/GBP;0.79245;794
12;EUR/GBP;0;594
2;EUR/GBP;0.930221306065441;795
12;EUR/GBP;0;595
2;EUR/GBP;0.930906239871875;796
12;EUR/GBP;0;596
2;EUR/GBP;0.808370516373855;797
12;EUR/GBP;0;597
2;EUR/GBP;0.688822340840707;798
12;EUR/GBP;0;598
2;EUR/GBP;0.389188135504425;799
12;EUR/GBP;0;599
2;EUR/GBP;0.368249275222729;800
12;EUR/GBP;0;600
2;EUR/GBP;0.306504285790652;801
12;EUR/GBP;0;601
2;EUR/GBP;0.130393193607145;802
12;EUR/GBP;0;602
2;EUR/GBP;0.0297394073766664;803
12;EUR/GBP;0;603
2;EUR/GBP;0.0245648580122417;804
12;EUR/GBP;0;604
2;EUR/GBP;0.0307900411797616;805
12;EUR/GBP;0;605
2;EUR/GBP;0.0225052892284612;806
12;EUR/GBP;0;606
2;EUR/GBP;0.0180466841228515;807
12;EUR/GBP;0;607
2;EUR/GBP;0.0235031840503145;808
12;EUR/GBP;0.80814;608
2;EUR/GBP;0.0570747645804239;809
12;EUR/GBP;0;609
2;EUR/GBP;0.0136072044423987;810
12;EUR/GBP;0;610
2;EUR/GBP;0.0413187237355768;811
12;EUR/GBP;0;611
2;EUR/GBP;0.0723121789229601;812
12;EUR/GBP;0;612
2;EUR/GBP;0.119831322332467;813
12;EUR/GBP;0;613
2;EUR/GBP;0.123076972313631;814
12;EUR/GBP;0;614
2;EUR/GBP;0.592258516529849;815
12;EUR/GBP;0;615
2;EUR/GBP;0.344693868728098;816
12;EUR/GBP;0;616
2;EUR/GBP;0.180707780813668;817
12;EUR/GBP;0;617
2;EUR/GBP;0.379526990663931;818
12;EUR/GBP;0;618
2;EUR/GBP;0.86804654826152;819
12;EUR/GBP;0;619
2;EUR/GBP;0.777558658569526;820
12;EUR/GBP;0;620
2;EUR/GBP;0.675716233286985;821
12;EUR/GBP;0;621
2;EUR/GBP;0.148107563452095;822
12;EUR/GBP;0;622
2;EUR/GBP;0.0879615989151752;823
12;EUR/GBP;0;623
2;EUR/GBP;0.140038812882091;824
12;EUR/GBP;0;624
2;EUR/GBP;0.206508004044967;825
12;EUR/GBP;0;625
2;EUR/GBP;0.0535027265660578;826
12;EUR/GBP;0;626
2;EUR/GBP;0.0192649159425066;827
12;EUR/GBP;0;627
2;EUR/GBP;0.0108236774712777;828
12;EUR/GBP;0;628
2;EUR/GBP;0.00547791671269006;829
12;EUR/GBP;0;629
2;EUR/GBP;0.0220847018945913;830
12;EUR/GBP;0;630
2;EUR/GBP;0.0260478895778086;831
0;EUR/GBP;0.79339;831
12;EUR/GBP;0;631
2;EUR/GBP;0.0345980400083652;832
12;EUR/GBP;0;632
2;EUR/GBP;0.0264733235327336;833
12;EUR/GBP;0.81524;633
2;EUR/GBP;0.222253996845727;834
12;EUR/GBP;0;634
2;EUR/GBP;0.764839398875642;835
12;EUR/GBP;0;635
2;EUR/GBP;0.956890513420322;836
12;EUR/GBP;0;636
2;EUR/GBP;0.971284096917171;837
12;EUR/GBP;0;637
2;EUR/GBP;0.993833642039479;838
12;EUR/GBP;0;638
2;EUR/GBP;0.995444980244207;839
12;EUR/GBP;0;639
2;EUR/GBP;0.981827714414773;840
12;EUR/GBP;0;640
2;EUR/GBP;0.985102133292556;841
12;EUR/GBP;0;641
2;EUR/GBP;0.99278393515001;842
12;EUR/GBP;0;642
2;EUR/GBP;0.995398847951034;843
1;EUR/GBP;0.79097;843
12;EUR/GBP;0;643
2;EUR/GBP;0.975121062460007;844
12;EUR/GBP;0;644
2;EUR/GBP;0.961895924038039;845
12;EUR/GBP;0;645
2;EUR/GBP;0.520041308194382;846
12;EUR/GBP;0;646
2;EUR/GBP;0.297386104113585;847
12;EUR/GBP;0;647
2;EUR/GBP;0.6278943130007;848
12;EUR/GBP;0;648
2;EUR/GBP;0.237269248402832;849
12;EUR/GBP;0;649
2;EUR/GBP;0.110125679300662;850
12;EUR/GBP;0.81052;650
2;EUR/GBP;0.0400377738690949;851
12;EUR/GBP;0;651
2;EUR/GBP;0.0585937230990213;852
12;EUR/GBP;0;652
2;EUR/GBP;0.0357114246760069;853
12;EUR/GBP;0;653
2;EUR/GBP;0.0675857617778217;854
12;EUR/GBP;0;654
2;EUR/GBP;0.0108433613905477;855
12;EUR/GBP;0;655
2;EUR/GBP;0.00998593791198367;856
12;EUR/GBP;0.81496;656
2;EUR/GBP;0.0122486712039037;857
12;EUR/GBP;0;657
2;EUR/GBP;0.0193992553341586;858
12;EUR/GBP;0;658
2;EUR/GBP;0.0207147425584709;859
12;EUR/GBP;0;659
2;EUR/GBP;0.0257892309350561;860
12;EUR/GBP;0;660
2;EUR/GBP;0.210292556106084;861
0;EUR/GBP;0.79097;861
12;EUR/GBP;0;661
2;EUR/GBP;0.379787863983958;862
12;EUR/GBP;0;662
2;EUR/GBP;0.681569998635095;863
12;EUR/GBP;0;663
2;EUR/GBP;0.657493988206717;864
12;EUR/GBP;0;664
2;EUR/GBP;0.888435933178346;865
12;EUR/GBP;0;665
2;EUR/GBP;0.978821575537245;866
12;EUR/GBP;0;666
2;EUR/GBP;0.975355588592591;867
12;EUR/GBP;0;667
2;EUR/GBP;0.963453139570308;868
1;EUR/GBP;0.79076;868
12;EUR/GBP;0;668
2;EUR/GBP;0.945512576999402;869
12;EUR/GBP;0;669
2;EUR/GBP;0.886029582344049;870
12;EUR/GBP;0;670
2;EUR/GBP;0.297104815810136;871
12;EUR/GBP;0;671
2;EUR/GBP;0.740129747890419;872
12;EUR/GBP;0;672
2;EUR/GBP;0.34478123191631;873
12;EUR/GBP;0;673
2;EUR/GBP;0.502247048413982;874
12;EUR/GBP;0;674
2;EUR/GBP;0.0743186874940354;875
12;EUR/GBP;0;675
2;EUR/GBP;0.0209078228453806;876
12;EUR/GBP;0;676
2;EUR/GBP;0.00837422303354789;877
12;EUR/GBP;0;677
2;EUR/GBP;0.0139105709895797;878
12;EUR/GBP;0;678
2;EUR/GBP;0.00831927819474192;879
12;EUR/GBP;0;679
2;EUR/GBP;0.0106027948492609;880
0;EUR/GBP;0.79076;880
12;EUR/GBP;0;680
2;EUR/GBP;0.0309634015548205;881
12;EUR/GBP;0;681
2;EUR/GBP;0.0229962088235646;882
12;EUR/GBP;0;682
2;EUR/GBP;0.148259781650529;883
12;EUR/GBP;0;683
2;EUR/GBP;0.530542625745008;884
12;EUR/GBP;0;684
2;EUR/GBP;0.77451154483;885
12;EUR/GBP;0;685
2;EUR/GBP;0.810964799242459;886
12;EUR/GBP;0;686
2;EUR/GBP;0.686461129604014;887
12;EUR/GBP;0;687
2;EUR/GBP;0.39628728481637;888
12;EUR/GBP;0;688
2;EUR/GBP;0.396553720362159;889
12;EUR/GBP;0;689
2;EUR/GBP;0.698461780493974;890
12;EUR/GBP;0;690
2;EUR/GBP;0.648056411896088;891
12;EUR/GBP;0;691
2;EUR/GBP;0.540821537197804;892
12;EUR/GBP;0;692
2;EUR/GBP;0.123015465897051;893
12;EUR/GBP;0;693
2;EUR/GBP;0.110644787570281;894
12;EUR/GBP;0;694
2;EUR/GBP;0.0949338439955309;895
12;EUR/GBP;0;695
2;EUR/GBP;0.249161658387725;896
12;EUR/GBP;0;696
2;EUR/GBP;0.173240522331864;897
12;EUR/GBP;0;697
2;EUR/GBP;0.299279174547045;898
12;EUR/GBP;0;698
2;EUR/GBP;0.114279260472454;899
12;EUR/GBP;0;699
2;EUR/GBP;0.163355407521409;900
12;EUR/GBP;0;700
2;EUR/GBP;0.0373068717075059;901
12;EUR/GBP;0;701
2;EUR/GBP;0.0713552545562455;902
12;EUR/GBP;0;702
2;EUR/GBP;0.0808050903580309;903
12;EUR/GBP;0.79589;703
2;EUR/GBP;0.0174967051496142;904
12;EUR/GBP;0;704
2;EUR/GBP;0.0203858607035609;905
12;EUR/GBP;0;705
2;EUR/GBP;0.0122932686798639;906
12;EUR/GBP;0;706
2;EUR/GBP;0.0341909963887011;907
12;EUR/GBP;0;707
2;EUR/GBP;0.0386327724334608;908
12;EUR/GBP;0;708
2;EUR/GBP;0.0134863875828793;909
12;EUR/GBP;0;709
2;EUR/GBP;0.0204570415875457;910
12;EUR/GBP;0.80088;710
2;EUR/GBP;0.0181513915442525;911
12;EUR/GBP;0;711
2;EUR/GBP;0.00554555632411144;912
12;EUR/GBP;0;712
2;EUR/GBP;0.00351467298616808;913
12;EUR/GBP;0;713
2;EUR/GBP;0.00794055701234352;914
12;EUR/GBP;0;714
2;EUR/GBP;0.0126314527507313;915
12;EUR/GBP;0;715
2;EUR/GBP;0.0815930413776787;916
12;EUR/GBP;0.7969;716
2;EUR/GBP;0.402661120991717;917
12;EUR/GBP;0;717
2;EUR/GBP;0.147696025045419;918
12;EUR/GBP;0;718
2;EUR/GBP;0.643957612667619;919
12;EUR/GBP;0;719
2;EUR/GBP;0.603905401150584;920
12;EUR/GBP;0;720
2;EUR/GBP;0.945018407880474;921
12;EUR/GBP;0;721
2;EUR/GBP;0.952118622581172;922
12;EUR/GBP;0.80248;722
2;EUR/GBP;0.974493398214586;923
12;EUR/GBP;0;723
2;EUR/GBP;0.93051420147927;924
12;EUR/GBP;0;724
2;EUR/GBP;0.967095753566137;925
12;EUR/GBP;0;725
2;EUR/GBP;0.970872147375687;926
12;EUR/GBP;0;726
2;EUR/GBP;0.985274275766971;927
12;EUR/GBP;0;727
2;EUR/GBP;0.951093248906718;928
1;EUR/GBP;0.7928;928
12;EUR/GBP;0;728
2;EUR/GBP;0.921868737469755;929
12;EUR/GBP;0.79686;729
2;EUR/GBP;0.313728651665026;930
12;EUR/GBP;0;730
2;EUR/GBP;0.140743891854109;931
12;EUR/GBP;0;731
2;EUR/GBP;0.15287474143982;932
12;EUR/GBP;0;732
2;EUR/GBP;0.077977912513663;933
12;EUR/GBP;0;733
2;EUR/GBP;0.233867316756021;934
12;EUR/GBP;0;734
2;EUR/GBP;0.0420217119070721;935
12;EUR/GBP;0;735
2;EUR/GBP;0.134182366916823;936
12;EUR/GBP;0;736
2;EUR/GBP;0.44021852912518;937
12;EUR/GBP;0;737
2;EUR/GBP;0.309132020763492;938
12;EUR/GBP;0;738
2;EUR/GBP;0.374705811679459;939
12;EUR/GBP;0;739
2;EUR/GBP;0.133252140201935;940
12;EUR/GBP;0;740
2;EUR/GBP;0.0273967645829886;941
12;EUR/GBP;0;741
2;EUR/GBP;0.0162870048745497;942
12;EUR/GBP;0;742
2;EUR/GBP;0.0213182164861401;943
12;EUR/GBP;0;743
2;EUR/GBP;0.0104854873731348;944
12;EUR/GBP;0;744
2;EUR/GBP;0.0406014647947702;945
12;EUR/GBP;0;745
2;EUR/GBP;0.226370847229712;946
12;EUR/GBP;0;746
2;EUR/GBP;0.094970259044182;947
12;EUR/GBP;0;747
2;EUR/GBP;0.417790553031023;948
12;EUR/GBP;0.80335;748
2;EUR/GBP;0.372190976186447;949
12;EUR/GBP;0;749
2;EUR/GBP;0.338364750063406;950
12;EUR/GBP;0;750
2;EUR/GBP;0.8941871406436;951
12;EUR/GBP;0;751
2;EUR/GBP;0.675501230503148;952
12;EUR/GBP;0;752
2;EUR/GBP;0.86792020707057;953
12;EUR/GBP;0.79825;753
2;EUR/GBP;0.860627026262254;954
12;EUR/GBP;0;754
2;EUR/GBP;0.957929563055855;955
12;EUR/GBP;0;755
2;EUR/GBP;0.949819692229198;956
12;EUR/GBP;0;756
2;EUR/GBP;0.988585410253727;957
0;EUR/GBP;0.79273;957
12;EUR/GBP;0;757
2;EUR/GBP;0.955837086870711;958
1;EUR/GBP;0.79987;958
12;EUR/GBP;0;758
2;EUR/GBP;0.58463039822978;959
12;EUR/GBP;0;759
2;EUR/GBP;0.0381758681867327;960
12;EUR/GBP;0;760
2;EUR/GBP;0.0153311331283426;961
12;EUR/GBP;0;761
2;EUR/GBP;0.0128249225477863;962
12;EUR/GBP;0;762
2;EUR/GBP;0.00849628993956604;963
12;EUR/GBP;0;763
2;EUR/GBP;0.00832255992251808;964
12;EUR/GBP;0.80273;764
2;EUR/GBP;0.0106005542719875;965
12;EUR/GBP;0;765
2;EUR/GBP;0.00806758458854608;966
12;EUR/GBP;0;766
2;EUR/GBP;0.0165611458980928;967
12;EUR/GBP;0;767
2;EUR/GBP;0.120764556161272;968
12;EUR/GBP;0;768
2;EUR/GBP;0.271623890539867;969
12;EUR/GBP;0;769
2;EUR/GBP;0.0924426954848944;970
12;EUR/GBP;0;770
2;EUR/GBP;0.0569610485223455;971
12;EUR/GBP;0;771
2;EUR/GBP;0.0315959767203161;972
12;EUR/GBP;0;772
2;EUR/GBP;0.145550168289561;973
12;EUR/GBP;0;773
2;EUR/GBP;0.575709530347777;974
0;EUR/GBP;0.79986;974
12;EUR/GBP;0;774
2;EUR/GBP;0.575485326435738;975
12;EUR/GBP;0;775
2;EUR/GBP;0.577785558163103;976
12;EUR/GBP;0;776
2;EUR/GBP;0.755637502918488;977
12;EUR/GBP;0;777
2;EUR/GBP;0.811972843022179;978
12;EUR/GBP;0;778
2;EUR/GBP;0.90377220280601;979
12;EUR/GBP;0;779
2;EUR/GBP;0.963865829330991;980
12;EUR/GBP;0;780
2;EUR/GBP;0.951302403753881;981
12;EUR/GBP;0;781
2;EUR/GBP;0.808642077875662;982
1;EUR/GBP;0.80234;982
12;EUR/GBP;0;782
2;EUR/GBP;0.120563260556932;983
12;EUR/GBP;0;783
2;EUR/GBP;0.0375001803526186;984
0;EUR/GBP;0.80164;984
12;EUR/GBP;0;784
2;EUR/GBP;0.0152652675993798;985
12;EUR/GBP;0;785
2;EUR/GBP;0.0479341073245303;986
12;EUR/GBP;0;786
2;EUR/GBP;0.0422722964260774;987
12;EUR/GBP;0;787
2;EUR/GBP;0.552271874334121;988
12;EUR/GBP;0;788
2;EUR/GBP;0.666947640890676;989
12;EUR/GBP;0;789
2;EUR/GBP;0.1312363200011;990
12;EUR/GBP;0;790
2;EUR/GBP;0.219354159944241;991
12;EUR/GBP;0;791
2;EUR/GBP;0.889533595682086;992
12;EUR/GBP;0;792
2;EUR/GBP;0.922406894988802;993
1;EUR/GBP;0.80019;993
12;EUR/GBP;0.79147;793
2;EUR/GBP;0.79152524567698;994
12;EUR/GBP;0;794
2;EUR/GBP;0.603729226683574;995
12;EUR/GBP;0;795
2;EUR/GBP;0.0473190732445322;996
