9;GBP/CHF;0.659606935292;101
8;GBP/CHF;-0.00226238700616507;100
9;GBP/CHF;0.392334198556;102
8;GBP/CHF;-0.00110519136369831;101
9;GBP/CHF;0.105584257626;103
8;GBP/CHF;-0.000898982782539209;102
9;GBP/CHF;0.0592581580493;104
8;GBP/CHF;-0.000619269935327816;103
9;GBP/CHF;-0.0597227389604;105
8;GBP/CHF;-0.000975960369082329;104
9;GBP/CHF;-0.110350787177;106
8;GBP/CHF;-6.1986246436918E-05;105
9;GBP/CHF;-0.0453301966094;107
8;GBP/CHF;-3.57976333212364E-05;106
9;GBP/CHF;-0.0186563517467;108
8;GBP/CHF;-6.8790931281852E-05;107
9;GBP/CHF;-0.0357115902986;109
8;GBP/CHF;-0.000774377642426151;108
9;GBP/CHF;-0.146968733158;110
8;GBP/CHF;-0.000315800063545197;109
9;GBP/CHF;-0.164036234851;111
8;GBP/CHF;0.00062861340818952;110
9;GBP/CHF;-0.164321788314;112
8;GBP/CHF;0.0007284580565684;111
9;GBP/CHF;-0.282777825601;113
8;GBP/CHF;0.000703302258407775;112
9;GBP/CHF;-0.290120170712;114
8;GBP/CHF;0.00133468672801651;113
9;GBP/CHF;-0.165290771809;115
8;GBP/CHF;0.000864848346853449;114
9;GBP/CHF;-0.154700880934;116
8;GBP/CHF;-0.000164871409644487;115
9;GBP/CHF;-0.157214517007;117
8;GBP/CHF;-0.000659622140061435;116
9;GBP/CHF;-0.182664593976;118
8;GBP/CHF;-0.000751469992451948;117
9;GBP/CHF;-0.509227246418;119
8;GBP/CHF;0.000102827413310805;118
9;GBP/CHF;-0.182078805914;120
8;GBP/CHF;0.000624273760175991;119
9;GBP/CHF;-0.558138790675;121
8;GBP/CHF;0.00165898811804758;120
9;GBP/CHF;-0.477410432731;122
8;GBP/CHF;0.00191921252730586;121
9;GBP/CHF;-0.152546138958;123
8;GBP/CHF;0.00266203005047299;122
9;GBP/CHF;-0.0145930390671;124
8;GBP/CHF;0.00179437038258434;123
9;GBP/CHF;-0.0387753322955;125
8;GBP/CHF;0.00210807256569714;124
9;GBP/CHF;-0.0135998714798;126
8;GBP/CHF;0.00124069118086482;125
9;GBP/CHF;-0.434133846374;127
8;GBP/CHF;0.000918140986005843;126
9;GBP/CHF;-0.570735029852;128
8;GBP/CHF;0.000156130682515415;127
9;GBP/CHF;-0.311364079372;129
8;GBP/CHF;-0.000428366151499136;128
9;GBP/CHF;-0.352559027044;130
8;GBP/CHF;-0.000884401159924173;129
9;GBP/CHF;-0.0650599800763;131
8;GBP/CHF;-0.000275195510150146;130
9;GBP/CHF;-0.260127165163;132
8;GBP/CHF;4.20654118702618E-05;131
9;GBP/CHF;-0.683529030637;133
8;GBP/CHF;0.000688235654499063;132
9;GBP/CHF;-0.410921783706;134
8;GBP/CHF;0.00128235577785033;133
9;GBP/CHF;-0.497826226488;135
8;GBP/CHF;0.0012757655413333;134
9;GBP/CHF;-0.362653072954;136
8;GBP/CHF;0.000543248511042447;135
9;GBP/CHF;-0.171814224824;137
8;GBP/CHF;1.49243100119456E-05;136
9;GBP/CHF;-0.0271129102895;138
8;GBP/CHF;-0.000595972213607486;137
9;GBP/CHF;0.011903404235;139
8;GBP/CHF;9.33110215212161E-05;138
9;GBP/CHF;0.030414788223;140
8;GBP/CHF;0.000250125940575281;139
9;GBP/CHF;0.00199892841714;141
8;GBP/CHF;-0.000217934986251608;140
9;GBP/CHF;0.0006872888009;142
8;GBP/CHF;0.000571711526156026;141
9;GBP/CHF;0.000353848628518;143
8;GBP/CHF;-0.000536537483769792;142
9;GBP/CHF;0.00175233483204;144
8;GBP/CHF;-0.00128992013860509;143
9;GBP/CHF;0.00616019179224;145
8;GBP/CHF;-0.00197297438520218;144
9;GBP/CHF;0.00351099232885;146
8;GBP/CHF;-0.00131125735092939;145
9;GBP/CHF;0.334296282414;147
8;GBP/CHF;-0.000894868212008418;146
9;GBP/CHF;0.624810646969;148
8;GBP/CHF;0.000299008570641156;147
9;GBP/CHF;0.501877888555;149
8;GBP/CHF;0.000361636708120519;148
9;GBP/CHF;0.304706344654;150
8;GBP/CHF;0.000929844806416951;149
9;GBP/CHF;0.0265357528641;151
8;GBP/CHF;0.00200484573994409;150
