12;GBP/USD;0;-200
12;GBP/USD;0;-199
12;GBP/USD;0;-198
12;GBP/USD;0;-197
12;GBP/USD;0;-196
12;GBP/USD;0;-195
12;GBP/USD;0;-194
12;GBP/USD;0;-193
12;GBP/USD;0;-192
12;GBP/USD;0;-191
12;GBP/USD;0;-190
12;GBP/USD;0;-189
12;GBP/USD;0;-188
12;GBP/USD;0;-187
12;GBP/USD;0;-186
12;GBP/USD;0;-185
12;GBP/USD;0;-184
12;GBP/USD;0;-183
12;GBP/USD;0;-182
12;GBP/USD;0;-181
12;GBP/USD;0;-180
12;GBP/USD;0;-179
12;GBP/USD;0;-178
12;GBP/USD;0;-177
12;GBP/USD;0;-176
12;GBP/USD;0;-175
12;GBP/USD;0;-174
12;GBP/USD;0;-173
12;GBP/USD;0;-172
12;GBP/USD;0;-171
12;GBP/USD;0;-170
12;GBP/USD;0;-169
12;GBP/USD;0;-168
12;GBP/USD;0;-167
12;GBP/USD;0;-166
12;GBP/USD;0;-165
12;GBP/USD;0;-164
12;GBP/USD;0;-163
12;GBP/USD;0;-162
12;GBP/USD;0;-161
12;GBP/USD;0;-160
12;GBP/USD;0;-159
12;GBP/USD;0;-158
12;GBP/USD;0;-157
1;GBP/USD;1.65064;44
12;GBP/USD;0;-156
12;GBP/USD;0;-155
0;GBP/USD;1.63754;46
12;GBP/USD;0;-154
12;GBP/USD;0;-153
12;GBP/USD;0;-152
12;GBP/USD;0;-151
12;GBP/USD;0;-150
12;GBP/USD;0;-149
1;GBP/USD;1.64268;52
12;GBP/USD;0;-148
12;GBP/USD;0;-147
12;GBP/USD;0;-146
12;GBP/USD;0;-145
12;GBP/USD;0;-144
12;GBP/USD;0;-143
0;GBP/USD;1.63391;58
12;GBP/USD;0;-142
12;GBP/USD;0;-141
12;GBP/USD;0;-140
12;GBP/USD;0;-139
12;GBP/USD;0;-138
12;GBP/USD;0;-137
12;GBP/USD;0;-136
12;GBP/USD;0;-135
12;GBP/USD;0;-134
1;GBP/USD;1.63471;67
12;GBP/USD;0;-133
12;GBP/USD;0;-132
0;GBP/USD;1.6309;69
12;GBP/USD;0;-131
1;GBP/USD;1.64418;70
12;GBP/USD;0;-130
12;GBP/USD;0;-129
0;GBP/USD;1.64208;72
12;GBP/USD;0;-128
12;GBP/USD;0;-127
12;GBP/USD;0;-126
12;GBP/USD;0;-125
12;GBP/USD;0;-124
12;GBP/USD;0;-123
12;GBP/USD;0;-122
12;GBP/USD;0;-121
12;GBP/USD;0;-120
12;GBP/USD;0;-119
12;GBP/USD;0;-118
12;GBP/USD;0;-117
12;GBP/USD;0;-116
12;GBP/USD;0;-115
12;GBP/USD;0;-114
12;GBP/USD;0;-113
12;GBP/USD;0;-112
12;GBP/USD;0;-111
12;GBP/USD;0;-110
12;GBP/USD;0;-109
12;GBP/USD;0;-108
12;GBP/USD;0;-107
12;GBP/USD;0;-106
12;GBP/USD;0;-105
12;GBP/USD;0;-104
12;GBP/USD;0;-103
12;GBP/USD;0;-102
12;GBP/USD;0;-101
12;GBP/USD;0;-100
12;GBP/USD;0;-99
12;GBP/USD;0;-98
12;GBP/USD;0;-97
12;GBP/USD;0;-96
12;GBP/USD;0;-95
1;GBP/USD;1.65629;106
12;GBP/USD;0;-94
12;GBP/USD;0;-93
12;GBP/USD;0;-92
12;GBP/USD;0;-91
12;GBP/USD;0;-90
0;GBP/USD;1.65624;111
12;GBP/USD;0;-89
12;GBP/USD;0;-88
12;GBP/USD;0;-87
12;GBP/USD;0;-86
12;GBP/USD;0;-85
12;GBP/USD;0;-84
12;GBP/USD;0;-83
12;GBP/USD;0;-82
12;GBP/USD;0;-81
12;GBP/USD;0;-80
12;GBP/USD;0;-79
12;GBP/USD;0;-78
12;GBP/USD;0;-77
12;GBP/USD;0;-76
12;GBP/USD;0;-75
12;GBP/USD;0;-74
12;GBP/USD;0;-73
12;GBP/USD;0;-72
12;GBP/USD;0;-71
12;GBP/USD;0;-70
12;GBP/USD;0;-69
12;GBP/USD;0;-68
12;GBP/USD;0;-67
12;GBP/USD;0;-66
12;GBP/USD;0;-65
12;GBP/USD;0;-64
12;GBP/USD;0;-63
12;GBP/USD;0;-62
12;GBP/USD;0;-61
12;GBP/USD;0;-60
12;GBP/USD;0;-59
1;GBP/USD;1.63191;142
12;GBP/USD;0;-58
12;GBP/USD;0;-57
12;GBP/USD;0;-56
12;GBP/USD;0;-55
12;GBP/USD;0;-54
12;GBP/USD;0;-53
12;GBP/USD;0;-52
12;GBP/USD;0;-51
12;GBP/USD;0;-50
12;GBP/USD;0;-49
12;GBP/USD;0;-48
12;GBP/USD;0;-47
12;GBP/USD;0;-46
12;GBP/USD;0;-45
12;GBP/USD;0;-44
0;GBP/USD;1.6319;157
12;GBP/USD;0;-43
12;GBP/USD;0;-42
12;GBP/USD;0;-41
12;GBP/USD;0;-40
12;GBP/USD;0;-39
12;GBP/USD;0;-38
12;GBP/USD;0;-37
12;GBP/USD;0;-36
12;GBP/USD;0;-35
12;GBP/USD;0;-34
12;GBP/USD;0;-33
12;GBP/USD;0;-32
12;GBP/USD;0;-31
12;GBP/USD;0;-30
12;GBP/USD;0;-29
12;GBP/USD;0;-28
12;GBP/USD;0;-27
12;GBP/USD;0;-26
12;GBP/USD;0;-25
12;GBP/USD;0;-24
12;GBP/USD;0;-23
12;GBP/USD;0;-22
12;GBP/USD;0;-21
12;GBP/USD;0;-20
12;GBP/USD;0;-19
12;GBP/USD;0;-18
12;GBP/USD;0;-17
12;GBP/USD;0;-16
12;GBP/USD;0;-15
12;GBP/USD;0;-14
12;GBP/USD;0;-13
12;GBP/USD;0;-12
12;GBP/USD;0;-11
12;GBP/USD;0;-10
12;GBP/USD;0;-9
12;GBP/USD;0;-8
12;GBP/USD;0;-7
12;GBP/USD;0;-6
12;GBP/USD;0;-5
12;GBP/USD;0;-4
12;GBP/USD;0;-3
12;GBP/USD;0;-2
12;GBP/USD;0;-1
12;GBP/USD;0;0
12;GBP/USD;1.66031;1
12;GBP/USD;0;2
12;GBP/USD;0;3
12;GBP/USD;0;4
12;GBP/USD;0;5
12;GBP/USD;0;6
12;GBP/USD;0;7
12;GBP/USD;0;8
12;GBP/USD;0;9
1;GBP/USD;1.66967;210
12;GBP/USD;0;10
12;GBP/USD;0;11
12;GBP/USD;0;12
12;GBP/USD;0;13
12;GBP/USD;1.6337;14
0;GBP/USD;1.66313;215
12;GBP/USD;0;15
12;GBP/USD;0;16
12;GBP/USD;0;17
12;GBP/USD;0;18
12;GBP/USD;0;19
12;GBP/USD;0;20
1;GBP/USD;1.66866;221
12;GBP/USD;0;21
12;GBP/USD;0;22
12;GBP/USD;0;23
12;GBP/USD;0;24
0;GBP/USD;1.66061;225
12;GBP/USD;0;25
12;GBP/USD;0;26
12;GBP/USD;0;27
1;GBP/USD;1.66647;228
12;GBP/USD;0;28
12;GBP/USD;0;29
12;GBP/USD;0;30
12;GBP/USD;0;31
0;GBP/USD;1.66647;232
12;GBP/USD;0;32
12;GBP/USD;1.64972;33
12;GBP/USD;0;34
12;GBP/USD;0;35
12;GBP/USD;0;36
12;GBP/USD;0;37
12;GBP/USD;0;38
12;GBP/USD;0;39
12;GBP/USD;0;40
12;GBP/USD;0;41
1;GBP/USD;1.66731;242
12;GBP/USD;0;42
0;GBP/USD;1.66163;243
12;GBP/USD;0;43
12;GBP/USD;0;44
12;GBP/USD;0;45
12;GBP/USD;0;46
12;GBP/USD;0;47
12;GBP/USD;0;48
12;GBP/USD;0;49
12;GBP/USD;0;50
12;GBP/USD;0;51
12;GBP/USD;0;52
12;GBP/USD;0;53
12;GBP/USD;0;54
12;GBP/USD;0;55
12;GBP/USD;0;56
12;GBP/USD;0;57
12;GBP/USD;0;58
12;GBP/USD;0;59
12;GBP/USD;0;60
12;GBP/USD;0;61
1;GBP/USD;1.66914;262
12;GBP/USD;1.63141;62
12;GBP/USD;0;63
12;GBP/USD;0;64
12;GBP/USD;0;65
12;GBP/USD;0;66
12;GBP/USD;0;67
12;GBP/USD;0;68
12;GBP/USD;0;69
12;GBP/USD;0;70
12;GBP/USD;0;71
12;GBP/USD;0;72
12;GBP/USD;0;73
0;GBP/USD;1.66914;274
12;GBP/USD;0;74
12;GBP/USD;0;75
12;GBP/USD;0;76
12;GBP/USD;0;77
12;GBP/USD;0;78
12;GBP/USD;0;79
12;GBP/USD;0;80
12;GBP/USD;0;81
12;GBP/USD;0;82
12;GBP/USD;0;83
12;GBP/USD;0;84
12;GBP/USD;0;85
12;GBP/USD;0;86
12;GBP/USD;0;87
12;GBP/USD;0;88
12;GBP/USD;0;89
12;GBP/USD;0;90
12;GBP/USD;0;91
12;GBP/USD;0;92
12;GBP/USD;0;93
12;GBP/USD;0;94
12;GBP/USD;0;95
1;GBP/USD;1.66232;296
12;GBP/USD;0;96
0;GBP/USD;1.65912;297
12;GBP/USD;0;97
12;GBP/USD;1.66679;98
12;GBP/USD;0;99
1;GBP/USD;1.66193;300
12;GBP/USD;0;100
12;GBP/USD;0;101
12;GBP/USD;0;102
12;GBP/USD;0;103
12;GBP/USD;0;104
0;GBP/USD;1.66192;305
12;GBP/USD;0;105
12;GBP/USD;0;106
12;GBP/USD;0;107
12;GBP/USD;0;108
12;GBP/USD;0;109
12;GBP/USD;0;110
12;GBP/USD;0;111
12;GBP/USD;0;112
12;GBP/USD;0;113
12;GBP/USD;0;114
12;GBP/USD;0;115
12;GBP/USD;0;116
12;GBP/USD;0;117
12;GBP/USD;0;118
12;GBP/USD;0;119
12;GBP/USD;0;120
12;GBP/USD;0;121
12;GBP/USD;0;122
12;GBP/USD;0;123
12;GBP/USD;0;124
12;GBP/USD;0;125
12;GBP/USD;0;126
1;GBP/USD;1.65986;327
12;GBP/USD;0;127
12;GBP/USD;0;128
0;GBP/USD;1.65405;329
12;GBP/USD;0;129
12;GBP/USD;0;130
12;GBP/USD;0;131
12;GBP/USD;0;132
12;GBP/USD;0;133
12;GBP/USD;0;134
12;GBP/USD;0;135
12;GBP/USD;0;136
12;GBP/USD;0;137
12;GBP/USD;0;138
12;GBP/USD;0;139
12;GBP/USD;0;140
1;GBP/USD;1.64943;341
12;GBP/USD;0;141
0;GBP/USD;1.64567;342
12;GBP/USD;0;142
12;GBP/USD;0;143
12;GBP/USD;0;144
1;GBP/USD;1.65001;345
12;GBP/USD;0;145
12;GBP/USD;0;146
12;GBP/USD;1.62522;147
12;GBP/USD;0;148
12;GBP/USD;0;149
12;GBP/USD;0;150
12;GBP/USD;0;151
12;GBP/USD;0;152
12;GBP/USD;0;153
12;GBP/USD;0;154
12;GBP/USD;0;155
12;GBP/USD;0;156
12;GBP/USD;0;157
12;GBP/USD;0;158
12;GBP/USD;0;159
12;GBP/USD;0;160
12;GBP/USD;0;161
12;GBP/USD;0;162
12;GBP/USD;0;163
12;GBP/USD;0;164
12;GBP/USD;0;165
12;GBP/USD;0;166
12;GBP/USD;0;167
12;GBP/USD;0;168
12;GBP/USD;0;169
12;GBP/USD;0;170
12;GBP/USD;0;171
12;GBP/USD;0;172
12;GBP/USD;0;173
12;GBP/USD;0;174
12;GBP/USD;0;175
12;GBP/USD;0;176
12;GBP/USD;0;177
12;GBP/USD;0;178
12;GBP/USD;0;179
12;GBP/USD;0;180
12;GBP/USD;0;181
12;GBP/USD;0;182
12;GBP/USD;0;183
12;GBP/USD;0;184
12;GBP/USD;0;185
12;GBP/USD;0;186
12;GBP/USD;0;187
12;GBP/USD;0;188
12;GBP/USD;0;189
12;GBP/USD;0;190
12;GBP/USD;0;191
12;GBP/USD;1.68223;192
0;GBP/USD;1.66197;393
12;GBP/USD;0;193
12;GBP/USD;0;194
12;GBP/USD;0;195
12;GBP/USD;0;196
12;GBP/USD;0;197
12;GBP/USD;0;198
12;GBP/USD;0;199
12;GBP/USD;0;200
12;GBP/USD;0;201
12;GBP/USD;0;202
12;GBP/USD;0;203
12;GBP/USD;0;204
12;GBP/USD;0;205
1;GBP/USD;1.659;406
12;GBP/USD;0;206
12;GBP/USD;0;207
12;GBP/USD;0;208
12;GBP/USD;0;209
12;GBP/USD;0;210
12;GBP/USD;0;211
12;GBP/USD;0;212
12;GBP/USD;0;213
12;GBP/USD;0;214
12;GBP/USD;0;215
12;GBP/USD;0;216
12;GBP/USD;0;217
12;GBP/USD;0;218
12;GBP/USD;0;219
12;GBP/USD;0;220
12;GBP/USD;0;221
12;GBP/USD;0;222
12;GBP/USD;0;223
12;GBP/USD;0;224
12;GBP/USD;1.65834;225
12;GBP/USD;0;226
12;GBP/USD;0;227
12;GBP/USD;0;228
12;GBP/USD;0;229
12;GBP/USD;0;230
12;GBP/USD;0;231
12;GBP/USD;1.6727;232
12;GBP/USD;0;233
12;GBP/USD;0;234
12;GBP/USD;0;235
12;GBP/USD;0;236
12;GBP/USD;0;237
12;GBP/USD;0;238
12;GBP/USD;0;239
0;GBP/USD;1.66943;440
12;GBP/USD;0;240
12;GBP/USD;0;241
12;GBP/USD;1.66163;242
1;GBP/USD;1.67244;443
12;GBP/USD;0;243
12;GBP/USD;0;244
12;GBP/USD;0;245
12;GBP/USD;0;246
12;GBP/USD;0;247
12;GBP/USD;1.6769;248
12;GBP/USD;0;249
2;GBP/USD;0.424838563506772;450
12;GBP/USD;0;250
2;GBP/USD;0.469270679085181;451
12;GBP/USD;0;251
2;GBP/USD;0.471685678591485;452
12;GBP/USD;0;252
2;GBP/USD;0.606957304810121;453
12;GBP/USD;0;253
2;GBP/USD;0.607728093278466;454
12;GBP/USD;0;254
2;GBP/USD;0.551631962194873;455
12;GBP/USD;0;255
2;GBP/USD;0.386331877768743;456
12;GBP/USD;0;256
2;GBP/USD;0.393070212247265;457
12;GBP/USD;0;257
2;GBP/USD;0.520315772773099;458
12;GBP/USD;1.6641;258
2;GBP/USD;0.612575270967096;459
12;GBP/USD;0;259
2;GBP/USD;0.514657928102541;460
12;GBP/USD;0;260
2;GBP/USD;0.413483442272786;461
12;GBP/USD;0;261
2;GBP/USD;0.262287255200956;462
12;GBP/USD;0;262
2;GBP/USD;0.367965679439833;463
12;GBP/USD;0;263
2;GBP/USD;0.227056580510223;464
12;GBP/USD;0;264
2;GBP/USD;0.320550687371907;465
12;GBP/USD;0;265
4;GBP/USD;1.67701;465
4;GBP/USD;1.67701;457
2;GBP/USD;0.232730488618468;466
12;GBP/USD;0;266
2;GBP/USD;0.201961985880116;467
12;GBP/USD;0;267
2;GBP/USD;0.251285036087807;468
12;GBP/USD;0;268
2;GBP/USD;0.436273881912171;469
12;GBP/USD;0;269
2;GBP/USD;0.567791456787237;470
12;GBP/USD;0;270
2;GBP/USD;0.646915883257582;471
12;GBP/USD;0;271
2;GBP/USD;0.605800146029857;472
12;GBP/USD;0;272
2;GBP/USD;0.552409348134176;473
12;GBP/USD;0;273
2;GBP/USD;0.393629190233832;474
12;GBP/USD;0;274
2;GBP/USD;0.30235480260305;475
12;GBP/USD;0;275
2;GBP/USD;0.371537878163115;476
12;GBP/USD;0;276
2;GBP/USD;0.257372442854218;477
12;GBP/USD;0;277
2;GBP/USD;0.477566207619553;478
0;GBP/USD;1.677;478
12;GBP/USD;0;278
2;GBP/USD;0.354807219535255;479
12;GBP/USD;1.67857;279
2;GBP/USD;0.556545514050456;480
12;GBP/USD;0;280
2;GBP/USD;0.600908786130305;481
12;GBP/USD;0;281
2;GBP/USD;0.824521586669952;482
12;GBP/USD;0;282
2;GBP/USD;0.802076009504408;483
12;GBP/USD;0;283
2;GBP/USD;0.820823061820617;484
1;GBP/USD;1.67927;484
12;GBP/USD;0;284
2;GBP/USD;0.699476655516752;485
12;GBP/USD;0;285
2;GBP/USD;0.607319802728322;486
12;GBP/USD;0;286
2;GBP/USD;0.427935956989533;487
12;GBP/USD;0;287
2;GBP/USD;0.417847312790626;488
12;GBP/USD;0;288
2;GBP/USD;0.335588715204123;489
0;GBP/USD;1.67927;489
12;GBP/USD;0;289
2;GBP/USD;0.480668310183212;490
12;GBP/USD;0;290
2;GBP/USD;0.564954363183429;491
12;GBP/USD;0;291
2;GBP/USD;0.604848250405141;492
12;GBP/USD;0;292
2;GBP/USD;0.598568135269075;493
12;GBP/USD;0;293
2;GBP/USD;0.746705201910107;494
12;GBP/USD;0;294
2;GBP/USD;0.747006956884933;495
12;GBP/USD;0;295
2;GBP/USD;0.825304909775514;496
12;GBP/USD;1.65685;296
2;GBP/USD;0.560173125838128;497
12;GBP/USD;0;297
2;GBP/USD;0.412074338302139;498
12;GBP/USD;0;298
2;GBP/USD;0.295079899943448;499
12;GBP/USD;0;299
2;GBP/USD;0.385950344848317;500
12;GBP/USD;0;300
2;GBP/USD;0.522349879401596;501
12;GBP/USD;0;301
2;GBP/USD;0.512688391202325;502
12;GBP/USD;1.67175;302
2;GBP/USD;0.405016665617913;503
1;GBP/USD;1.68281;503
12;GBP/USD;0;303
2;GBP/USD;0.303740668898501;504
12;GBP/USD;0;304
2;GBP/USD;0.274944973082204;505
12;GBP/USD;0;305
2;GBP/USD;0.390584914427586;506
12;GBP/USD;0;306
2;GBP/USD;0.658805389041842;507
12;GBP/USD;0;307
2;GBP/USD;0.54206995428921;508
12;GBP/USD;0;308
2;GBP/USD;0.398712790318548;509
12;GBP/USD;0;309
2;GBP/USD;0.259819473462272;510
12;GBP/USD;0;310
2;GBP/USD;0.345792452156862;511
12;GBP/USD;0;311
2;GBP/USD;0.297673478451404;512
12;GBP/USD;0;312
2;GBP/USD;0.456035903698559;513
12;GBP/USD;0;313
2;GBP/USD;0.306688928199025;514
12;GBP/USD;0;314
2;GBP/USD;0.25861388310033;515
12;GBP/USD;0;315
2;GBP/USD;0.241403601587002;516
12;GBP/USD;0;316
2;GBP/USD;0.139892402987728;517
12;GBP/USD;0;317
2;GBP/USD;0.186458945468205;518
12;GBP/USD;0;318
2;GBP/USD;0.275268690317937;519
12;GBP/USD;0;319
2;GBP/USD;0.552657935898455;520
12;GBP/USD;0;320
2;GBP/USD;0.484885733679334;521
12;GBP/USD;0;321
2;GBP/USD;0.340834080414412;522
12;GBP/USD;0;322
2;GBP/USD;0.338200427951156;523
12;GBP/USD;0;323
2;GBP/USD;0.392849587176614;524
12;GBP/USD;0;324
2;GBP/USD;0.363738313464643;525
12;GBP/USD;0;325
2;GBP/USD;0.570772854663966;526
12;GBP/USD;0;326
2;GBP/USD;0.427843264273574;527
12;GBP/USD;0;327
2;GBP/USD;0.563275015833035;528
12;GBP/USD;0;328
2;GBP/USD;0.434528061687076;529
12;GBP/USD;0;329
2;GBP/USD;0.555943452575294;530
12;GBP/USD;0;330
2;GBP/USD;0.57057987306191;531
12;GBP/USD;0;331
2;GBP/USD;0.592618438447853;532
12;GBP/USD;0;332
2;GBP/USD;0.563083534838623;533
12;GBP/USD;0;333
2;GBP/USD;0.354152858243019;534
12;GBP/USD;0;334
2;GBP/USD;0.289561092383678;535
12;GBP/USD;0;335
2;GBP/USD;0.294234977501576;536
12;GBP/USD;0;336
2;GBP/USD;0.43523505981486;537
12;GBP/USD;0;337
2;GBP/USD;0.367777627186617;538
12;GBP/USD;0;338
2;GBP/USD;0.510614206615042;539
12;GBP/USD;0;339
2;GBP/USD;0.324834099004713;540
12;GBP/USD;0;340
2;GBP/USD;0.363514616316449;541
12;GBP/USD;1.64567;341
2;GBP/USD;0.559629904303778;542
12;GBP/USD;0;342
2;GBP/USD;0.647542118336038;543
12;GBP/USD;0;343
2;GBP/USD;0.543854831350011;544
12;GBP/USD;0;344
2;GBP/USD;0.395375538263164;545
12;GBP/USD;0;345
2;GBP/USD;0.289057231915493;546
12;GBP/USD;0;346
2;GBP/USD;0.377509815584354;547
12;GBP/USD;0;347
2;GBP/USD;0.429446313118458;548
12;GBP/USD;0;348
2;GBP/USD;0.527474983839595;549
0;GBP/USD;1.68626;549
12;GBP/USD;0;349
2;GBP/USD;0.677569117720117;550
12;GBP/USD;0;350
2;GBP/USD;0.532183138878321;551
12;GBP/USD;0;351
2;GBP/USD;0.680062420003386;552
12;GBP/USD;0;352
2;GBP/USD;0.701284925881956;553
12;GBP/USD;0;353
2;GBP/USD;0.910420349980277;554
12;GBP/USD;0;354
2;GBP/USD;0.886911033516553;555
12;GBP/USD;0;355
2;GBP/USD;0.87546376701018;556
1;GBP/USD;1.68875;556
12;GBP/USD;0;356
2;GBP/USD;0.860853674926929;557
12;GBP/USD;0;357
2;GBP/USD;0.779553286646393;558
12;GBP/USD;0;358
2;GBP/USD;0.869475740837913;559
12;GBP/USD;0;359
2;GBP/USD;0.849738278271558;560
12;GBP/USD;0;360
2;GBP/USD;0.906144143377758;561
0;GBP/USD;1.6827;561
12;GBP/USD;0;361
2;GBP/USD;0.888070339469338;562
12;GBP/USD;0;362
2;GBP/USD;0.935249120649322;563
12;GBP/USD;0;363
2;GBP/USD;0.911600354885138;564
12;GBP/USD;0;364
2;GBP/USD;0.950012133912934;565
12;GBP/USD;0;365
2;GBP/USD;0.972771524832772;566
1;GBP/USD;1.68532;566
12;GBP/USD;0;366
2;GBP/USD;0.968462763190354;567
0;GBP/USD;1.68134;567
12;GBP/USD;0;367
2;GBP/USD;0.937473628144155;568
12;GBP/USD;0;368
2;GBP/USD;0.948044567492133;569
12;GBP/USD;0;369
2;GBP/USD;0.93763829668918;570
12;GBP/USD;0;370
2;GBP/USD;0.956609353102894;571
12;GBP/USD;0;371
2;GBP/USD;0.958936133346963;572
12;GBP/USD;0;372
2;GBP/USD;0.970483812063056;573
12;GBP/USD;0;373
2;GBP/USD;0.938875939757801;574
12;GBP/USD;0;374
2;GBP/USD;0.901165816266467;575
1;GBP/USD;1.67909;575
12;GBP/USD;0;375
2;GBP/USD;0.909219156751543;576
12;GBP/USD;1.66837;376
2;GBP/USD;0.92101978102776;577
12;GBP/USD;0;377
2;GBP/USD;0.9142485080595;578
12;GBP/USD;0;378
2;GBP/USD;0.932661353264905;579
12;GBP/USD;0;379
2;GBP/USD;0.91750606157351;580
12;GBP/USD;0;380
2;GBP/USD;0.827819098592222;581
12;GBP/USD;0;381
2;GBP/USD;0.641886537062555;582
12;GBP/USD;0;382
2;GBP/USD;0.519074626747891;583
12;GBP/USD;0;383
2;GBP/USD;0.349727423794288;584
12;GBP/USD;0;384
2;GBP/USD;0.49361272621483;585
12;GBP/USD;0;385
2;GBP/USD;0.460997070090432;586
12;GBP/USD;0;386
2;GBP/USD;0.310503076322468;587
12;GBP/USD;0;387
2;GBP/USD;0.161269376379202;588
12;GBP/USD;0;388
2;GBP/USD;0.229768103041921;589
12;GBP/USD;0;389
2;GBP/USD;0.462304279151347;590
12;GBP/USD;0;390
2;GBP/USD;0.351720913247982;591
12;GBP/USD;0;391
2;GBP/USD;0.286973290862443;592
12;GBP/USD;0;392
2;GBP/USD;0.151115348869064;593
12;GBP/USD;0;393
2;GBP/USD;0.0594748326522808;594
12;GBP/USD;0;394
2;GBP/USD;0.112557320958493;595
12;GBP/USD;0;395
2;GBP/USD;0.138039898153192;596
12;GBP/USD;0;396
2;GBP/USD;0.226846519195376;597
12;GBP/USD;0;397
2;GBP/USD;0.0517614907475725;598
12;GBP/USD;0;398
2;GBP/USD;0.0510374382705649;599
12;GBP/USD;1.65539;399
2;GBP/USD;0.0284024703782371;600
12;GBP/USD;0;400
2;GBP/USD;0.0592433789745604;601
12;GBP/USD;0;401
2;GBP/USD;0.0493587233523253;602
12;GBP/USD;0;402
2;GBP/USD;0.0699599612215539;603
12;GBP/USD;0;403
2;GBP/USD;0.0662813714468267;604
12;GBP/USD;0;404
2;GBP/USD;0.0610015779043969;605
12;GBP/USD;0;405
2;GBP/USD;0.0717941114416858;606
12;GBP/USD;0;406
2;GBP/USD;0.150379353169069;607
12;GBP/USD;0;407
2;GBP/USD;0.245843179155076;608
12;GBP/USD;0;408
2;GBP/USD;0.376954518733069;609
12;GBP/USD;0;409
2;GBP/USD;0.353050802842949;610
12;GBP/USD;0;410
2;GBP/USD;0.46999847295761;611
12;GBP/USD;0;411
2;GBP/USD;0.388272247546028;612
12;GBP/USD;0;412
2;GBP/USD;0.755369804942218;613
12;GBP/USD;0;413
2;GBP/USD;0.814879707409666;614
12;GBP/USD;0;414
2;GBP/USD;0.697428113356205;615
12;GBP/USD;0;415
2;GBP/USD;0.731509193107337;616
12;GBP/USD;0;416
2;GBP/USD;0.623985262544524;617
12;GBP/USD;0;417
2;GBP/USD;0.698700447408629;618
12;GBP/USD;0;418
2;GBP/USD;0.541882178334626;619
12;GBP/USD;0;419
2;GBP/USD;0.44927492063873;620
12;GBP/USD;1.682;420
2;GBP/USD;0.37755686027833;621
0;GBP/USD;1.6824;621
12;GBP/USD;0;421
2;GBP/USD;0.492196028524548;622
12;GBP/USD;0;422
2;GBP/USD;0.46664987623961;623
12;GBP/USD;0;423
2;GBP/USD;0.562989160974263;624
12;GBP/USD;0;424
2;GBP/USD;0.617109784002714;625
12;GBP/USD;0;425
2;GBP/USD;0.893159060322493;626
12;GBP/USD;0;426
2;GBP/USD;0.93868813299045;627
12;GBP/USD;0;427
2;GBP/USD;0.937757593702841;628
12;GBP/USD;0;428
2;GBP/USD;0.926592393720534;629
12;GBP/USD;0;429
2;GBP/USD;0.942385083641063;630
12;GBP/USD;0;430
2;GBP/USD;0.963304007582956;631
12;GBP/USD;0;431
2;GBP/USD;0.962277982288198;632
12;GBP/USD;0;432
2;GBP/USD;0.952867910296589;633
12;GBP/USD;0;433
2;GBP/USD;0.938198416822597;634
1;GBP/USD;1.67175;634
12;GBP/USD;0;434
2;GBP/USD;0.957027860985527;635
12;GBP/USD;0;435
2;GBP/USD;0.960000614156017;636
12;GBP/USD;0;436
2;GBP/USD;0.969384450120045;637
12;GBP/USD;0;437
2;GBP/USD;0.964561131656413;638
12;GBP/USD;0;438
2;GBP/USD;0.941590664042639;639
12;GBP/USD;0;439
2;GBP/USD;0.953744577459297;640
12;GBP/USD;1.66583;440
2;GBP/USD;0.911331915630509;641
12;GBP/USD;0;441
2;GBP/USD;0.852764138416352;642
12;GBP/USD;0;442
2;GBP/USD;0.686990578890037;643
12;GBP/USD;0;443
2;GBP/USD;0.890999534195136;644
12;GBP/USD;0;444
2;GBP/USD;0.863178569157945;645
12;GBP/USD;0;445
2;GBP/USD;0.828495430971037;646
12;GBP/USD;0;446
2;GBP/USD;0.608945001007932;647
12;GBP/USD;0;447
2;GBP/USD;0.688807054631016;648
12;GBP/USD;0;448
2;GBP/USD;0.507512844725376;649
12;GBP/USD;0;449
2;GBP/USD;0.910568618562647;650
12;GBP/USD;0;450
2;GBP/USD;0.732919007164896;651
12;GBP/USD;0;451
2;GBP/USD;0.773957320493866;652
12;GBP/USD;1.68418;452
2;GBP/USD;0.521425578603743;653
12;GBP/USD;0;453
2;GBP/USD;0.34112403003142;654
12;GBP/USD;0;454
2;GBP/USD;0.477434531456286;655
12;GBP/USD;0;455
2;GBP/USD;0.441226160907459;656
0;GBP/USD;1.67175;656
12;GBP/USD;0;456
2;GBP/USD;0.839520801723523;657
12;GBP/USD;0;457
2;GBP/USD;0.655407885318857;658
12;GBP/USD;1.67741;458
2;GBP/USD;0.733852119473805;659
12;GBP/USD;0;459
2;GBP/USD;0.61666452049461;660
12;GBP/USD;0;460
2;GBP/USD;0.780847948472854;661
12;GBP/USD;0;461
2;GBP/USD;0.69024966004332;662
12;GBP/USD;0;462
2;GBP/USD;0.676841463244229;663
12;GBP/USD;0;463
2;GBP/USD;0.319658558784621;664
12;GBP/USD;0;464
2;GBP/USD;0.292513356153359;665
12;GBP/USD;0;465
2;GBP/USD;0.06468564877635;666
12;GBP/USD;0;466
2;GBP/USD;0.15872894502554;667
12;GBP/USD;0;467
2;GBP/USD;0.0843238865689249;668
12;GBP/USD;0;468
2;GBP/USD;0.332159517844292;669
12;GBP/USD;0;469
2;GBP/USD;0.163774541422233;670
12;GBP/USD;0;470
2;GBP/USD;0.196859044265711;671
12;GBP/USD;1.68392;471
2;GBP/USD;0.260776710842679;672
12;GBP/USD;0;472
2;GBP/USD;0.356602361402887;673
12;GBP/USD;0;473
2;GBP/USD;0.749512762735999;674
12;GBP/USD;0;474
2;GBP/USD;0.394859666208229;675
12;GBP/USD;0;475
2;GBP/USD;0.564237282299081;676
12;GBP/USD;0;476
2;GBP/USD;0.302373783284007;677
12;GBP/USD;1.67626;477
2;GBP/USD;0.217416259523235;678
12;GBP/USD;0;478
2;GBP/USD;0.231884121148804;679
12;GBP/USD;0;479
2;GBP/USD;0.26515739018101;680
12;GBP/USD;0;480
2;GBP/USD;0.282948463699435;681
12;GBP/USD;0;481
2;GBP/USD;0.315998330089004;682
12;GBP/USD;0;482
2;GBP/USD;0.476863416906803;683
12;GBP/USD;0;483
2;GBP/USD;0.417354093669072;684
12;GBP/USD;0;484
2;GBP/USD;0.499180046365095;685
12;GBP/USD;0;485
2;GBP/USD;0.893097848278636;686
12;GBP/USD;0;486
2;GBP/USD;0.868417020652812;687
12;GBP/USD;0;487
2;GBP/USD;0.88373032880339;688
1;GBP/USD;1.67841;688
12;GBP/USD;0;488
2;GBP/USD;0.666799066190452;689
12;GBP/USD;0;489
2;GBP/USD;0.708712357979942;690
12;GBP/USD;0;490
2;GBP/USD;0.49025723467598;691
12;GBP/USD;0;491
2;GBP/USD;0.498404538635262;692
12;GBP/USD;0;492
2;GBP/USD;0.439087589832328;693
12;GBP/USD;0;493
2;GBP/USD;0.192382732216053;694
12;GBP/USD;0;494
2;GBP/USD;0.255207022949984;695
12;GBP/USD;0;495
2;GBP/USD;0.070088127208993;696
12;GBP/USD;0;496
2;GBP/USD;0.0839639036770759;697
12;GBP/USD;0;497
2;GBP/USD;0.102677439616326;698
12;GBP/USD;0;498
2;GBP/USD;0.248951837838178;699
12;GBP/USD;0;499
2;GBP/USD;0.297826219012713;700
12;GBP/USD;0;500
2;GBP/USD;0.217836487128125;701
12;GBP/USD;0;501
2;GBP/USD;0.128039546179679;702
12;GBP/USD;0;502
2;GBP/USD;0.154621382554013;703
12;GBP/USD;0;503
2;GBP/USD;0.157047950403179;704
12;GBP/USD;0;504
2;GBP/USD;0.0565354429412331;705
12;GBP/USD;0;505
2;GBP/USD;0.0986586433592802;706
12;GBP/USD;0;506
2;GBP/USD;0.0677798121664099;707
12;GBP/USD;0;507
2;GBP/USD;0.0427044581867319;708
12;GBP/USD;0;508
2;GBP/USD;0.0860898386970116;709
12;GBP/USD;0;509
2;GBP/USD;0.0620561947023051;710
12;GBP/USD;0;510
2;GBP/USD;0.16341266195501;711
12;GBP/USD;0;511
2;GBP/USD;0.10108367629927;712
12;GBP/USD;1.69196;512
2;GBP/USD;0.234639655050051;713
12;GBP/USD;0;513
2;GBP/USD;0.13110977281049;714
12;GBP/USD;0;514
2;GBP/USD;0.349230570118034;715
12;GBP/USD;0;515
2;GBP/USD;0.168871166087749;716
12;GBP/USD;0;516
2;GBP/USD;0.152340858206139;717
12;GBP/USD;0;517
2;GBP/USD;0.241555727769511;718
12;GBP/USD;0;518
2;GBP/USD;0.19848006310931;719
12;GBP/USD;1.68221;519
2;GBP/USD;0.106435579175567;720
12;GBP/USD;0;520
4;GBP/USD;1.69335;720
4;GBP/USD;1.69335;709
2;GBP/USD;0.0538232238457011;721
12;GBP/USD;0;521
2;GBP/USD;0.111400530106869;722
12;GBP/USD;0;522
2;GBP/USD;0.129641959179752;723
12;GBP/USD;0;523
2;GBP/USD;0.049211686708864;724
12;GBP/USD;0;524
2;GBP/USD;0.0460474250951236;725
12;GBP/USD;0;525
2;GBP/USD;0.0296152454710017;726
12;GBP/USD;0;526
2;GBP/USD;0.108940411264035;727
12;GBP/USD;0;527
2;GBP/USD;0.0613091899584268;728
12;GBP/USD;0;528
2;GBP/USD;0.128664586685779;729
12;GBP/USD;0;529
2;GBP/USD;0.0702538052987228;730
12;GBP/USD;0;530
2;GBP/USD;0.248074354330825;731
12;GBP/USD;1.69961;531
2;GBP/USD;0.188139754297231;732
12;GBP/USD;0;532
2;GBP/USD;0.281949432998467;733
12;GBP/USD;0;533
2;GBP/USD;0.443401186328831;734
12;GBP/USD;0;534
2;GBP/USD;0.45795796666664;735
12;GBP/USD;0;535
2;GBP/USD;0.449106747158424;736
12;GBP/USD;0;536
2;GBP/USD;0.487616757050577;737
12;GBP/USD;0;537
2;GBP/USD;0.313541251740381;738
12;GBP/USD;0;538
2;GBP/USD;0.392223257051217;739
12;GBP/USD;0;539
2;GBP/USD;0.151864603662075;740
12;GBP/USD;0;540
2;GBP/USD;0.314520204894609;741
12;GBP/USD;0;541
2;GBP/USD;0.216952270571914;742
12;GBP/USD;0;542
2;GBP/USD;0.328773146333141;743
12;GBP/USD;0;543
2;GBP/USD;0.421653423350477;744
12;GBP/USD;0;544
2;GBP/USD;0.713141592992238;745
12;GBP/USD;0;545
2;GBP/USD;0.831483765786573;746
12;GBP/USD;0;546
2;GBP/USD;0.91385553294536;747
12;GBP/USD;0;547
2;GBP/USD;0.926896371957435;748
12;GBP/USD;0;548
2;GBP/USD;0.924287454363303;749
12;GBP/USD;0;549
2;GBP/USD;0.864574350409655;750
12;GBP/USD;0;550
2;GBP/USD;0.713338791761545;751
12;GBP/USD;0;551
2;GBP/USD;0.663644579425782;752
12;GBP/USD;0;552
2;GBP/USD;0.566120014537917;753
12;GBP/USD;0;553
2;GBP/USD;0.56529936632773;754
12;GBP/USD;0;554
2;GBP/USD;0.475620339587189;755
12;GBP/USD;0;555
2;GBP/USD;0.276146932560046;756
12;GBP/USD;0;556
2;GBP/USD;0.0947965075890235;757
12;GBP/USD;0;557
2;GBP/USD;0.14515297838852;758
12;GBP/USD;0;558
2;GBP/USD;0.0877870655914392;759
12;GBP/USD;0;559
2;GBP/USD;0.586286693157836;760
12;GBP/USD;0;560
2;GBP/USD;0.683997067104851;761
12;GBP/USD;0;561
2;GBP/USD;0.741382582904781;762
12;GBP/USD;0;562
2;GBP/USD;0.568541793510335;763
12;GBP/USD;0;563
2;GBP/USD;0.71969842493217;764
12;GBP/USD;0;564
2;GBP/USD;0.847179774528836;765
12;GBP/USD;0;565
2;GBP/USD;0.649199536235443;766
12;GBP/USD;0;566
2;GBP/USD;0.286566527214339;767
12;GBP/USD;0;567
2;GBP/USD;0.110029657792023;768
12;GBP/USD;0;568
2;GBP/USD;0.126078255152997;769
12;GBP/USD;0;569
2;GBP/USD;0.124163190138866;770
12;GBP/USD;0;570
2;GBP/USD;0.106068108869028;771
12;GBP/USD;1.6732;571
2;GBP/USD;0.104426768819853;772
12;GBP/USD;0;572
2;GBP/USD;0.0779376485104328;773
12;GBP/USD;0;573
2;GBP/USD;0.100793339619818;774
12;GBP/USD;0;574
2;GBP/USD;0.0414936013636448;775
12;GBP/USD;0;575
2;GBP/USD;0.0664206507536822;776
12;GBP/USD;0;576
2;GBP/USD;0.0422689412065179;777
12;GBP/USD;0;577
2;GBP/USD;0.126682787016835;778
12;GBP/USD;0;578
2;GBP/USD;0.120408951617347;779
12;GBP/USD;0;579
2;GBP/USD;0.112187761226075;780
12;GBP/USD;0;580
2;GBP/USD;0.0943444597673613;781
12;GBP/USD;0;581
2;GBP/USD;0.312150405926502;782
12;GBP/USD;0;582
2;GBP/USD;0.679189107049814;783
12;GBP/USD;0;583
2;GBP/USD;0.841833077860775;784
12;GBP/USD;0;584
2;GBP/USD;0.822516034815648;785
12;GBP/USD;0;585
2;GBP/USD;0.370416708484481;786
12;GBP/USD;0;586
2;GBP/USD;0.282897676743906;787
12;GBP/USD;0;587
2;GBP/USD;0.220055435777502;788
12;GBP/USD;0;588
4;GBP/USD;1.70949;788
4;GBP/USD;1.70949;782
2;GBP/USD;0.102350103591307;789
12;GBP/USD;0;589
2;GBP/USD;0.414202718068783;790
12;GBP/USD;0;590
2;GBP/USD;0.245444364742617;791
12;GBP/USD;0;591
2;GBP/USD;0.367343903227359;792
12;GBP/USD;0;592
2;GBP/USD;0.165486180824689;793
12;GBP/USD;0;593
2;GBP/USD;0.509708979001218;794
12;GBP/USD;0;594
2;GBP/USD;0.471217694195866;795
12;GBP/USD;0;595
2;GBP/USD;0.792701938410333;796
12;GBP/USD;1.69207;596
2;GBP/USD;0.740546121340955;797
12;GBP/USD;0;597
2;GBP/USD;0.837297232253667;798
12;GBP/USD;0;598
2;GBP/USD;0.906717239985463;799
12;GBP/USD;0;599
2;GBP/USD;0.902579851476907;800
0;GBP/USD;1.71248;800
12;GBP/USD;0;600
2;GBP/USD;0.843165734055392;801
12;GBP/USD;0;601
2;GBP/USD;0.926732263938407;802
12;GBP/USD;0;602
2;GBP/USD;0.953795755467049;803
12;GBP/USD;0;603
2;GBP/USD;0.801465024866848;804
12;GBP/USD;0;604
2;GBP/USD;0.831004821427919;805
1;GBP/USD;1.7138;805
12;GBP/USD;0;605
2;GBP/USD;0.786147283854909;806
12;GBP/USD;0;606
2;GBP/USD;0.925976485264324;807
12;GBP/USD;0;607
2;GBP/USD;0.953996486078062;808
12;GBP/USD;0;608
2;GBP/USD;0.970122269101955;809
12;GBP/USD;0;609
2;GBP/USD;0.809575822889316;810
12;GBP/USD;1.68128;610
2;GBP/USD;0.661137348760664;811
12;GBP/USD;0;611
2;GBP/USD;0.535740765294717;812
0;GBP/USD;1.71377;812
12;GBP/USD;0;612
2;GBP/USD;0.590131302012076;813
12;GBP/USD;0;613
2;GBP/USD;0.74745983754235;814
12;GBP/USD;0;614
2;GBP/USD;0.944505831814107;815
12;GBP/USD;0;615
2;GBP/USD;0.935262514235731;816
12;GBP/USD;0;616
2;GBP/USD;0.948722979480689;817
12;GBP/USD;0;617
2;GBP/USD;0.946658007727167;818
12;GBP/USD;0;618
2;GBP/USD;0.829954203657335;819
1;GBP/USD;1.71318;819
12;GBP/USD;1.6882;619
2;GBP/USD;0.755267919573799;820
0;GBP/USD;1.71298;820
12;GBP/USD;0;620
2;GBP/USD;0.877129308049305;821
12;GBP/USD;0;621
2;GBP/USD;0.87651959669085;822
12;GBP/USD;0;622
2;GBP/USD;0.920067143703493;823
12;GBP/USD;0;623
2;GBP/USD;0.958453698351478;824
12;GBP/USD;0;624
2;GBP/USD;0.984368885972122;825
12;GBP/USD;0;625
2;GBP/USD;0.972893613844451;826
1;GBP/USD;1.71084;826
0;GBP/USD;1.70885;826
12;GBP/USD;0;626
2;GBP/USD;0.982038877291991;827
12;GBP/USD;0;627
2;GBP/USD;0.941386825208955;828
12;GBP/USD;0;628
2;GBP/USD;0.899881181679501;829
12;GBP/USD;0;629
2;GBP/USD;0.975389549391191;830
12;GBP/USD;0;630
2;GBP/USD;0.988525258024968;831
12;GBP/USD;1.66928;631
2;GBP/USD;0.973200854833959;832
12;GBP/USD;0;632
2;GBP/USD;0.859321205107933;833
12;GBP/USD;0;633
2;GBP/USD;0.664741458800909;834
12;GBP/USD;0;634
2;GBP/USD;0.430341408517701;835
12;GBP/USD;0;635
2;GBP/USD;0.587369525835763;836
12;GBP/USD;0;636
2;GBP/USD;0.41752060237653;837
12;GBP/USD;0;637
2;GBP/USD;0.74799850826374;838
12;GBP/USD;0;638
2;GBP/USD;0.91948892914296;839
12;GBP/USD;0;639
2;GBP/USD;0.909774348826588;840
12;GBP/USD;0;640
2;GBP/USD;0.713386005767632;841
12;GBP/USD;0;641
2;GBP/USD;0.242026816636534;842
12;GBP/USD;0;642
2;GBP/USD;0.701486532788061;843
12;GBP/USD;0;643
2;GBP/USD;0.813829033743121;844
12;GBP/USD;0;644
2;GBP/USD;0.930048285262871;845
12;GBP/USD;0;645
2;GBP/USD;0.947771573890849;846
12;GBP/USD;0;646
2;GBP/USD;0.953248241032154;847
12;GBP/USD;0;647
2;GBP/USD;0.979266823993253;848
12;GBP/USD;0;648
2;GBP/USD;0.96151549683747;849
12;GBP/USD;0;649
2;GBP/USD;0.912607532932395;850
1;GBP/USD;1.70897;850
0;GBP/USD;1.70781;850
12;GBP/USD;1.6782;650
2;GBP/USD;0.85231091188226;851
12;GBP/USD;0;651
2;GBP/USD;0.979820079993358;852
12;GBP/USD;0;652
2;GBP/USD;0.984755468764866;853
1;GBP/USD;1.70895;853
12;GBP/USD;0;653
2;GBP/USD;0.975916521854842;854
12;GBP/USD;0;654
2;GBP/USD;0.9707551019426;855
12;GBP/USD;0;655
2;GBP/USD;0.983518978361311;856
12;GBP/USD;1.66986;656
2;GBP/USD;0.988657698156476;857
12;GBP/USD;0;657
2;GBP/USD;0.977006097506162;858
12;GBP/USD;0;658
2;GBP/USD;0.990501792639369;859
12;GBP/USD;0;659
2;GBP/USD;0.994658306941205;860
12;GBP/USD;0;660
2;GBP/USD;0.991623959595001;861
12;GBP/USD;0;661
2;GBP/USD;0.991707529534842;862
12;GBP/USD;0;662
2;GBP/USD;0.989544169393187;863
12;GBP/USD;0;663
2;GBP/USD;0.987966778601148;864
12;GBP/USD;0;664
2;GBP/USD;0.989619119347671;865
12;GBP/USD;0;665
2;GBP/USD;0.987774913996242;866
12;GBP/USD;0;666
2;GBP/USD;0.920517866773309;867
0;GBP/USD;1.70309;867
12;GBP/USD;0;667
2;GBP/USD;0.915098513209377;868
12;GBP/USD;0;668
2;GBP/USD;0.957139456763214;869
12;GBP/USD;1.68451;669
2;GBP/USD;0.984815167155433;870
12;GBP/USD;0;670
2;GBP/USD;0.98552757658304;871
12;GBP/USD;0;671
2;GBP/USD;0.993258962786183;872
12;GBP/USD;0;672
2;GBP/USD;0.992062713664218;873
12;GBP/USD;0;673
2;GBP/USD;0.993722862820088;874
12;GBP/USD;0;674
2;GBP/USD;0.994800599157233;875
12;GBP/USD;0;675
2;GBP/USD;0.994564350113628;876
12;GBP/USD;0;676
2;GBP/USD;0.995810491767814;877
12;GBP/USD;0;677
2;GBP/USD;0.99769562531123;878
12;GBP/USD;0;678
2;GBP/USD;0.996376460010449;879
12;GBP/USD;0;679
2;GBP/USD;0.997439822972129;880
12;GBP/USD;0;680
2;GBP/USD;0.997512692173006;881
12;GBP/USD;0;681
2;GBP/USD;0.99622216156454;882
12;GBP/USD;0;682
2;GBP/USD;0.993868626336068;883
1;GBP/USD;1.6982;883
12;GBP/USD;0;683
2;GBP/USD;0.996487519345392;884
12;GBP/USD;1.67379;684
2;GBP/USD;0.968360656628377;885
12;GBP/USD;0;685
2;GBP/USD;0.911404629756733;886
12;GBP/USD;0;686
2;GBP/USD;0.835282940991726;887
12;GBP/USD;0;687
2;GBP/USD;0.807402608211452;888
12;GBP/USD;0;688
2;GBP/USD;0.756254976034104;889
12;GBP/USD;0;689
2;GBP/USD;0.930913474655338;890
12;GBP/USD;0;690
2;GBP/USD;0.955973707100245;891
0;GBP/USD;1.69558;891
12;GBP/USD;0;691
2;GBP/USD;0.887961683915783;892
12;GBP/USD;0;692
2;GBP/USD;0.975685484433363;893
12;GBP/USD;0;693
2;GBP/USD;0.967309326075153;894
12;GBP/USD;0;694
2;GBP/USD;0.954542529075529;895
12;GBP/USD;0;695
2;GBP/USD;0.940727632063315;896
1;GBP/USD;1.69494;896
12;GBP/USD;0;696
2;GBP/USD;0.986126738082061;897
0;GBP/USD;1.69279;897
12;GBP/USD;0;697
2;GBP/USD;0.986209812712886;898
12;GBP/USD;0;698
2;GBP/USD;0.990138754493934;899
12;GBP/USD;0;699
2;GBP/USD;0.994693669898812;900
12;GBP/USD;0;700
2;GBP/USD;0.992355764249525;901
12;GBP/USD;0;701
2;GBP/USD;0.995719946606208;902
1;GBP/USD;1.69225;902
12;GBP/USD;0;702
2;GBP/USD;0.997147054719567;903
0;GBP/USD;1.68834;903
12;GBP/USD;1.70105;703
2;GBP/USD;0.995014912060076;904
12;GBP/USD;0;704
2;GBP/USD;0.993860668698813;905
12;GBP/USD;0;705
2;GBP/USD;0.996376621395853;906
1;GBP/USD;1.68828;906
12;GBP/USD;0;706
2;GBP/USD;0.996068326458081;907
12;GBP/USD;0;707
2;GBP/USD;0.99674114680865;908
12;GBP/USD;0;708
2;GBP/USD;0.997214516825374;909
0;GBP/USD;1.68487;909
12;GBP/USD;0;709
2;GBP/USD;0.994580569591934;910
12;GBP/USD;1.69375;710
2;GBP/USD;0.994992605771662;911
12;GBP/USD;0;711
2;GBP/USD;0.994260962482538;912
12;GBP/USD;0;712
2;GBP/USD;0.993956956674992;913
12;GBP/USD;0;713
2;GBP/USD;0.994508541381891;914
12;GBP/USD;0;714
2;GBP/USD;0.993062376115989;915
1;GBP/USD;1.68269;915
12;GBP/USD;0;715
2;GBP/USD;0.991881069159207;916
12;GBP/USD;1.70018;716
2;GBP/USD;0.982862253031071;917
12;GBP/USD;0;717
2;GBP/USD;0.891840220808459;918
12;GBP/USD;1.69204;718
2;GBP/USD;0.748017713867694;919
12;GBP/USD;0;719
2;GBP/USD;0.745280273728249;920
12;GBP/USD;0;720
2;GBP/USD;0.388325411804239;921
12;GBP/USD;0;721
2;GBP/USD;0.413448215037997;922
12;GBP/USD;0;722
2;GBP/USD;0.122395674421825;923
12;GBP/USD;1.70625;723
2;GBP/USD;0.0312534484260497;924
12;GBP/USD;0;724
2;GBP/USD;0.0714458212234125;925
12;GBP/USD;0;725
2;GBP/USD;0.0216860944261544;926
12;GBP/USD;0;726
2;GBP/USD;0.0833851289238405;927
0;GBP/USD;1.68256;927
12;GBP/USD;0;727
2;GBP/USD;0.357221949140689;928
12;GBP/USD;0;728
2;GBP/USD;0.617944686004285;929
12;GBP/USD;0;729
2;GBP/USD;0.872312512759962;930
12;GBP/USD;0;730
2;GBP/USD;0.922303204518136;931
12;GBP/USD;0;731
2;GBP/USD;0.485432867880788;932
12;GBP/USD;0;732
2;GBP/USD;0.743368712188093;933
12;GBP/USD;0;733
2;GBP/USD;0.69275047884194;934
12;GBP/USD;0;734
2;GBP/USD;0.74377798949866;935
12;GBP/USD;0;735
2;GBP/USD;0.929584633273262;936
12;GBP/USD;0;736
2;GBP/USD;0.976831067157288;937
12;GBP/USD;0;737
2;GBP/USD;0.991309161032522;938
12;GBP/USD;0;738
2;GBP/USD;0.992612377444163;939
12;GBP/USD;0;739
2;GBP/USD;0.987856771419732;940
12;GBP/USD;0;740
2;GBP/USD;0.989364786539238;941
12;GBP/USD;0;741
2;GBP/USD;0.995091821342736;942
12;GBP/USD;0;742
2;GBP/USD;0.99707543999061;943
12;GBP/USD;0;743
2;GBP/USD;0.997760564834738;944
12;GBP/USD;0;744
2;GBP/USD;0.996227170297006;945
1;GBP/USD;1.67905;945
12;GBP/USD;0;745
2;GBP/USD;0.996165196225701;946
12;GBP/USD;1.69522;746
2;GBP/USD;0.992302060342354;947
12;GBP/USD;0;747
2;GBP/USD;0.980853783340614;948
12;GBP/USD;0;748
2;GBP/USD;0.933256660606007;949
12;GBP/USD;0;749
2;GBP/USD;0.8543814138277;950
0;GBP/USD;1.67613;950
12;GBP/USD;0;750
2;GBP/USD;0.953029167627852;951
12;GBP/USD;0;751
2;GBP/USD;0.971031990578195;952
12;GBP/USD;0;752
2;GBP/USD;0.920983308217908;953
12;GBP/USD;0;753
2;GBP/USD;0.807999992052197;954
12;GBP/USD;0;754
2;GBP/USD;0.407336569097414;955
12;GBP/USD;0;755
2;GBP/USD;0.273298603130415;956
12;GBP/USD;0;756
2;GBP/USD;0.464212354059567;957
12;GBP/USD;0;757
2;GBP/USD;0.196325346101848;958
12;GBP/USD;0;758
2;GBP/USD;0.545317782900692;959
12;GBP/USD;0;759
2;GBP/USD;0.991067513367881;960
12;GBP/USD;0;760
2;GBP/USD;0.996971328016578;961
12;GBP/USD;0;761
2;GBP/USD;0.99725608568262;962
12;GBP/USD;0;762
2;GBP/USD;0.996122381728748;963
12;GBP/USD;0;763
2;GBP/USD;0.994751180842018;964
12;GBP/USD;0;764
2;GBP/USD;0.992628579965512;965
1;GBP/USD;1.66938;965
12;GBP/USD;0;765
2;GBP/USD;0.975969821705298;966
12;GBP/USD;0;766
2;GBP/USD;0.966901812988587;967
12;GBP/USD;0;767
2;GBP/USD;0.979643569855277;968
12;GBP/USD;0;768
2;GBP/USD;0.911116055527537;969
12;GBP/USD;0;769
2;GBP/USD;0.735893031858024;970
12;GBP/USD;0;770
2;GBP/USD;0.952926738604003;971
12;GBP/USD;0;771
2;GBP/USD;0.647720896519751;972
12;GBP/USD;0;772
2;GBP/USD;0.755386281733262;973
12;GBP/USD;0;773
2;GBP/USD;0.743425059320257;974
12;GBP/USD;0;774
2;GBP/USD;0.260705958665303;975
12;GBP/USD;0;775
2;GBP/USD;0.089086168928894;976
12;GBP/USD;1.71769;776
2;GBP/USD;0.0483066263131527;977
12;GBP/USD;0;777
2;GBP/USD;0.174329288898333;978
12;GBP/USD;0;778
2;GBP/USD;0.328108212875099;979
12;GBP/USD;0;779
2;GBP/USD;0.59285737200408;980
12;GBP/USD;0;780
2;GBP/USD;0.954396773964174;981
0;GBP/USD;1.6693;981
12;GBP/USD;0;781
2;GBP/USD;0.981534249151158;982
12;GBP/USD;0;782
2;GBP/USD;0.983950819477556;983
12;GBP/USD;1.70989;783
2;GBP/USD;0.993851696049255;984
12;GBP/USD;0;784
2;GBP/USD;0.996912696427985;985
12;GBP/USD;0;785
2;GBP/USD;0.995228416276209;986
12;GBP/USD;0;786
2;GBP/USD;0.994025045944889;987
12;GBP/USD;1.71791;787
2;GBP/USD;0.986507986592922;988
12;GBP/USD;0;788
2;GBP/USD;0.919203321679044;989
12;GBP/USD;0;789
2;GBP/USD;0.972043100211024;990
12;GBP/USD;0;790
2;GBP/USD;0.98830248270358;991
12;GBP/USD;0;791
2;GBP/USD;0.974560139102841;992
12;GBP/USD;0;792
2;GBP/USD;0.948153628479076;993
12;GBP/USD;0;793
2;GBP/USD;0.967211704788977;994
12;GBP/USD;0;794
2;GBP/USD;0.985524020144814;995
1;GBP/USD;1.6589;995
12;GBP/USD;0;795
2;GBP/USD;0.982925286624472;996
