9;NZD/USD;0.530453356938;101
8;NZD/USD;-0.000302425366843406;100
9;NZD/USD;0.445926765207;102
8;NZD/USD;0.00133048888497713;101
9;NZD/USD;-0.00859599267497;103
8;NZD/USD;0.0017191307997406;102
9;NZD/USD;-0.24954635643;104
8;NZD/USD;0.00169406798535199;103
9;NZD/USD;0.0183129098489;105
8;NZD/USD;0.00175897244413533;104
9;NZD/USD;-0.227345253768;106
8;NZD/USD;0.00179835735658555;105
9;NZD/USD;-0.35935173757;107
8;NZD/USD;0.00110240830552907;106
9;NZD/USD;-0.314088170642;108
8;NZD/USD;0.000446760297813748;107
9;NZD/USD;-0.216158889374;109
8;NZD/USD;0.00194916500625209;108
9;NZD/USD;-0.0711476192343;110
8;NZD/USD;0.00215688936455213;109
9;NZD/USD;0.0013016222572;111
8;NZD/USD;0.000386274503643879;110
9;NZD/USD;-0.218131512604;112
8;NZD/USD;-0.000830337712863794;111
9;NZD/USD;-0.373973919017;113
8;NZD/USD;-0.000774863583294988;112
9;NZD/USD;-0.388967325844;114
8;NZD/USD;-0.00209447978318809;113
9;NZD/USD;-0.150813886584;115
8;NZD/USD;-0.00196005740565248;114
9;NZD/USD;-0.544809753072;116
8;NZD/USD;-0.000269142820861818;115
9;NZD/USD;-0.673371906584;117
8;NZD/USD;0.000271700983370469;116
9;NZD/USD;-0.528642874781;118
8;NZD/USD;0.000398341158463913;117
9;NZD/USD;-0.42709724308;119
8;NZD/USD;0.00109429161755238;118
9;NZD/USD;-0.829934220522;120
8;NZD/USD;0.000731732366605426;119
9;NZD/USD;-0.749045296471;121
8;NZD/USD;0.00147698578864595;120
9;NZD/USD;-0.865459229172;122
8;NZD/USD;0.00132277003098331;121
9;NZD/USD;-0.847908489941;123
8;NZD/USD;0.00296253521646008;122
9;NZD/USD;-0.805968834994;124
8;NZD/USD;0.00204849228218839;123
9;NZD/USD;-0.571079521727;125
8;NZD/USD;0.00192982425625999;124
9;NZD/USD;-0.622058729762;126
8;NZD/USD;0.00155844643663805;125
9;NZD/USD;-0.279169791106;127
8;NZD/USD;0.00177554654998852;126
9;NZD/USD;-0.195178413463;128
8;NZD/USD;6.91917823290897E-06;127
9;NZD/USD;-0.168376676331;129
8;NZD/USD;-0.000418199929411023;128
9;NZD/USD;-0.150944323171;130
8;NZD/USD;-0.000896410652360372;129
9;NZD/USD;-0.272707584645;131
8;NZD/USD;-0.00270081377012677;130
9;NZD/USD;-0.529228611372;132
8;NZD/USD;-0.00243700445514821;131
9;NZD/USD;-0.186678091073;133
8;NZD/USD;-0.00307247838517013;132
9;NZD/USD;-0.230944978522;134
8;NZD/USD;-0.00216967519180176;133
9;NZD/USD;-0.297258912243;135
8;NZD/USD;-0.000648751026630636;134
9;NZD/USD;-0.0611722682753;136
8;NZD/USD;0.00131664510841652;135
9;NZD/USD;-0.568138778407;137
8;NZD/USD;0.000721904747272338;136
9;NZD/USD;-0.117749547502;138
8;NZD/USD;0.00159093868677672;137
9;NZD/USD;-0.033148674706;139
8;NZD/USD;0.00271477941079759;138
9;NZD/USD;-0.0267595842999;140
8;NZD/USD;0.00182461229230612;139
9;NZD/USD;-0.0180612770285;141
8;NZD/USD;0.00237358623412883;140
9;NZD/USD;-0.000826279178764;142
8;NZD/USD;0.00263944115156059;141
9;NZD/USD;0.000719137737148;143
8;NZD/USD;0.00175580754429409;142
9;NZD/USD;0.000499953459665;144
8;NZD/USD;-6.69031352664709E-05;143
9;NZD/USD;0.00169871543223;145
8;NZD/USD;0.000520905655642743;144
9;NZD/USD;0.0111992908107;146
8;NZD/USD;-0.000696684558311331;145
9;NZD/USD;0.0202709712563;147
8;NZD/USD;-0.000859820854144379;146
9;NZD/USD;0.043789083258;148
8;NZD/USD;-2.30320548628576E-06;147
9;NZD/USD;0.0756905745583;149
8;NZD/USD;-0.00062165319538612;148
9;NZD/USD;0.0271797268068;150
8;NZD/USD;-0.00213834002995045;149
9;NZD/USD;0.00288362565444;151
8;NZD/USD;-0.00127084314513685;150
