12;NZD/JPY;0;-200
12;NZD/JPY;0;-199
12;NZD/JPY;0;-198
12;NZD/JPY;0;-197
12;NZD/JPY;0;-196
12;NZD/JPY;0;-195
12;NZD/JPY;0;-194
12;NZD/JPY;0;-193
12;NZD/JPY;0;-192
12;NZD/JPY;0;-191
12;NZD/JPY;0;-190
12;NZD/JPY;0;-189
12;NZD/JPY;0;-188
12;NZD/JPY;0;-187
12;NZD/JPY;0;-186
12;NZD/JPY;0;-185
12;NZD/JPY;0;-184
12;NZD/JPY;0;-183
12;NZD/JPY;0;-182
12;NZD/JPY;0;-181
12;NZD/JPY;0;-180
12;NZD/JPY;0;-179
12;NZD/JPY;0;-178
12;NZD/JPY;0;-177
12;NZD/JPY;0;-176
12;NZD/JPY;0;-175
12;NZD/JPY;0;-174
12;NZD/JPY;0;-173
12;NZD/JPY;0;-172
12;NZD/JPY;0;-171
12;NZD/JPY;0;-170
12;NZD/JPY;0;-169
12;NZD/JPY;0;-168
12;NZD/JPY;0;-167
12;NZD/JPY;0;-166
12;NZD/JPY;0;-165
12;NZD/JPY;0;-164
12;NZD/JPY;0;-163
12;NZD/JPY;0;-162
12;NZD/JPY;0;-161
12;NZD/JPY;0;-160
12;NZD/JPY;0;-159
12;NZD/JPY;0;-158
12;NZD/JPY;0;-157
12;NZD/JPY;0;-156
12;NZD/JPY;0;-155
1;NZD/JPY;86.449;46
12;NZD/JPY;0;-154
12;NZD/JPY;0;-153
12;NZD/JPY;0;-152
12;NZD/JPY;0;-151
12;NZD/JPY;0;-150
12;NZD/JPY;0;-149
12;NZD/JPY;0;-148
12;NZD/JPY;0;-147
12;NZD/JPY;0;-146
12;NZD/JPY;0;-145
12;NZD/JPY;0;-144
12;NZD/JPY;0;-143
12;NZD/JPY;0;-142
12;NZD/JPY;0;-141
12;NZD/JPY;0;-140
12;NZD/JPY;0;-139
12;NZD/JPY;0;-138
12;NZD/JPY;0;-137
12;NZD/JPY;0;-136
12;NZD/JPY;0;-135
12;NZD/JPY;0;-134
0;NZD/JPY;86.442;67
12;NZD/JPY;0;-133
12;NZD/JPY;0;-132
12;NZD/JPY;0;-131
12;NZD/JPY;0;-130
12;NZD/JPY;0;-129
12;NZD/JPY;0;-128
12;NZD/JPY;0;-127
12;NZD/JPY;0;-126
12;NZD/JPY;0;-125
12;NZD/JPY;0;-124
1;NZD/JPY;85.977;77
12;NZD/JPY;0;-123
12;NZD/JPY;0;-122
12;NZD/JPY;0;-121
12;NZD/JPY;0;-120
12;NZD/JPY;0;-119
12;NZD/JPY;0;-118
12;NZD/JPY;0;-117
12;NZD/JPY;0;-116
12;NZD/JPY;0;-115
12;NZD/JPY;0;-114
12;NZD/JPY;0;-113
12;NZD/JPY;0;-112
12;NZD/JPY;0;-111
12;NZD/JPY;0;-110
12;NZD/JPY;0;-109
12;NZD/JPY;0;-108
12;NZD/JPY;0;-107
12;NZD/JPY;0;-106
0;NZD/JPY;85.976;95
12;NZD/JPY;0;-105
12;NZD/JPY;0;-104
12;NZD/JPY;0;-103
12;NZD/JPY;0;-102
12;NZD/JPY;0;-101
12;NZD/JPY;0;-100
12;NZD/JPY;0;-99
12;NZD/JPY;0;-98
12;NZD/JPY;0;-97
12;NZD/JPY;0;-96
1;NZD/JPY;84.744;105
12;NZD/JPY;0;-95
12;NZD/JPY;0;-94
12;NZD/JPY;0;-93
12;NZD/JPY;0;-92
12;NZD/JPY;0;-91
12;NZD/JPY;0;-90
12;NZD/JPY;0;-89
12;NZD/JPY;0;-88
12;NZD/JPY;0;-87
12;NZD/JPY;0;-86
12;NZD/JPY;0;-85
12;NZD/JPY;0;-84
12;NZD/JPY;0;-83
0;NZD/JPY;84.741;118
12;NZD/JPY;0;-82
12;NZD/JPY;0;-81
12;NZD/JPY;0;-80
12;NZD/JPY;0;-79
12;NZD/JPY;0;-78
12;NZD/JPY;0;-77
12;NZD/JPY;0;-76
12;NZD/JPY;0;-75
12;NZD/JPY;0;-74
12;NZD/JPY;0;-73
12;NZD/JPY;0;-72
12;NZD/JPY;0;-71
12;NZD/JPY;0;-70
12;NZD/JPY;0;-69
12;NZD/JPY;0;-68
12;NZD/JPY;0;-67
1;NZD/JPY;83.118;134
12;NZD/JPY;0;-66
0;NZD/JPY;82.371;135
12;NZD/JPY;0;-65
12;NZD/JPY;0;-64
12;NZD/JPY;0;-63
12;NZD/JPY;0;-62
12;NZD/JPY;0;-61
12;NZD/JPY;0;-60
1;NZD/JPY;82.376;141
12;NZD/JPY;0;-59
12;NZD/JPY;0;-58
12;NZD/JPY;0;-57
12;NZD/JPY;0;-56
12;NZD/JPY;0;-55
12;NZD/JPY;0;-54
12;NZD/JPY;0;-53
12;NZD/JPY;0;-52
12;NZD/JPY;0;-51
12;NZD/JPY;0;-50
12;NZD/JPY;0;-49
12;NZD/JPY;0;-48
12;NZD/JPY;0;-47
12;NZD/JPY;0;-46
12;NZD/JPY;0;-45
12;NZD/JPY;0;-44
12;NZD/JPY;0;-43
12;NZD/JPY;0;-42
12;NZD/JPY;0;-41
12;NZD/JPY;0;-40
12;NZD/JPY;0;-39
12;NZD/JPY;0;-38
12;NZD/JPY;0;-37
12;NZD/JPY;0;-36
12;NZD/JPY;0;-35
12;NZD/JPY;0;-34
12;NZD/JPY;0;-33
12;NZD/JPY;0;-32
12;NZD/JPY;0;-31
12;NZD/JPY;0;-30
12;NZD/JPY;0;-29
12;NZD/JPY;0;-28
12;NZD/JPY;0;-27
12;NZD/JPY;0;-26
12;NZD/JPY;0;-25
12;NZD/JPY;0;-24
12;NZD/JPY;0;-23
12;NZD/JPY;0;-22
12;NZD/JPY;0;-21
12;NZD/JPY;0;-20
12;NZD/JPY;0;-19
12;NZD/JPY;0;-18
12;NZD/JPY;0;-17
12;NZD/JPY;0;-16
12;NZD/JPY;0;-15
12;NZD/JPY;0;-14
12;NZD/JPY;0;-13
12;NZD/JPY;0;-12
12;NZD/JPY;0;-11
12;NZD/JPY;0;-10
12;NZD/JPY;0;-9
12;NZD/JPY;0;-8
12;NZD/JPY;0;-7
12;NZD/JPY;0;-6
12;NZD/JPY;0;-5
12;NZD/JPY;0;-4
12;NZD/JPY;0;-3
12;NZD/JPY;0;-2
0;NZD/JPY;84.973;199
12;NZD/JPY;0;-1
12;NZD/JPY;0;0
12;NZD/JPY;0;1
12;NZD/JPY;0;2
12;NZD/JPY;0;3
12;NZD/JPY;0;4
12;NZD/JPY;0;5
12;NZD/JPY;0;6
12;NZD/JPY;0;7
12;NZD/JPY;0;8
1;NZD/JPY;85.008;209
12;NZD/JPY;0;9
0;NZD/JPY;84.601;210
12;NZD/JPY;0;10
12;NZD/JPY;0;11
12;NZD/JPY;0;12
12;NZD/JPY;0;13
12;NZD/JPY;0;14
1;NZD/JPY;84.87;215
12;NZD/JPY;0;15
12;NZD/JPY;0;16
12;NZD/JPY;0;17
12;NZD/JPY;0;18
12;NZD/JPY;0;19
0;NZD/JPY;84.866;220
12;NZD/JPY;0;20
12;NZD/JPY;0;21
12;NZD/JPY;0;22
12;NZD/JPY;0;23
12;NZD/JPY;0;24
12;NZD/JPY;0;25
12;NZD/JPY;0;26
12;NZD/JPY;87.214;27
12;NZD/JPY;0;28
12;NZD/JPY;0;29
12;NZD/JPY;0;30
12;NZD/JPY;0;31
12;NZD/JPY;0;32
12;NZD/JPY;0;33
12;NZD/JPY;0;34
12;NZD/JPY;0;35
12;NZD/JPY;0;36
12;NZD/JPY;0;37
12;NZD/JPY;0;38
12;NZD/JPY;85.852;39
12;NZD/JPY;0;40
12;NZD/JPY;0;41
12;NZD/JPY;0;42
12;NZD/JPY;0;43
12;NZD/JPY;0;44
12;NZD/JPY;0;45
12;NZD/JPY;0;46
12;NZD/JPY;0;47
12;NZD/JPY;0;48
12;NZD/JPY;0;49
12;NZD/JPY;0;50
12;NZD/JPY;0;51
12;NZD/JPY;0;52
12;NZD/JPY;87.415;53
12;NZD/JPY;0;54
12;NZD/JPY;0;55
12;NZD/JPY;0;56
12;NZD/JPY;0;57
12;NZD/JPY;0;58
1;NZD/JPY;84.818;259
12;NZD/JPY;0;59
12;NZD/JPY;0;60
12;NZD/JPY;0;61
12;NZD/JPY;0;62
12;NZD/JPY;0;63
12;NZD/JPY;0;64
12;NZD/JPY;0;65
12;NZD/JPY;0;66
12;NZD/JPY;0;67
12;NZD/JPY;0;68
12;NZD/JPY;0;69
12;NZD/JPY;0;70
12;NZD/JPY;0;71
12;NZD/JPY;0;72
12;NZD/JPY;0;73
12;NZD/JPY;85.517;74
12;NZD/JPY;0;75
12;NZD/JPY;0;76
12;NZD/JPY;0;77
12;NZD/JPY;87.213;78
12;NZD/JPY;0;79
12;NZD/JPY;0;80
12;NZD/JPY;0;81
12;NZD/JPY;0;82
12;NZD/JPY;0;83
12;NZD/JPY;0;84
12;NZD/JPY;0;85
12;NZD/JPY;0;86
12;NZD/JPY;0;87
12;NZD/JPY;0;88
12;NZD/JPY;0;89
12;NZD/JPY;0;90
12;NZD/JPY;0;91
12;NZD/JPY;0;92
12;NZD/JPY;0;93
12;NZD/JPY;0;94
12;NZD/JPY;0;95
12;NZD/JPY;0;96
12;NZD/JPY;0;97
12;NZD/JPY;0;98
12;NZD/JPY;0;99
12;NZD/JPY;0;100
12;NZD/JPY;0;101
12;NZD/JPY;83.703;102
12;NZD/JPY;0;103
12;NZD/JPY;0;104
0;NZD/JPY;86.566;305
12;NZD/JPY;0;105
12;NZD/JPY;0;106
12;NZD/JPY;0;107
12;NZD/JPY;0;108
12;NZD/JPY;0;109
12;NZD/JPY;0;110
12;NZD/JPY;0;111
12;NZD/JPY;0;112
12;NZD/JPY;85.704;113
12;NZD/JPY;0;114
1;NZD/JPY;86.795;315
12;NZD/JPY;0;115
12;NZD/JPY;0;116
12;NZD/JPY;0;117
12;NZD/JPY;0;118
12;NZD/JPY;0;119
0;NZD/JPY;86.793;320
12;NZD/JPY;0;120
12;NZD/JPY;0;121
12;NZD/JPY;0;122
12;NZD/JPY;0;123
12;NZD/JPY;0;124
12;NZD/JPY;0;125
12;NZD/JPY;0;126
12;NZD/JPY;0;127
12;NZD/JPY;0;128
12;NZD/JPY;0;129
12;NZD/JPY;0;130
12;NZD/JPY;0;131
12;NZD/JPY;0;132
12;NZD/JPY;0;133
12;NZD/JPY;0;134
12;NZD/JPY;0;135
12;NZD/JPY;0;136
12;NZD/JPY;0;137
12;NZD/JPY;81.422;138
12;NZD/JPY;0;139
12;NZD/JPY;0;140
12;NZD/JPY;0;141
12;NZD/JPY;0;142
12;NZD/JPY;0;143
12;NZD/JPY;0;144
12;NZD/JPY;0;145
12;NZD/JPY;0;146
12;NZD/JPY;0;147
12;NZD/JPY;0;148
12;NZD/JPY;0;149
12;NZD/JPY;0;150
12;NZD/JPY;0;151
12;NZD/JPY;0;152
12;NZD/JPY;0;153
12;NZD/JPY;0;154
12;NZD/JPY;0;155
12;NZD/JPY;0;156
12;NZD/JPY;0;157
12;NZD/JPY;0;158
12;NZD/JPY;0;159
12;NZD/JPY;0;160
12;NZD/JPY;0;161
12;NZD/JPY;0;162
12;NZD/JPY;0;163
12;NZD/JPY;0;164
12;NZD/JPY;0;165
12;NZD/JPY;0;166
12;NZD/JPY;0;167
12;NZD/JPY;0;168
12;NZD/JPY;0;169
12;NZD/JPY;0;170
12;NZD/JPY;0;171
12;NZD/JPY;0;172
12;NZD/JPY;0;173
12;NZD/JPY;0;174
12;NZD/JPY;85.775;175
12;NZD/JPY;0;176
12;NZD/JPY;0;177
12;NZD/JPY;0;178
12;NZD/JPY;0;179
12;NZD/JPY;0;180
12;NZD/JPY;84.646;181
12;NZD/JPY;0;182
12;NZD/JPY;0;183
12;NZD/JPY;0;184
12;NZD/JPY;0;185
12;NZD/JPY;0;186
12;NZD/JPY;0;187
12;NZD/JPY;0;188
12;NZD/JPY;0;189
12;NZD/JPY;0;190
12;NZD/JPY;0;191
12;NZD/JPY;0;192
12;NZD/JPY;0;193
12;NZD/JPY;0;194
12;NZD/JPY;0;195
12;NZD/JPY;0;196
1;NZD/JPY;88.887;397
12;NZD/JPY;0;197
12;NZD/JPY;0;198
12;NZD/JPY;85.754;199
0;NZD/JPY;88.433;400
12;NZD/JPY;0;200
2;NZD/JPY;0.628415649485275;401
12;NZD/JPY;0;201
2;NZD/JPY;0.539963563289995;402
12;NZD/JPY;0;202
2;NZD/JPY;0.684827303226525;403
1;NZD/JPY;88.986;403
12;NZD/JPY;0;203
2;NZD/JPY;0.533017986398115;404
0;NZD/JPY;88.533;404
12;NZD/JPY;0;204
2;NZD/JPY;0.423199217557971;405
12;NZD/JPY;0;205
2;NZD/JPY;0.510588595528954;406
12;NZD/JPY;0;206
2;NZD/JPY;0.570201144154511;407
12;NZD/JPY;0;207
2;NZD/JPY;0.516172749145058;408
12;NZD/JPY;0;208
2;NZD/JPY;0.577101672818985;409
12;NZD/JPY;0;209
2;NZD/JPY;0.636449862191967;410
1;NZD/JPY;88.856;410
12;NZD/JPY;84.002;210
2;NZD/JPY;0.316295465126537;411
12;NZD/JPY;0;211
2;NZD/JPY;0.150901339717354;412
0;NZD/JPY;88.806;412
12;NZD/JPY;0;212
2;NZD/JPY;0.154696033803629;413
12;NZD/JPY;0;213
2;NZD/JPY;0.273461859075116;414
12;NZD/JPY;0;214
2;NZD/JPY;0.292396501726312;415
12;NZD/JPY;0;215
2;NZD/JPY;0.401538162254602;416
12;NZD/JPY;0;216
2;NZD/JPY;0.368027175959682;417
1;NZD/JPY;88.717;417
12;NZD/JPY;0;217
2;NZD/JPY;0.402847406491383;418
12;NZD/JPY;0;218
2;NZD/JPY;0.519594168722443;419
12;NZD/JPY;0;219
2;NZD/JPY;0.436391166160684;420
12;NZD/JPY;0;220
2;NZD/JPY;0.360396247577379;421
12;NZD/JPY;0;221
2;NZD/JPY;0.31129715471953;422
0;NZD/JPY;88.717;422
12;NZD/JPY;0;222
2;NZD/JPY;0.278921034685505;423
12;NZD/JPY;0;223
2;NZD/JPY;0.328490475765412;424
12;NZD/JPY;0;224
2;NZD/JPY;0.424718067990332;425
12;NZD/JPY;0;225
2;NZD/JPY;0.555249086779185;426
12;NZD/JPY;0;226
2;NZD/JPY;0.829464041214052;427
12;NZD/JPY;0;227
2;NZD/JPY;0.854434030214673;428
12;NZD/JPY;85.604;228
2;NZD/JPY;0.899207490275793;429
12;NZD/JPY;0;229
2;NZD/JPY;0.928019206290117;430
12;NZD/JPY;0;230
2;NZD/JPY;0.927930484747664;431
1;NZD/JPY;88.222;431
12;NZD/JPY;0;231
2;NZD/JPY;0.821336747806903;432
12;NZD/JPY;0;232
2;NZD/JPY;0.752142070442915;433
12;NZD/JPY;0;233
2;NZD/JPY;0.457478649167158;434
12;NZD/JPY;0;234
2;NZD/JPY;0.507155255366651;435
12;NZD/JPY;0;235
2;NZD/JPY;0.540799157449712;436
12;NZD/JPY;0;236
2;NZD/JPY;0.513497919165175;437
12;NZD/JPY;84.701;237
2;NZD/JPY;0.543764299766219;438
12;NZD/JPY;0;238
2;NZD/JPY;0.213218823480991;439
12;NZD/JPY;0;239
2;NZD/JPY;0.338121859226536;440
0;NZD/JPY;88.207;440
12;NZD/JPY;0;240
2;NZD/JPY;0.403205732731484;441
12;NZD/JPY;0;241
2;NZD/JPY;0.575575402075833;442
12;NZD/JPY;0;242
2;NZD/JPY;0.477382340588039;443
12;NZD/JPY;0;243
2;NZD/JPY;0.657000694162593;444
12;NZD/JPY;0;244
2;NZD/JPY;0.583212985475458;445
12;NZD/JPY;0;245
2;NZD/JPY;0.651531993363692;446
12;NZD/JPY;0;246
2;NZD/JPY;0.585368240692725;447
12;NZD/JPY;0;247
2;NZD/JPY;0.757802038658459;448
1;NZD/JPY;87.965;448
12;NZD/JPY;0;248
2;NZD/JPY;0.424374786139304;449
12;NZD/JPY;85.897;249
2;NZD/JPY;0.233882913261669;450
12;NZD/JPY;0;250
2;NZD/JPY;0.162650582617836;451
0;NZD/JPY;87.963;451
12;NZD/JPY;0;251
2;NZD/JPY;0.209568263599853;452
12;NZD/JPY;84.521;252
2;NZD/JPY;0.287825490449792;453
12;NZD/JPY;0;253
2;NZD/JPY;0.347015193946346;454
12;NZD/JPY;0;254
2;NZD/JPY;0.336799374720525;455
12;NZD/JPY;0;255
2;NZD/JPY;0.476045034673257;456
12;NZD/JPY;0;256
2;NZD/JPY;0.601509173655567;457
12;NZD/JPY;0;257
2;NZD/JPY;0.597092359961797;458
12;NZD/JPY;0;258
2;NZD/JPY;0.792007088901571;459
12;NZD/JPY;0;259
2;NZD/JPY;0.505847331204584;460
12;NZD/JPY;0;260
2;NZD/JPY;0.576261946284054;461
12;NZD/JPY;0;261
2;NZD/JPY;0.378693708108304;462
12;NZD/JPY;0;262
2;NZD/JPY;0.535886640019829;463
12;NZD/JPY;0;263
2;NZD/JPY;0.158779319528957;464
12;NZD/JPY;0;264
2;NZD/JPY;0.281999316063506;465
12;NZD/JPY;0;265
2;NZD/JPY;0.229416458555272;466
12;NZD/JPY;0;266
2;NZD/JPY;0.317799413896071;467
12;NZD/JPY;0;267
2;NZD/JPY;0.385097048316427;468
12;NZD/JPY;0;268
2;NZD/JPY;0.58593582156876;469
12;NZD/JPY;0;269
2;NZD/JPY;0.413296212124743;470
12;NZD/JPY;0;270
2;NZD/JPY;0.188774226222856;471
12;NZD/JPY;0;271
2;NZD/JPY;0.257663321828218;472
12;NZD/JPY;0;272
2;NZD/JPY;0.108517176720004;473
12;NZD/JPY;0;273
2;NZD/JPY;0.0838879159425619;474
12;NZD/JPY;0;274
2;NZD/JPY;0.0906850724554001;475
12;NZD/JPY;0;275
2;NZD/JPY;0.0840425946686948;476
12;NZD/JPY;0;276
2;NZD/JPY;0.0632481104449567;477
12;NZD/JPY;0;277
2;NZD/JPY;0.231201243632899;478
12;NZD/JPY;0;278
2;NZD/JPY;0.535979538924071;479
12;NZD/JPY;87.942;279
2;NZD/JPY;0.68779105427888;480
12;NZD/JPY;0;280
2;NZD/JPY;0.660245377580992;481
12;NZD/JPY;0;281
2;NZD/JPY;0.599158242964072;482
12;NZD/JPY;0;282
2;NZD/JPY;0.597934343252516;483
12;NZD/JPY;0;283
2;NZD/JPY;0.679644049269312;484
12;NZD/JPY;0;284
2;NZD/JPY;0.865795744977793;485
12;NZD/JPY;0;285
2;NZD/JPY;0.8542442835753;486
12;NZD/JPY;0;286
2;NZD/JPY;0.88560922495492;487
12;NZD/JPY;0;287
2;NZD/JPY;0.879240164229297;488
12;NZD/JPY;0;288
2;NZD/JPY;0.900550321970562;489
12;NZD/JPY;0;289
2;NZD/JPY;0.909378686182686;490
1;NZD/JPY;87.712;490
12;NZD/JPY;0;290
2;NZD/JPY;0.889469364034314;491
12;NZD/JPY;0;291
2;NZD/JPY;0.912641076421995;492
12;NZD/JPY;0;292
2;NZD/JPY;0.878439894143694;493
12;NZD/JPY;0;293
2;NZD/JPY;0.900113816278002;494
12;NZD/JPY;0;294
2;NZD/JPY;0.847485205840627;495
0;NZD/JPY;87.395;495
12;NZD/JPY;0;295
2;NZD/JPY;0.85899413442417;496
12;NZD/JPY;0;296
2;NZD/JPY;0.800517779127327;497
12;NZD/JPY;0;297
2;NZD/JPY;0.83355257985041;498
12;NZD/JPY;0;298
2;NZD/JPY;0.795587249286336;499
1;NZD/JPY;87.491;499
12;NZD/JPY;86.589;299
2;NZD/JPY;0.815800484643471;500
12;NZD/JPY;0;300
2;NZD/JPY;0.934834543949998;501
12;NZD/JPY;0;301
2;NZD/JPY;0.822990896074886;502
12;NZD/JPY;0;302
2;NZD/JPY;0.72224771139778;503
12;NZD/JPY;88.317;303
2;NZD/JPY;0.715426110359707;504
12;NZD/JPY;0;304
2;NZD/JPY;0.515720576651546;505
12;NZD/JPY;0;305
2;NZD/JPY;0.319706176121026;506
12;NZD/JPY;0;306
2;NZD/JPY;0.250978502326217;507
12;NZD/JPY;0;307
2;NZD/JPY;0.277776003929722;508
12;NZD/JPY;0;308
2;NZD/JPY;0.195355660906027;509
12;NZD/JPY;0;309
2;NZD/JPY;0.156765238846233;510
12;NZD/JPY;0;310
2;NZD/JPY;0.182537714294974;511
12;NZD/JPY;86.283;311
2;NZD/JPY;0.2892296184688;512
12;NZD/JPY;0;312
2;NZD/JPY;0.260162849839185;513
12;NZD/JPY;0;313
2;NZD/JPY;0.498213393074854;514
12;NZD/JPY;0;314
2;NZD/JPY;0.320918383193116;515
12;NZD/JPY;0;315
2;NZD/JPY;0.327465419282077;516
12;NZD/JPY;0;316
2;NZD/JPY;0.317056902140739;517
12;NZD/JPY;0;317
2;NZD/JPY;0.253865636794941;518
12;NZD/JPY;0;318
2;NZD/JPY;0.235433452116851;519
12;NZD/JPY;0;319
2;NZD/JPY;0.184712088336173;520
12;NZD/JPY;0;320
2;NZD/JPY;0.109189712946976;521
12;NZD/JPY;0;321
2;NZD/JPY;0.157323189309612;522
12;NZD/JPY;0;322
2;NZD/JPY;0.169672480588;523
12;NZD/JPY;0;323
2;NZD/JPY;0.208587102525381;524
12;NZD/JPY;0;324
2;NZD/JPY;0.481612605681408;525
12;NZD/JPY;0;325
2;NZD/JPY;0.546940237654008;526
12;NZD/JPY;0;326
2;NZD/JPY;0.591477417510848;527
12;NZD/JPY;0;327
2;NZD/JPY;0.57547038947492;528
12;NZD/JPY;87.908;328
2;NZD/JPY;0.293482723992677;529
12;NZD/JPY;0;329
2;NZD/JPY;0.212611865281722;530
12;NZD/JPY;0;330
2;NZD/JPY;0.231499979683838;531
12;NZD/JPY;0;331
2;NZD/JPY;0.204774243014739;532
12;NZD/JPY;0;332
2;NZD/JPY;0.115886596998852;533
12;NZD/JPY;87.106;333
2;NZD/JPY;0.0869966103679489;534
12;NZD/JPY;0;334
2;NZD/JPY;0.215583582504403;535
12;NZD/JPY;0;335
2;NZD/JPY;0.126915924525842;536
12;NZD/JPY;0;336
2;NZD/JPY;0.497362860239831;537
12;NZD/JPY;0;337
2;NZD/JPY;0.857038778814975;538
12;NZD/JPY;0;338
2;NZD/JPY;0.870428192479947;539
12;NZD/JPY;0;339
2;NZD/JPY;0.932930634732642;540
12;NZD/JPY;0;340
2;NZD/JPY;0.959201244257005;541
12;NZD/JPY;0;341
2;NZD/JPY;0.979799141929167;542
12;NZD/JPY;0;342
2;NZD/JPY;0.988194398302042;543
12;NZD/JPY;0;343
2;NZD/JPY;0.978557763468098;544
12;NZD/JPY;0;344
2;NZD/JPY;0.975134226946104;545
12;NZD/JPY;0;345
2;NZD/JPY;0.9392142491668;546
12;NZD/JPY;0;346
2;NZD/JPY;0.873829949730156;547
12;NZD/JPY;0;347
2;NZD/JPY;0.873807828925747;548
12;NZD/JPY;0;348
2;NZD/JPY;0.784402972948742;549
12;NZD/JPY;0;349
2;NZD/JPY;0.793330869035946;550
12;NZD/JPY;0;350
2;NZD/JPY;0.731749516441934;551
12;NZD/JPY;0;351
2;NZD/JPY;0.810191963024064;552
12;NZD/JPY;0;352
2;NZD/JPY;0.882568453868293;553
12;NZD/JPY;0;353
2;NZD/JPY;0.77922524151017;554
12;NZD/JPY;0;354
2;NZD/JPY;0.853694097292137;555
12;NZD/JPY;0;355
2;NZD/JPY;0.818217340263536;556
12;NZD/JPY;0;356
2;NZD/JPY;0.429508234451005;557
12;NZD/JPY;0;357
2;NZD/JPY;0.230796960277899;558
12;NZD/JPY;0;358
2;NZD/JPY;0.215191062460092;559
12;NZD/JPY;0;359
2;NZD/JPY;0.187661988165191;560
12;NZD/JPY;0;360
2;NZD/JPY;0.112512653355633;561
12;NZD/JPY;0;361
2;NZD/JPY;0.0974634462215377;562
12;NZD/JPY;0;362
2;NZD/JPY;0.0781459392148344;563
12;NZD/JPY;0;363
2;NZD/JPY;0.141241875252539;564
12;NZD/JPY;0;364
2;NZD/JPY;0.351524768992754;565
12;NZD/JPY;0;365
2;NZD/JPY;0.383334956178184;566
12;NZD/JPY;0;366
2;NZD/JPY;0.270795055987571;567
12;NZD/JPY;0;367
2;NZD/JPY;0.584448991093157;568
12;NZD/JPY;0;368
2;NZD/JPY;0.844396010189389;569
12;NZD/JPY;0;369
2;NZD/JPY;0.879868803637324;570
12;NZD/JPY;0;370
2;NZD/JPY;0.870098362866726;571
12;NZD/JPY;0;371
2;NZD/JPY;0.909588971403296;572
12;NZD/JPY;0;372
4;NZD/JPY;87.946;572
4;NZD/JPY;87.946;569
2;NZD/JPY;0.781546726434073;573
12;NZD/JPY;0;373
2;NZD/JPY;0.671582346402718;574
0;NZD/JPY;87.946;574
12;NZD/JPY;0;374
2;NZD/JPY;0.889090814649891;575
12;NZD/JPY;0;375
2;NZD/JPY;0.842397341541494;576
12;NZD/JPY;0;376
2;NZD/JPY;0.836873070408539;577
12;NZD/JPY;0;377
2;NZD/JPY;0.924987610435457;578
12;NZD/JPY;0;378
2;NZD/JPY;0.924277203849532;579
12;NZD/JPY;0;379
2;NZD/JPY;0.928603521547262;580
12;NZD/JPY;0;380
2;NZD/JPY;0.810498805417869;581
12;NZD/JPY;0;381
2;NZD/JPY;0.931885062370379;582
12;NZD/JPY;0;382
2;NZD/JPY;0.970204818200403;583
12;NZD/JPY;0;383
2;NZD/JPY;0.945625217829049;584
1;NZD/JPY;87.766;584
12;NZD/JPY;0;384
2;NZD/JPY;0.897360738260824;585
0;NZD/JPY;87.419;585
12;NZD/JPY;0;385
2;NZD/JPY;0.884990268894327;586
12;NZD/JPY;0;386
2;NZD/JPY;0.749489330278469;587
12;NZD/JPY;0;387
2;NZD/JPY;0.89527258676466;588
12;NZD/JPY;0;388
2;NZD/JPY;0.92181338263689;589
1;NZD/JPY;87.602;589
12;NZD/JPY;0;389
2;NZD/JPY;0.88994280742927;590
0;NZD/JPY;87.276;590
12;NZD/JPY;0;390
2;NZD/JPY;0.865613481003802;591
12;NZD/JPY;0;391
2;NZD/JPY;0.890385684666391;592
12;NZD/JPY;0;392
2;NZD/JPY;0.958683856434654;593
12;NZD/JPY;0;393
2;NZD/JPY;0.968159874148125;594
12;NZD/JPY;0;394
2;NZD/JPY;0.968407350118208;595
12;NZD/JPY;0;395
2;NZD/JPY;0.968101334730766;596
12;NZD/JPY;0;396
2;NZD/JPY;0.96852514763857;597
12;NZD/JPY;0;397
2;NZD/JPY;0.930444435971258;598
12;NZD/JPY;0;398
2;NZD/JPY;0.956838139328449;599
1;NZD/JPY;86.688;599
12;NZD/JPY;0;399
2;NZD/JPY;0.898850983873492;600
12;NZD/JPY;0;400
2;NZD/JPY;0.668082714352741;601
12;NZD/JPY;0;401
2;NZD/JPY;0.546687976657588;602
12;NZD/JPY;0;402
2;NZD/JPY;0.143630231640252;603
12;NZD/JPY;0;403
2;NZD/JPY;0.204850100579263;604
12;NZD/JPY;0;404
2;NZD/JPY;0.112395976449516;605
12;NZD/JPY;0;405
2;NZD/JPY;0.0633213939212347;606
12;NZD/JPY;0;406
2;NZD/JPY;0.0626400230078695;607
12;NZD/JPY;0;407
2;NZD/JPY;0.077276191248775;608
12;NZD/JPY;0;408
2;NZD/JPY;0.0793513047695053;609
12;NZD/JPY;0;409
2;NZD/JPY;0.399252783270776;610
12;NZD/JPY;0;410
2;NZD/JPY;0.367581874902651;611
12;NZD/JPY;0;411
2;NZD/JPY;0.657646500385766;612
12;NZD/JPY;88.054;412
2;NZD/JPY;0.664337183701739;613
12;NZD/JPY;0;413
2;NZD/JPY;0.532078663672776;614
12;NZD/JPY;0;414
2;NZD/JPY;0.662686892392847;615
12;NZD/JPY;0;415
2;NZD/JPY;0.335085175963213;616
12;NZD/JPY;0;416
2;NZD/JPY;0.399005090756416;617
12;NZD/JPY;0;417
2;NZD/JPY;0.229720662996882;618
12;NZD/JPY;0;418
2;NZD/JPY;0.217198377355188;619
12;NZD/JPY;0;419
2;NZD/JPY;0.0642472538030006;620
12;NZD/JPY;89.222;420
2;NZD/JPY;0.082897057600095;621
12;NZD/JPY;0;421
2;NZD/JPY;0.13668974820976;622
12;NZD/JPY;0;422
2;NZD/JPY;0.213511228345291;623
12;NZD/JPY;0;423
2;NZD/JPY;0.467697726943362;624
12;NZD/JPY;0;424
2;NZD/JPY;0.424002390623524;625
12;NZD/JPY;0;425
2;NZD/JPY;0.381312575439734;626
0;NZD/JPY;86.685;626
12;NZD/JPY;87.626;426
2;NZD/JPY;0.751134377261822;627
12;NZD/JPY;0;427
2;NZD/JPY;0.885789496583896;628
12;NZD/JPY;0;428
2;NZD/JPY;0.897407033369073;629
12;NZD/JPY;0;429
2;NZD/JPY;0.942848502012075;630
12;NZD/JPY;0;430
2;NZD/JPY;0.916474841703372;631
12;NZD/JPY;0;431
2;NZD/JPY;0.907936541181692;632
12;NZD/JPY;0;432
2;NZD/JPY;0.94188698410182;633
12;NZD/JPY;0;433
2;NZD/JPY;0.764288131947862;634
12;NZD/JPY;0;434
2;NZD/JPY;0.877248287716347;635
12;NZD/JPY;0;435
2;NZD/JPY;0.879374055805004;636
12;NZD/JPY;0;436
2;NZD/JPY;0.859302013617886;637
1;NZD/JPY;86.344;637
12;NZD/JPY;88.568;437
2;NZD/JPY;0.550152357207969;638
12;NZD/JPY;0;438
2;NZD/JPY;0.208192162293457;639
12;NZD/JPY;0;439
2;NZD/JPY;0.169166104985216;640
12;NZD/JPY;0;440
2;NZD/JPY;0.153395743016841;641
12;NZD/JPY;0;441
2;NZD/JPY;0.150686099064773;642
12;NZD/JPY;0;442
2;NZD/JPY;0.0544158361890063;643
12;NZD/JPY;0;443
2;NZD/JPY;0.118346997182718;644
12;NZD/JPY;87.51;444
2;NZD/JPY;0.0661336473321657;645
12;NZD/JPY;0;445
2;NZD/JPY;0.33323252496192;646
12;NZD/JPY;0;446
2;NZD/JPY;0.110297323382043;647
12;NZD/JPY;0;447
2;NZD/JPY;0.319050547208994;648
12;NZD/JPY;0;448
2;NZD/JPY;0.310802911783824;649
12;NZD/JPY;0;449
2;NZD/JPY;0.2074670602187;650
12;NZD/JPY;0;450
2;NZD/JPY;0.0869620938924656;651
12;NZD/JPY;0;451
2;NZD/JPY;0.0931298322806059;652
0;NZD/JPY;86.341;652
12;NZD/JPY;0;452
2;NZD/JPY;0.380097647035519;653
12;NZD/JPY;0;453
2;NZD/JPY;0.399978351999498;654
12;NZD/JPY;0;454
2;NZD/JPY;0.345327530551433;655
12;NZD/JPY;0;455
2;NZD/JPY;0.481102084940468;656
12;NZD/JPY;0;456
2;NZD/JPY;0.785156296088878;657
12;NZD/JPY;0;457
2;NZD/JPY;0.880158648764726;658
12;NZD/JPY;0;458
2;NZD/JPY;0.878268918891986;659
12;NZD/JPY;0;459
2;NZD/JPY;0.849886735244225;660
12;NZD/JPY;0;460
2;NZD/JPY;0.734163088875327;661
12;NZD/JPY;0;461
2;NZD/JPY;0.472556161376042;662
12;NZD/JPY;0;462
2;NZD/JPY;0.145630704844462;663
12;NZD/JPY;0;463
2;NZD/JPY;0.22533503096025;664
12;NZD/JPY;0;464
2;NZD/JPY;0.0481128163204247;665
12;NZD/JPY;0;465
2;NZD/JPY;0.034050529825621;666
12;NZD/JPY;0;466
2;NZD/JPY;0.0428496670385855;667
12;NZD/JPY;0;467
2;NZD/JPY;0.0228383616655351;668
12;NZD/JPY;0;468
2;NZD/JPY;0.0255818188742207;669
12;NZD/JPY;0;469
2;NZD/JPY;0.0238118673717613;670
12;NZD/JPY;0;470
2;NZD/JPY;0.0555127337844954;671
12;NZD/JPY;0;471
2;NZD/JPY;0.0586763195568436;672
12;NZD/JPY;0;472
2;NZD/JPY;0.0744563172345057;673
12;NZD/JPY;0;473
2;NZD/JPY;0.052897999780389;674
12;NZD/JPY;88.459;474
2;NZD/JPY;0.0566798496436272;675
12;NZD/JPY;0;475
2;NZD/JPY;0.109099168502484;676
12;NZD/JPY;0;476
2;NZD/JPY;0.0953525123551117;677
12;NZD/JPY;87.615;477
2;NZD/JPY;0.183403613127766;678
12;NZD/JPY;0;478
2;NZD/JPY;0.168079858888174;679
12;NZD/JPY;0;479
2;NZD/JPY;0.50254215618878;680
12;NZD/JPY;88.487;480
2;NZD/JPY;0.573598467473153;681
12;NZD/JPY;0;481
2;NZD/JPY;0.492312748629042;682
12;NZD/JPY;0;482
2;NZD/JPY;0.242933821171358;683
12;NZD/JPY;0;483
2;NZD/JPY;0.210720546930796;684
12;NZD/JPY;0;484
2;NZD/JPY;0.096255900592594;685
12;NZD/JPY;0;485
2;NZD/JPY;0.0655099846265478;686
12;NZD/JPY;0;486
2;NZD/JPY;0.0335520810500518;687
12;NZD/JPY;0;487
2;NZD/JPY;0.0345472200046796;688
12;NZD/JPY;0;488
2;NZD/JPY;0.0338572347572303;689
12;NZD/JPY;0;489
2;NZD/JPY;0.0308443130979435;690
12;NZD/JPY;0;490
2;NZD/JPY;0.0846825975274348;691
12;NZD/JPY;0;491
2;NZD/JPY;0.0842707844866031;692
12;NZD/JPY;0;492
2;NZD/JPY;0.0456239442857329;693
12;NZD/JPY;0;493
2;NZD/JPY;0.122014619152291;694
12;NZD/JPY;0;494
2;NZD/JPY;0.0436815784227736;695
12;NZD/JPY;0;495
2;NZD/JPY;0.0500395666099139;696
12;NZD/JPY;87.236;496
2;NZD/JPY;0.0749864590534256;697
12;NZD/JPY;0;497
2;NZD/JPY;0.106846606661984;698
12;NZD/JPY;0;498
2;NZD/JPY;0.091790327295784;699
12;NZD/JPY;0;499
2;NZD/JPY;0.162458684320194;700
12;NZD/JPY;0;500
2;NZD/JPY;0.295831196700949;701
12;NZD/JPY;0;501
2;NZD/JPY;0.826198185735196;702
12;NZD/JPY;0;502
2;NZD/JPY;0.230453074465978;703
12;NZD/JPY;0;503
2;NZD/JPY;0.683411278436988;704
12;NZD/JPY;0;504
2;NZD/JPY;0.0612985113701938;705
12;NZD/JPY;0;505
2;NZD/JPY;0.373279188311257;706
12;NZD/JPY;0;506
2;NZD/JPY;0.641853696438809;707
12;NZD/JPY;0;507
2;NZD/JPY;0.673955704340026;708
12;NZD/JPY;0;508
2;NZD/JPY;0.85261635789495;709
12;NZD/JPY;0;509
2;NZD/JPY;0.925254683396615;710
12;NZD/JPY;0;510
2;NZD/JPY;0.978010521125017;711
12;NZD/JPY;0;511
2;NZD/JPY;0.919585502276354;712
12;NZD/JPY;0;512
2;NZD/JPY;0.857367103148462;713
12;NZD/JPY;0;513
2;NZD/JPY;0.851241416282586;714
12;NZD/JPY;0;514
2;NZD/JPY;0.760813282406698;715
12;NZD/JPY;0;515
2;NZD/JPY;0.467198937185249;716
12;NZD/JPY;0;516
2;NZD/JPY;0.460158460580085;717
12;NZD/JPY;0;517
2;NZD/JPY;0.275754900972146;718
12;NZD/JPY;0;518
2;NZD/JPY;0.161831806492507;719
12;NZD/JPY;0;519
2;NZD/JPY;0.186202388993757;720
12;NZD/JPY;0;520
2;NZD/JPY;0.078016309444178;721
12;NZD/JPY;0;521
2;NZD/JPY;0.154444280142758;722
12;NZD/JPY;0;522
2;NZD/JPY;0.152170115832216;723
12;NZD/JPY;0;523
2;NZD/JPY;0.480751883093764;724
12;NZD/JPY;0;524
2;NZD/JPY;0.595430950031806;725
12;NZD/JPY;0;525
2;NZD/JPY;0.445645731126229;726
12;NZD/JPY;0;526
2;NZD/JPY;0.802836673564138;727
12;NZD/JPY;0;527
2;NZD/JPY;0.889888706456277;728
12;NZD/JPY;0;528
2;NZD/JPY;0.733763352730994;729
12;NZD/JPY;0;529
2;NZD/JPY;0.783250247568157;730
12;NZD/JPY;89.282;530
2;NZD/JPY;0.938347488488561;731
12;NZD/JPY;0;531
2;NZD/JPY;0.84868423460507;732
12;NZD/JPY;0;532
2;NZD/JPY;0.761338042977474;733
12;NZD/JPY;0;533
2;NZD/JPY;0.191359181112809;734
12;NZD/JPY;0;534
2;NZD/JPY;0.459131241904044;735
12;NZD/JPY;0;535
2;NZD/JPY;0.227817840720078;736
12;NZD/JPY;0;536
2;NZD/JPY;0.669712722722311;737
12;NZD/JPY;0;537
2;NZD/JPY;0.955598322175713;738
12;NZD/JPY;0;538
2;NZD/JPY;0.946632720979561;739
12;NZD/JPY;0;539
2;NZD/JPY;0.983308508919753;740
12;NZD/JPY;0;540
2;NZD/JPY;0.969573422957719;741
12;NZD/JPY;0;541
2;NZD/JPY;0.985353453029378;742
12;NZD/JPY;0;542
2;NZD/JPY;0.974767046559947;743
12;NZD/JPY;0;543
2;NZD/JPY;0.994731644625002;744
12;NZD/JPY;0;544
2;NZD/JPY;0.985902092757536;745
12;NZD/JPY;0;545
2;NZD/JPY;0.990530494932539;746
12;NZD/JPY;0;546
2;NZD/JPY;0.969427533408963;747
12;NZD/JPY;0;547
2;NZD/JPY;0.975427480654306;748
1;NZD/JPY;88.661;748
12;NZD/JPY;0;548
2;NZD/JPY;0.791707273064045;749
12;NZD/JPY;87.508;549
2;NZD/JPY;0.300499318667956;750
12;NZD/JPY;0;550
2;NZD/JPY;0.0365208306627003;751
12;NZD/JPY;0;551
2;NZD/JPY;0.0563287245568972;752
12;NZD/JPY;0;552
2;NZD/JPY;0.0230326333215206;753
12;NZD/JPY;0;553
2;NZD/JPY;0.0175769705936118;754
12;NZD/JPY;0;554
2;NZD/JPY;0.0147312026281413;755
12;NZD/JPY;0;555
2;NZD/JPY;0.0580578172340516;756
12;NZD/JPY;0;556
2;NZD/JPY;0.0249726692513158;757
12;NZD/JPY;0;557
2;NZD/JPY;0.134524049707283;758
12;NZD/JPY;0;558
2;NZD/JPY;0.220907593294462;759
12;NZD/JPY;0;559
2;NZD/JPY;0.915826992530379;760
12;NZD/JPY;0;560
2;NZD/JPY;0.936388581377994;761
12;NZD/JPY;88.518;561
2;NZD/JPY;0.93255322670067;762
12;NZD/JPY;0;562
2;NZD/JPY;0.750068686078131;763
0;NZD/JPY;88.659;763
12;NZD/JPY;0;563
2;NZD/JPY;0.896185425698025;764
12;NZD/JPY;0;564
2;NZD/JPY;0.94119851570335;765
12;NZD/JPY;0;565
2;NZD/JPY;0.979644272680368;766
12;NZD/JPY;0;566
2;NZD/JPY;0.953844767900059;767
12;NZD/JPY;0;567
2;NZD/JPY;0.981645559947877;768
12;NZD/JPY;0;568
2;NZD/JPY;0.979429274628993;769
1;NZD/JPY;88.795;769
12;NZD/JPY;0;569
2;NZD/JPY;0.89462675355493;770
12;NZD/JPY;0;570
2;NZD/JPY;0.649016936386327;771
12;NZD/JPY;88.661;571
2;NZD/JPY;0.392949124447382;772
12;NZD/JPY;0;572
2;NZD/JPY;0.241449573277658;773
12;NZD/JPY;0;573
2;NZD/JPY;0.0814039618636392;774
12;NZD/JPY;0;574
2;NZD/JPY;0.0565952170067607;775
12;NZD/JPY;0;575
2;NZD/JPY;0.0710127663184968;776
12;NZD/JPY;0;576
2;NZD/JPY;0.401596219517061;777
12;NZD/JPY;0;577
2;NZD/JPY;0.351929104490092;778
12;NZD/JPY;0;578
2;NZD/JPY;0.386808619462073;779
12;NZD/JPY;0;579
2;NZD/JPY;0.202880485171304;780
12;NZD/JPY;0;580
2;NZD/JPY;0.227512571534871;781
12;NZD/JPY;0;581
2;NZD/JPY;0.295567194495457;782
12;NZD/JPY;0;582
2;NZD/JPY;0.22644156622733;783
12;NZD/JPY;0;583
2;NZD/JPY;0.0518831233662128;784
12;NZD/JPY;0;584
2;NZD/JPY;0.0277821617767476;785
12;NZD/JPY;0;585
2;NZD/JPY;0.0240584444822098;786
12;NZD/JPY;0;586
2;NZD/JPY;0.02756102861045;787
12;NZD/JPY;0;587
2;NZD/JPY;0.0417839273717383;788
12;NZD/JPY;0;588
2;NZD/JPY;0.492742050961841;789
12;NZD/JPY;0;589
2;NZD/JPY;0.731751287574391;790
12;NZD/JPY;0;590
2;NZD/JPY;0.929631367922538;791
12;NZD/JPY;0;591
2;NZD/JPY;0.967311510444859;792
12;NZD/JPY;0;592
2;NZD/JPY;0.976594085535477;793
12;NZD/JPY;0;593
2;NZD/JPY;0.992146915620809;794
12;NZD/JPY;0;594
2;NZD/JPY;0.994877204263807;795
12;NZD/JPY;86.376;595
2;NZD/JPY;0.987771145474745;796
12;NZD/JPY;0;596
2;NZD/JPY;0.970058128430699;797
12;NZD/JPY;0;597
2;NZD/JPY;0.545780921578227;798
12;NZD/JPY;0;598
2;NZD/JPY;0.838376962435372;799
0;NZD/JPY;89.011;799
12;NZD/JPY;0;599
2;NZD/JPY;0.957576319432375;800
12;NZD/JPY;0;600
2;NZD/JPY;0.861875969729456;801
1;NZD/JPY;89.306;801
12;NZD/JPY;0;601
2;NZD/JPY;0.351825021395927;802
0;NZD/JPY;89.306;802
12;NZD/JPY;0;602
2;NZD/JPY;0.279025085530336;803
12;NZD/JPY;0;603
2;NZD/JPY;0.864515012764421;804
12;NZD/JPY;0;604
2;NZD/JPY;0.941060018824772;805
12;NZD/JPY;0;605
2;NZD/JPY;0.956840923560885;806
12;NZD/JPY;0;606
2;NZD/JPY;0.715191587631584;807
12;NZD/JPY;0;607
2;NZD/JPY;0.312430367280629;808
12;NZD/JPY;0;608
2;NZD/JPY;0.0731183150546354;809
12;NZD/JPY;0;609
2;NZD/JPY;0.262163048293042;810
12;NZD/JPY;0;610
2;NZD/JPY;0.138518875256133;811
12;NZD/JPY;0;611
2;NZD/JPY;0.36333443748543;812
12;NZD/JPY;0;612
2;NZD/JPY;0.508381457606176;813
12;NZD/JPY;0;613
2;NZD/JPY;0.541288461299507;814
12;NZD/JPY;0;614
2;NZD/JPY;0.872762412160012;815
12;NZD/JPY;0;615
2;NZD/JPY;0.812246969706055;816
12;NZD/JPY;0;616
2;NZD/JPY;0.977841498702279;817
12;NZD/JPY;0;617
2;NZD/JPY;0.989153862656376;818
12;NZD/JPY;87.437;618
2;NZD/JPY;0.815670772595224;819
12;NZD/JPY;0;619
2;NZD/JPY;0.59995053629666;820
1;NZD/JPY;89.41;820
12;NZD/JPY;0;620
2;NZD/JPY;0.897736038391683;821
12;NZD/JPY;0;621
2;NZD/JPY;0.983102413571446;822
12;NZD/JPY;0;622
2;NZD/JPY;0.972635905755314;823
12;NZD/JPY;0;623
2;NZD/JPY;0.861506151002061;824
12;NZD/JPY;0;624
2;NZD/JPY;0.679509196911729;825
12;NZD/JPY;0;625
2;NZD/JPY;0.6375991195891;826
12;NZD/JPY;0;626
2;NZD/JPY;0.378090983482742;827
12;NZD/JPY;0;627
2;NZD/JPY;0.399777946860042;828
12;NZD/JPY;0;628
2;NZD/JPY;0.356644601218616;829
12;NZD/JPY;0;629
2;NZD/JPY;0.297961334745005;830
12;NZD/JPY;0;630
2;NZD/JPY;0.489853697524709;831
12;NZD/JPY;0;631
2;NZD/JPY;0.733498916945279;832
12;NZD/JPY;0;632
2;NZD/JPY;0.718707763976952;833
12;NZD/JPY;85.856;633
2;NZD/JPY;0.883758821446581;834
0;NZD/JPY;88.915;834
12;NZD/JPY;0;634
2;NZD/JPY;0.97489747360404;835
12;NZD/JPY;0;635
2;NZD/JPY;0.993323425656255;836
12;NZD/JPY;0;636
2;NZD/JPY;0.98293463642852;837
12;NZD/JPY;0;637
2;NZD/JPY;0.990195706553442;838
12;NZD/JPY;0;638
2;NZD/JPY;0.993506157422563;839
12;NZD/JPY;0;639
2;NZD/JPY;0.99558380869824;840
12;NZD/JPY;0;640
2;NZD/JPY;0.987931465881181;841
1;NZD/JPY;88.582;841
0;NZD/JPY;88.292;841
12;NZD/JPY;0;641
2;NZD/JPY;0.995287324369199;842
12;NZD/JPY;0;642
2;NZD/JPY;0.989556668471796;843
12;NZD/JPY;0;643
2;NZD/JPY;0.995176219538685;844
12;NZD/JPY;0;644
2;NZD/JPY;0.994262546205063;845
12;NZD/JPY;0;645
2;NZD/JPY;0.99489817382713;846
12;NZD/JPY;0;646
2;NZD/JPY;0.989419809758738;847
12;NZD/JPY;0;647
2;NZD/JPY;0.993801543474721;848
12;NZD/JPY;0;648
2;NZD/JPY;0.98293820621943;849
1;NZD/JPY;88.071;849
12;NZD/JPY;86.746;649
2;NZD/JPY;0.968037215402315;850
12;NZD/JPY;0;650
2;NZD/JPY;0.82407506861989;851
12;NZD/JPY;0;651
2;NZD/JPY;0.925493936331876;852
12;NZD/JPY;0;652
2;NZD/JPY;0.629142803242997;853
12;NZD/JPY;0;653
2;NZD/JPY;0.653843511752142;854
12;NZD/JPY;0;654
2;NZD/JPY;0.185127364910668;855
12;NZD/JPY;0;655
2;NZD/JPY;0.263617395661109;856
12;NZD/JPY;0;656
2;NZD/JPY;0.277671024176773;857
12;NZD/JPY;86.165;657
2;NZD/JPY;0.716145067432558;858
12;NZD/JPY;0;658
2;NZD/JPY;0.672822912183482;859
12;NZD/JPY;0;659
2;NZD/JPY;0.862068575770235;860
12;NZD/JPY;0;660
2;NZD/JPY;0.627259159745136;861
12;NZD/JPY;0;661
2;NZD/JPY;0.618102504114506;862
12;NZD/JPY;0;662
2;NZD/JPY;0.657722665238907;863
12;NZD/JPY;0;663
2;NZD/JPY;0.890039245269868;864
12;NZD/JPY;0;664
2;NZD/JPY;0.603232309148239;865
12;NZD/JPY;0;665
2;NZD/JPY;0.464970279654564;866
12;NZD/JPY;0;666
2;NZD/JPY;0.030964492680945;867
12;NZD/JPY;0;667
2;NZD/JPY;0.0485148912990047;868
0;NZD/JPY;88.053;868
12;NZD/JPY;0;668
2;NZD/JPY;0.0759669724495717;869
12;NZD/JPY;0;669
2;NZD/JPY;0.017932756257794;870
12;NZD/JPY;0;670
2;NZD/JPY;0.138662613474968;871
12;NZD/JPY;0;671
2;NZD/JPY;0.737184760992469;872
12;NZD/JPY;0;672
2;NZD/JPY;0.937989473320205;873
12;NZD/JPY;0;673
2;NZD/JPY;0.954290275198379;874
12;NZD/JPY;0;674
2;NZD/JPY;0.957051359666388;875
12;NZD/JPY;0;675
2;NZD/JPY;0.988974803168112;876
12;NZD/JPY;0;676
2;NZD/JPY;0.985244682809595;877
1;NZD/JPY;87.334;877
12;NZD/JPY;0;677
2;NZD/JPY;0.972656758012538;878
12;NZD/JPY;0;678
2;NZD/JPY;0.983665345912753;879
12;NZD/JPY;0;679
2;NZD/JPY;0.981327701368359;880
12;NZD/JPY;0;680
2;NZD/JPY;0.988594405243999;881
12;NZD/JPY;0;681
2;NZD/JPY;0.984235682747142;882
12;NZD/JPY;0;682
2;NZD/JPY;0.97379558790227;883
12;NZD/JPY;0;683
2;NZD/JPY;0.985316211033307;884
12;NZD/JPY;0;684
2;NZD/JPY;0.987789111899811;885
12;NZD/JPY;0;685
2;NZD/JPY;0.971217963091797;886
12;NZD/JPY;0;686
2;NZD/JPY;0.955542884808981;887
12;NZD/JPY;0;687
2;NZD/JPY;0.824869917502782;888
12;NZD/JPY;0;688
2;NZD/JPY;0.922642570374348;889
12;NZD/JPY;0;689
2;NZD/JPY;0.847118831145174;890
0;NZD/JPY;86.871;890
12;NZD/JPY;0;690
2;NZD/JPY;0.344098432864465;891
12;NZD/JPY;0;691
2;NZD/JPY;0.785895959304488;892
12;NZD/JPY;0;692
2;NZD/JPY;0.552114670957925;893
12;NZD/JPY;0;693
2;NZD/JPY;0.913202824678421;894
12;NZD/JPY;0;694
2;NZD/JPY;0.80610425990797;895
1;NZD/JPY;86.865;895
12;NZD/JPY;0;695
2;NZD/JPY;0.738682131191372;896
12;NZD/JPY;0;696
2;NZD/JPY;0.451192207619379;897
12;NZD/JPY;0;697
2;NZD/JPY;0.641611872644507;898
12;NZD/JPY;0;698
2;NZD/JPY;0.0980359575955668;899
12;NZD/JPY;0;699
2;NZD/JPY;0.0536948154433669;900
12;NZD/JPY;0;700
2;NZD/JPY;0.00785087312404353;901
12;NZD/JPY;0;701
2;NZD/JPY;0.0143002660583827;902
12;NZD/JPY;0;702
2;NZD/JPY;0.00455293206319019;903
12;NZD/JPY;0;703
2;NZD/JPY;0.00935253547280149;904
12;NZD/JPY;0;704
2;NZD/JPY;0.0137830303323394;905
12;NZD/JPY;0;705
2;NZD/JPY;0.0742774448658177;906
12;NZD/JPY;0;706
2;NZD/JPY;0.0560728120420656;907
12;NZD/JPY;0;707
2;NZD/JPY;0.281983191740041;908
12;NZD/JPY;0;708
2;NZD/JPY;0.232321562758841;909
12;NZD/JPY;0;709
2;NZD/JPY;0.530126823917662;910
12;NZD/JPY;0;710
2;NZD/JPY;0.564612435925496;911
12;NZD/JPY;0;711
2;NZD/JPY;0.664459061219054;912
12;NZD/JPY;0;712
2;NZD/JPY;0.527189518843732;913
12;NZD/JPY;0;713
2;NZD/JPY;0.225591744372934;914
12;NZD/JPY;0;714
2;NZD/JPY;0.0951301853038308;915
12;NZD/JPY;0;715
2;NZD/JPY;0.453162579969628;916
12;NZD/JPY;0;716
2;NZD/JPY;0.299961326838867;917
12;NZD/JPY;0;717
2;NZD/JPY;0.790173715274752;918
12;NZD/JPY;0;718
2;NZD/JPY;0.274503617545149;919
12;NZD/JPY;0;719
2;NZD/JPY;0.395885615239333;920
12;NZD/JPY;0;720
2;NZD/JPY;0.289304393033285;921
12;NZD/JPY;0;721
2;NZD/JPY;0.363150037084771;922
12;NZD/JPY;0;722
2;NZD/JPY;0.836018060355825;923
0;NZD/JPY;86.865;923
12;NZD/JPY;0;723
2;NZD/JPY;0.976666626289554;924
12;NZD/JPY;0;724
2;NZD/JPY;0.952643282186705;925
12;NZD/JPY;0;725
2;NZD/JPY;0.99102879755463;926
12;NZD/JPY;0;726
2;NZD/JPY;0.991604592943142;927
12;NZD/JPY;0;727
2;NZD/JPY;0.996840466008015;928
12;NZD/JPY;0;728
2;NZD/JPY;0.996222916008226;929
12;NZD/JPY;0;729
2;NZD/JPY;0.992947127787955;930
12;NZD/JPY;0;730
2;NZD/JPY;0.984746314165277;931
1;NZD/JPY;86.536;931
12;NZD/JPY;0;731
2;NZD/JPY;0.916275051062109;932
12;NZD/JPY;0;732
2;NZD/JPY;0.812420496364395;933
12;NZD/JPY;89.181;733
2;NZD/JPY;0.927826535551867;934
12;NZD/JPY;0;734
2;NZD/JPY;0.463829416331222;935
12;NZD/JPY;0;735
2;NZD/JPY;0.496187002527112;936
12;NZD/JPY;0;736
2;NZD/JPY;0.878885100194827;937
0;NZD/JPY;86.151;937
12;NZD/JPY;0;737
2;NZD/JPY;0.954786136157621;938
12;NZD/JPY;0;738
2;NZD/JPY;0.977480473853822;939
12;NZD/JPY;0;739
2;NZD/JPY;0.984623767847226;940
1;NZD/JPY;86.41;940
12;NZD/JPY;0;740
2;NZD/JPY;0.988542247345339;941
12;NZD/JPY;0;741
2;NZD/JPY;0.964106787062184;942
12;NZD/JPY;0;742
2;NZD/JPY;0.884539764299417;943
12;NZD/JPY;0;743
2;NZD/JPY;0.472117138026706;944
12;NZD/JPY;88.259;744
2;NZD/JPY;0.112763529522979;945
12;NZD/JPY;0;745
2;NZD/JPY;0.0385143064961475;946
0;NZD/JPY;86.405;946
12;NZD/JPY;0;746
2;NZD/JPY;0.100000325065293;947
12;NZD/JPY;0;747
2;NZD/JPY;0.0559375185398362;948
12;NZD/JPY;0;748
2;NZD/JPY;0.0214232574037726;949
12;NZD/JPY;0;749
2;NZD/JPY;0.252847673044219;950
12;NZD/JPY;0;750
2;NZD/JPY;0.707488503594364;951
12;NZD/JPY;0;751
2;NZD/JPY;0.848841851779108;952
12;NZD/JPY;0;752
2;NZD/JPY;0.877949947936231;953
12;NZD/JPY;0;753
2;NZD/JPY;0.806318405475036;954
12;NZD/JPY;0;754
2;NZD/JPY;0.791272560165769;955
12;NZD/JPY;89.389;755
2;NZD/JPY;0.902815980144386;956
12;NZD/JPY;0;756
2;NZD/JPY;0.129313243320446;957
12;NZD/JPY;0;757
2;NZD/JPY;0.0358615265651187;958
12;NZD/JPY;0;758
2;NZD/JPY;0.0106843287018961;959
12;NZD/JPY;0;759
2;NZD/JPY;0.0176234820149958;960
12;NZD/JPY;0;760
2;NZD/JPY;0.0277298612028291;961
12;NZD/JPY;0;761
2;NZD/JPY;0.010465123795709;962
12;NZD/JPY;0;762
2;NZD/JPY;0.0435693839692385;963
12;NZD/JPY;88.505;763
2;NZD/JPY;0.0792160738430959;964
12;NZD/JPY;0;764
2;NZD/JPY;0.0307647289037253;965
12;NZD/JPY;0;765
2;NZD/JPY;0.0500979473999053;966
12;NZD/JPY;0;766
2;NZD/JPY;0.0706424839450388;967
12;NZD/JPY;0;767
2;NZD/JPY;0.174649071720973;968
12;NZD/JPY;0;768
2;NZD/JPY;0.183892633800502;969
12;NZD/JPY;0;769
2;NZD/JPY;0.0974741443133482;970
12;NZD/JPY;0;770
2;NZD/JPY;0.201465922476389;971
12;NZD/JPY;0;771
2;NZD/JPY;0.178041880117203;972
12;NZD/JPY;0;772
2;NZD/JPY;0.603989406366363;973
12;NZD/JPY;0;773
2;NZD/JPY;0.869118655003995;974
12;NZD/JPY;0;774
2;NZD/JPY;0.881719278081681;975
12;NZD/JPY;0;775
2;NZD/JPY;0.882674072724298;976
12;NZD/JPY;0;776
2;NZD/JPY;0.706136895292519;977
12;NZD/JPY;0;777
2;NZD/JPY;0.869308576652685;978
12;NZD/JPY;0;778
2;NZD/JPY;0.977944258580935;979
12;NZD/JPY;0;779
2;NZD/JPY;0.982501089093573;980
12;NZD/JPY;0;780
2;NZD/JPY;0.989040612035877;981
12;NZD/JPY;0;781
2;NZD/JPY;0.992673248090085;982
12;NZD/JPY;0;782
2;NZD/JPY;0.929710670256441;983
12;NZD/JPY;0;783
2;NZD/JPY;0.988288372099602;984
12;NZD/JPY;89.547;784
2;NZD/JPY;0.983188398936974;985
12;NZD/JPY;0;785
2;NZD/JPY;0.985204524914117;986
12;NZD/JPY;0;786
2;NZD/JPY;0.935383989252083;987
12;NZD/JPY;0;787
2;NZD/JPY;0.77916613858749;988
1;NZD/JPY;86.687;988
12;NZD/JPY;0;788
2;NZD/JPY;0.809747707055864;989
12;NZD/JPY;0;789
2;NZD/JPY;0.247939952040879;990
12;NZD/JPY;0;790
2;NZD/JPY;0.0552640209404087;991
12;NZD/JPY;0;791
2;NZD/JPY;0.174450568768952;992
12;NZD/JPY;0;792
2;NZD/JPY;0.0589483773803777;993
12;NZD/JPY;0;793
2;NZD/JPY;0.0775577480339687;994
12;NZD/JPY;0;794
2;NZD/JPY;0.058305864159213;995
12;NZD/JPY;0;795
2;NZD/JPY;0.0293466479282573;996
