12;USD/JPY;0;-200
12;USD/JPY;0;-199
12;USD/JPY;0;-198
12;USD/JPY;0;-197
12;USD/JPY;0;-196
12;USD/JPY;0;-195
12;USD/JPY;0;-194
12;USD/JPY;0;-193
12;USD/JPY;0;-192
12;USD/JPY;0;-191
12;USD/JPY;0;-190
12;USD/JPY;0;-189
12;USD/JPY;122.954;-188
12;USD/JPY;0;-187
12;USD/JPY;0;-186
12;USD/JPY;0;-185
12;USD/JPY;0;-184
12;USD/JPY;0;-183
12;USD/JPY;0;-182
12;USD/JPY;0;-181
12;USD/JPY;0;-180
12;USD/JPY;0;-179
12;USD/JPY;0;-178
12;USD/JPY;0;-177
12;USD/JPY;0;-176
12;USD/JPY;0;-175
12;USD/JPY;0;-174
12;USD/JPY;0;-173
12;USD/JPY;0;-172
12;USD/JPY;0;-171
12;USD/JPY;0;-170
12;USD/JPY;0;-169
12;USD/JPY;0;-168
12;USD/JPY;0;-167
12;USD/JPY;0;-166
12;USD/JPY;0;-165
12;USD/JPY;0;-164
12;USD/JPY;0;-163
12;USD/JPY;0;-162
12;USD/JPY;0;-161
12;USD/JPY;0;-160
12;USD/JPY;0;-159
12;USD/JPY;0;-158
12;USD/JPY;0;-157
12;USD/JPY;0;-156
12;USD/JPY;0;-155
12;USD/JPY;0;-154
12;USD/JPY;0;-153
12;USD/JPY;0;-152
12;USD/JPY;0;-151
12;USD/JPY;0;-150
12;USD/JPY;0;-149
12;USD/JPY;0;-148
12;USD/JPY;0;-147
12;USD/JPY;0;-146
12;USD/JPY;0;-145
12;USD/JPY;0;-144
12;USD/JPY;0;-143
12;USD/JPY;0;-142
12;USD/JPY;0;-141
12;USD/JPY;0;-140
12;USD/JPY;0;-139
12;USD/JPY;0;-138
12;USD/JPY;0;-137
12;USD/JPY;0;-136
12;USD/JPY;0;-135
12;USD/JPY;0;-134
12;USD/JPY;0;-133
12;USD/JPY;0;-132
12;USD/JPY;0;-131
12;USD/JPY;0;-130
12;USD/JPY;0;-129
12;USD/JPY;0;-128
12;USD/JPY;0;-127
12;USD/JPY;0;-126
12;USD/JPY;0;-125
12;USD/JPY;0;-124
12;USD/JPY;0;-123
12;USD/JPY;0;-122
12;USD/JPY;0;-121
12;USD/JPY;0;-120
12;USD/JPY;0;-119
12;USD/JPY;0;-118
12;USD/JPY;0;-117
12;USD/JPY;0;-116
12;USD/JPY;0;-115
12;USD/JPY;0;-114
12;USD/JPY;0;-113
12;USD/JPY;0;-112
12;USD/JPY;0;-111
12;USD/JPY;0;-110
12;USD/JPY;0;-109
12;USD/JPY;0;-108
12;USD/JPY;0;-107
12;USD/JPY;0;-106
12;USD/JPY;0;-105
12;USD/JPY;0;-104
12;USD/JPY;0;-103
12;USD/JPY;0;-102
12;USD/JPY;0;-101
12;USD/JPY;0;-100
12;USD/JPY;0;-99
12;USD/JPY;0;-98
12;USD/JPY;0;-97
12;USD/JPY;0;-96
1;USD/JPY;102.691;105
12;USD/JPY;0;-95
12;USD/JPY;0;-94
12;USD/JPY;0;-93
12;USD/JPY;0;-92
12;USD/JPY;0;-91
12;USD/JPY;0;-90
12;USD/JPY;0;-89
12;USD/JPY;0;-88
12;USD/JPY;0;-87
12;USD/JPY;0;-86
12;USD/JPY;0;-85
12;USD/JPY;0;-84
0;USD/JPY;102.69;117
12;USD/JPY;0;-83
12;USD/JPY;0;-82
12;USD/JPY;0;-81
12;USD/JPY;0;-80
12;USD/JPY;0;-79
12;USD/JPY;0;-78
12;USD/JPY;0;-77
12;USD/JPY;0;-76
12;USD/JPY;0;-75
12;USD/JPY;0;-74
12;USD/JPY;0;-73
12;USD/JPY;0;-72
12;USD/JPY;0;-71
12;USD/JPY;0;-70
12;USD/JPY;0;-69
12;USD/JPY;0;-68
12;USD/JPY;0;-67
12;USD/JPY;0;-66
12;USD/JPY;0;-65
12;USD/JPY;0;-64
12;USD/JPY;0;-63
12;USD/JPY;0;-62
12;USD/JPY;0;-61
12;USD/JPY;0;-60
12;USD/JPY;0;-59
1;USD/JPY;101.312;142
12;USD/JPY;0;-58
12;USD/JPY;0;-57
12;USD/JPY;0;-56
12;USD/JPY;0;-55
12;USD/JPY;0;-54
12;USD/JPY;0;-53
12;USD/JPY;0;-52
12;USD/JPY;0;-51
12;USD/JPY;0;-50
12;USD/JPY;0;-49
12;USD/JPY;0;-48
12;USD/JPY;0;-47
12;USD/JPY;0;-46
12;USD/JPY;0;-45
12;USD/JPY;0;-44
12;USD/JPY;0;-43
12;USD/JPY;0;-42
12;USD/JPY;0;-41
12;USD/JPY;0;-40
12;USD/JPY;0;-39
12;USD/JPY;0;-38
12;USD/JPY;0;-37
12;USD/JPY;0;-36
12;USD/JPY;0;-35
12;USD/JPY;0;-34
12;USD/JPY;0;-33
12;USD/JPY;0;-32
12;USD/JPY;0;-31
12;USD/JPY;0;-30
12;USD/JPY;0;-29
12;USD/JPY;0;-28
12;USD/JPY;0;-27
12;USD/JPY;0;-26
12;USD/JPY;0;-25
12;USD/JPY;0;-24
12;USD/JPY;0;-23
12;USD/JPY;0;-22
12;USD/JPY;0;-21
12;USD/JPY;0;-20
12;USD/JPY;0;-19
12;USD/JPY;0;-18
12;USD/JPY;0;-17
12;USD/JPY;0;-16
12;USD/JPY;0;-15
12;USD/JPY;0;-14
0;USD/JPY;101.678;187
12;USD/JPY;0;-13
12;USD/JPY;0;-12
12;USD/JPY;0;-11
12;USD/JPY;0;-10
12;USD/JPY;0;-9
12;USD/JPY;0;-8
12;USD/JPY;0;-7
12;USD/JPY;0;-6
12;USD/JPY;0;-5
1;USD/JPY;101.917;196
12;USD/JPY;0;-4
12;USD/JPY;0;-3
12;USD/JPY;0;-2
12;USD/JPY;0;-1
12;USD/JPY;0;0
12;USD/JPY;0;1
12;USD/JPY;0;2
12;USD/JPY;0;3
12;USD/JPY;0;4
12;USD/JPY;0;5
12;USD/JPY;0;6
12;USD/JPY;0;7
0;USD/JPY;101.916;208
12;USD/JPY;0;8
12;USD/JPY;0;9
12;USD/JPY;0;10
12;USD/JPY;0;11
12;USD/JPY;0;12
12;USD/JPY;0;13
12;USD/JPY;0;14
12;USD/JPY;0;15
12;USD/JPY;103.907;16
12;USD/JPY;0;17
12;USD/JPY;0;18
12;USD/JPY;0;19
12;USD/JPY;0;20
12;USD/JPY;0;21
12;USD/JPY;0;22
12;USD/JPY;0;23
12;USD/JPY;0;24
12;USD/JPY;0;25
12;USD/JPY;0;26
12;USD/JPY;0;27
12;USD/JPY;0;28
12;USD/JPY;0;29
12;USD/JPY;0;30
12;USD/JPY;0;31
12;USD/JPY;0;32
12;USD/JPY;0;33
12;USD/JPY;0;34
12;USD/JPY;0;35
12;USD/JPY;0;36
1;USD/JPY;102.337;237
12;USD/JPY;0;37
12;USD/JPY;0;38
12;USD/JPY;105.335;39
12;USD/JPY;0;40
12;USD/JPY;0;41
12;USD/JPY;0;42
0;USD/JPY;101.953;243
12;USD/JPY;0;43
12;USD/JPY;0;44
12;USD/JPY;0;45
12;USD/JPY;102.853;46
12;USD/JPY;0;47
12;USD/JPY;0;48
12;USD/JPY;0;49
12;USD/JPY;0;50
1;USD/JPY;102.052;251
12;USD/JPY;0;51
0;USD/JPY;101.482;252
12;USD/JPY;0;52
12;USD/JPY;0;53
12;USD/JPY;0;54
12;USD/JPY;0;55
12;USD/JPY;0;56
12;USD/JPY;0;57
1;USD/JPY;101.428;258
12;USD/JPY;0;58
12;USD/JPY;0;59
12;USD/JPY;104.92;60
12;USD/JPY;0;61
12;USD/JPY;0;62
12;USD/JPY;0;63
12;USD/JPY;0;64
12;USD/JPY;0;65
12;USD/JPY;0;66
12;USD/JPY;0;67
12;USD/JPY;0;68
12;USD/JPY;0;69
12;USD/JPY;0;70
12;USD/JPY;0;71
12;USD/JPY;103.861;72
12;USD/JPY;0;73
12;USD/JPY;0;74
12;USD/JPY;0;75
12;USD/JPY;0;76
12;USD/JPY;0;77
12;USD/JPY;0;78
12;USD/JPY;0;79
12;USD/JPY;0;80
12;USD/JPY;0;81
12;USD/JPY;0;82
12;USD/JPY;0;83
12;USD/JPY;0;84
12;USD/JPY;0;85
12;USD/JPY;0;86
12;USD/JPY;0;87
12;USD/JPY;0;88
12;USD/JPY;0;89
12;USD/JPY;104.841;90
12;USD/JPY;0;91
12;USD/JPY;0;92
12;USD/JPY;0;93
12;USD/JPY;0;94
12;USD/JPY;0;95
12;USD/JPY;0;96
12;USD/JPY;0;97
12;USD/JPY;0;98
12;USD/JPY;0;99
12;USD/JPY;0;100
12;USD/JPY;101.767;101
12;USD/JPY;0;102
12;USD/JPY;0;103
12;USD/JPY;0;104
12;USD/JPY;0;105
12;USD/JPY;0;106
12;USD/JPY;0;107
12;USD/JPY;0;108
0;USD/JPY;101.428;309
12;USD/JPY;0;109
12;USD/JPY;0;110
12;USD/JPY;0;111
12;USD/JPY;0;112
12;USD/JPY;103.442;113
1;USD/JPY;101.531;314
12;USD/JPY;0;114
12;USD/JPY;0;115
12;USD/JPY;0;116
12;USD/JPY;0;117
12;USD/JPY;0;118
12;USD/JPY;0;119
12;USD/JPY;0;120
12;USD/JPY;0;121
12;USD/JPY;0;122
12;USD/JPY;0;123
12;USD/JPY;0;124
12;USD/JPY;0;125
12;USD/JPY;0;126
12;USD/JPY;0;127
12;USD/JPY;0;128
12;USD/JPY;0;129
12;USD/JPY;0;130
12;USD/JPY;0;131
12;USD/JPY;0;132
12;USD/JPY;0;133
12;USD/JPY;0;134
12;USD/JPY;0;135
12;USD/JPY;0;136
12;USD/JPY;0;137
12;USD/JPY;0;138
12;USD/JPY;100.753;139
12;USD/JPY;0;140
12;USD/JPY;0;141
12;USD/JPY;0;142
12;USD/JPY;0;143
12;USD/JPY;0;144
12;USD/JPY;0;145
12;USD/JPY;0;146
12;USD/JPY;0;147
12;USD/JPY;0;148
12;USD/JPY;0;149
12;USD/JPY;0;150
12;USD/JPY;0;151
12;USD/JPY;0;152
12;USD/JPY;0;153
12;USD/JPY;0;154
12;USD/JPY;0;155
12;USD/JPY;0;156
12;USD/JPY;0;157
12;USD/JPY;0;158
0;USD/JPY;102.069;359
12;USD/JPY;0;159
12;USD/JPY;0;160
12;USD/JPY;0;161
12;USD/JPY;0;162
12;USD/JPY;0;163
1;USD/JPY;102.343;364
12;USD/JPY;0;164
12;USD/JPY;0;165
12;USD/JPY;0;166
12;USD/JPY;0;167
12;USD/JPY;0;168
12;USD/JPY;0;169
12;USD/JPY;0;170
12;USD/JPY;0;171
12;USD/JPY;102.7;172
12;USD/JPY;0;173
12;USD/JPY;0;174
12;USD/JPY;0;175
12;USD/JPY;0;176
12;USD/JPY;0;177
12;USD/JPY;0;178
12;USD/JPY;0;179
12;USD/JPY;0;180
12;USD/JPY;0;181
12;USD/JPY;0;182
12;USD/JPY;0;183
12;USD/JPY;0;184
12;USD/JPY;0;185
12;USD/JPY;0;186
12;USD/JPY;0;187
12;USD/JPY;0;188
12;USD/JPY;0;189
12;USD/JPY;0;190
12;USD/JPY;0;191
12;USD/JPY;101.383;192
12;USD/JPY;0;193
2;USD/JPY;0.0414168724481494;394
12;USD/JPY;0;194
2;USD/JPY;0.0349567653433039;395
12;USD/JPY;0;195
2;USD/JPY;0.0441826829782208;396
12;USD/JPY;0;196
2;USD/JPY;0.0501335208946363;397
12;USD/JPY;0;197
2;USD/JPY;0.0574349236400279;398
12;USD/JPY;0;198
2;USD/JPY;0.076153635735369;399
12;USD/JPY;102.741;199
2;USD/JPY;0.0830391958697184;400
12;USD/JPY;0;200
2;USD/JPY;0.0663766692887705;401
12;USD/JPY;0;201
2;USD/JPY;0.109457504933808;402
12;USD/JPY;0;202
2;USD/JPY;0.147616099672781;403
12;USD/JPY;0;203
2;USD/JPY;0.141881151534596;404
12;USD/JPY;0;204
2;USD/JPY;0.364731437514658;405
12;USD/JPY;0;205
2;USD/JPY;0.517510949540661;406
12;USD/JPY;0;206
2;USD/JPY;0.579949439029329;407
12;USD/JPY;0;207
2;USD/JPY;0.681435619229841;408
12;USD/JPY;0;208
2;USD/JPY;0.754451828216541;409
12;USD/JPY;0;209
2;USD/JPY;0.752598376989764;410
12;USD/JPY;0;210
2;USD/JPY;0.846962386671275;411
0;USD/JPY;102.342;411
12;USD/JPY;0;211
2;USD/JPY;0.87433358812691;412
12;USD/JPY;101.669;212
2;USD/JPY;0.827116065841713;413
12;USD/JPY;0;213
2;USD/JPY;0.872303811570403;414
12;USD/JPY;0;214
2;USD/JPY;0.889577167395754;415
12;USD/JPY;0;215
2;USD/JPY;0.880451332116972;416
12;USD/JPY;0;216
2;USD/JPY;0.889486017525787;417
1;USD/JPY;101.987;417
12;USD/JPY;0;217
2;USD/JPY;0.868776160075308;418
12;USD/JPY;0;218
2;USD/JPY;0.739580586342608;419
12;USD/JPY;0;219
2;USD/JPY;0.802155614972771;420
12;USD/JPY;102.827;220
2;USD/JPY;0.753620507186448;421
12;USD/JPY;0;221
2;USD/JPY;0.738078846016924;422
12;USD/JPY;0;222
2;USD/JPY;0.724254870033395;423
0;USD/JPY;101.499;423
12;USD/JPY;0;223
2;USD/JPY;0.691343016810803;424
12;USD/JPY;0;224
2;USD/JPY;0.580348167361319;425
12;USD/JPY;0;225
2;USD/JPY;0.580392094282962;426
12;USD/JPY;0;226
2;USD/JPY;0.438066536594016;427
12;USD/JPY;0;227
2;USD/JPY;0.418730237021267;428
1;USD/JPY;101.635;428
12;USD/JPY;0;228
2;USD/JPY;0.305992588965626;429
12;USD/JPY;0;229
2;USD/JPY;0.229005915604016;430
12;USD/JPY;0;230
2;USD/JPY;0.221842968840362;431
12;USD/JPY;0;231
2;USD/JPY;0.125412435443251;432
12;USD/JPY;0;232
2;USD/JPY;0.184320748494265;433
12;USD/JPY;0;233
2;USD/JPY;0.274800000112032;434
12;USD/JPY;0;234
2;USD/JPY;0.307042558057194;435
12;USD/JPY;0;235
2;USD/JPY;0.216035391498699;436
12;USD/JPY;0;236
2;USD/JPY;0.143506027869422;437
12;USD/JPY;0;237
2;USD/JPY;0.0933643575114093;438
12;USD/JPY;0;238
2;USD/JPY;0.0764472964685587;439
12;USD/JPY;0;239
2;USD/JPY;0.0678684937817624;440
12;USD/JPY;0;240
2;USD/JPY;0.076229850226201;441
12;USD/JPY;0;241
2;USD/JPY;0.066560894165583;442
0;USD/JPY;101.633;442
12;USD/JPY;0;242
2;USD/JPY;0.0685590919001676;443
12;USD/JPY;0;243
2;USD/JPY;0.110729642911239;444
12;USD/JPY;0;244
2;USD/JPY;0.0836016710946;445
12;USD/JPY;0;245
2;USD/JPY;0.0661526701795773;446
12;USD/JPY;0;246
2;USD/JPY;0.0644454345482115;447
12;USD/JPY;0;247
2;USD/JPY;0.0539368114254837;448
12;USD/JPY;0;248
2;USD/JPY;0.0533794076547917;449
12;USD/JPY;0;249
2;USD/JPY;0.0636334463101679;450
12;USD/JPY;0;250
2;USD/JPY;0.0833081702459474;451
12;USD/JPY;0;251
2;USD/JPY;0.13357454167983;452
12;USD/JPY;0;252
2;USD/JPY;0.207193532146515;453
12;USD/JPY;0;253
2;USD/JPY;0.250122584787859;454
12;USD/JPY;101.2;254
2;USD/JPY;0.159094682230734;455
12;USD/JPY;0;255
2;USD/JPY;0.111143487067827;456
12;USD/JPY;0;256
2;USD/JPY;0.0830178963288116;457
12;USD/JPY;0;257
2;USD/JPY;0.0721816402104175;458
12;USD/JPY;0;258
2;USD/JPY;0.0732034044370818;459
12;USD/JPY;0;259
2;USD/JPY;0.0901435065123895;460
12;USD/JPY;0;260
2;USD/JPY;0.0794069042094146;461
12;USD/JPY;0;261
2;USD/JPY;0.154244601723326;462
12;USD/JPY;0;262
2;USD/JPY;0.156904867754186;463
12;USD/JPY;0;263
2;USD/JPY;0.115431218633467;464
12;USD/JPY;0;264
2;USD/JPY;0.0989805547809394;465
12;USD/JPY;0;265
2;USD/JPY;0.0814117078175444;466
12;USD/JPY;0;266
2;USD/JPY;0.0582709923736118;467
12;USD/JPY;0;267
2;USD/JPY;0.0706277974324569;468
12;USD/JPY;0;268
2;USD/JPY;0.079823483504911;469
12;USD/JPY;0;269
2;USD/JPY;0.0681682598119976;470
12;USD/JPY;0;270
2;USD/JPY;0.0894123365964756;471
12;USD/JPY;0;271
2;USD/JPY;0.108583238130956;472
12;USD/JPY;0;272
2;USD/JPY;0.139748119642553;473
12;USD/JPY;0;273
2;USD/JPY;0.130892226551964;474
12;USD/JPY;0;274
2;USD/JPY;0.130898553343171;475
12;USD/JPY;0;275
2;USD/JPY;0.106466653499095;476
12;USD/JPY;0;276
2;USD/JPY;0.178909467787355;477
12;USD/JPY;0;277
2;USD/JPY;0.154537930357403;478
12;USD/JPY;0;278
2;USD/JPY;0.249696757612589;479
12;USD/JPY;103.762;279
2;USD/JPY;0.349786451070562;480
12;USD/JPY;0;280
2;USD/JPY;0.530869228386708;481
1;USD/JPY;102.497;481
12;USD/JPY;0;281
2;USD/JPY;0.606309038043756;482
12;USD/JPY;0;282
2;USD/JPY;0.647766757753561;483
12;USD/JPY;0;283
2;USD/JPY;0.592828307883206;484
0;USD/JPY;102.117;484
12;USD/JPY;0;284
2;USD/JPY;0.47640038419448;485
12;USD/JPY;0;285
2;USD/JPY;0.674731732611327;486
12;USD/JPY;0;286
2;USD/JPY;0.723002417944647;487
12;USD/JPY;0;287
2;USD/JPY;0.866308907428563;488
1;USD/JPY;102.362;488
12;USD/JPY;0;288
2;USD/JPY;0.862891075826707;489
0;USD/JPY;102.037;489
12;USD/JPY;0;289
2;USD/JPY;0.821507699236331;490
12;USD/JPY;0;290
2;USD/JPY;0.796684424692426;491
12;USD/JPY;0;291
2;USD/JPY;0.779187981245036;492
12;USD/JPY;0;292
2;USD/JPY;0.801038418432718;493
12;USD/JPY;0;293
2;USD/JPY;0.621321109342283;494
12;USD/JPY;0;294
2;USD/JPY;0.312176914107616;495
1;USD/JPY;102.22;495
12;USD/JPY;0;295
2;USD/JPY;0.223939562308837;496
12;USD/JPY;0;296
2;USD/JPY;0.120427146268576;497
12;USD/JPY;0;297
2;USD/JPY;0.0786883151998192;498
12;USD/JPY;0;298
2;USD/JPY;0.0826073532334012;499
12;USD/JPY;0;299
2;USD/JPY;0.0707568747070393;500
12;USD/JPY;0;300
2;USD/JPY;0.0410630371799603;501
12;USD/JPY;0;301
2;USD/JPY;0.0354299955972086;502
12;USD/JPY;0;302
2;USD/JPY;0.0345293194480329;503
12;USD/JPY;0;303
2;USD/JPY;0.0246569595121105;504
12;USD/JPY;0;304
2;USD/JPY;0.0404679829714159;505
12;USD/JPY;0;305
2;USD/JPY;0.0543443423248705;506
12;USD/JPY;0;306
2;USD/JPY;0.0406321805237128;507
12;USD/JPY;0;307
2;USD/JPY;0.040187103773153;508
0;USD/JPY;102.22;508
12;USD/JPY;0;308
2;USD/JPY;0.0939170397858599;509
12;USD/JPY;101.208;309
2;USD/JPY;0.179272790544877;510
12;USD/JPY;0;310
2;USD/JPY;0.254459394740293;511
12;USD/JPY;0;311
2;USD/JPY;0.623585378537122;512
12;USD/JPY;0;312
2;USD/JPY;0.527032446316639;513
12;USD/JPY;0;313
2;USD/JPY;0.521522616526825;514
12;USD/JPY;0;314
2;USD/JPY;0.647627731396611;515
1;USD/JPY;102.308;515
12;USD/JPY;0;315
2;USD/JPY;0.653212932313451;516
12;USD/JPY;0;316
2;USD/JPY;0.634211682196117;517
12;USD/JPY;0;317
2;USD/JPY;0.664578030176532;518
12;USD/JPY;0;318
2;USD/JPY;0.250330888060534;519
12;USD/JPY;0;319
2;USD/JPY;0.1335228727699;520
12;USD/JPY;0;320
2;USD/JPY;0.186843465509941;521
0;USD/JPY;102.308;521
12;USD/JPY;0;321
2;USD/JPY;0.150446211419413;522
12;USD/JPY;0;322
2;USD/JPY;0.257942743526339;523
12;USD/JPY;0;323
2;USD/JPY;0.289072713747529;524
12;USD/JPY;0;324
2;USD/JPY;0.203219900930421;525
12;USD/JPY;0;325
2;USD/JPY;0.232732576808791;526
12;USD/JPY;0;326
2;USD/JPY;0.448470393940306;527
12;USD/JPY;0;327
2;USD/JPY;0.219888094137979;528
1;USD/JPY;102.157;528
12;USD/JPY;102.682;328
2;USD/JPY;0.495908246871252;529
12;USD/JPY;0;329
2;USD/JPY;0.606272296174096;530
12;USD/JPY;0;330
2;USD/JPY;0.20708443458613;531
0;USD/JPY;101.813;531
12;USD/JPY;0;331
2;USD/JPY;0.445817790418769;532
12;USD/JPY;0;332
2;USD/JPY;0.59876345178548;533
12;USD/JPY;0;333
2;USD/JPY;0.463812979162154;534
12;USD/JPY;0;334
2;USD/JPY;0.451608890005912;535
12;USD/JPY;0;335
2;USD/JPY;0.600390070179533;536
12;USD/JPY;0;336
2;USD/JPY;0.572473509603225;537
12;USD/JPY;0;337
2;USD/JPY;0.596854971553597;538
1;USD/JPY;101.653;538
12;USD/JPY;0;338
2;USD/JPY;0.514621828265053;539
12;USD/JPY;0;339
2;USD/JPY;0.264394024631246;540
12;USD/JPY;0;340
2;USD/JPY;0.492424042377424;541
12;USD/JPY;0;341
2;USD/JPY;0.388026661380992;542
12;USD/JPY;0;342
2;USD/JPY;0.352791266448613;543
12;USD/JPY;0;343
2;USD/JPY;0.286459381749924;544
12;USD/JPY;0;344
2;USD/JPY;0.241451657054695;545
12;USD/JPY;0;345
2;USD/JPY;0.189832148592216;546
12;USD/JPY;0;346
2;USD/JPY;0.296982264403092;547
12;USD/JPY;0;347
2;USD/JPY;0.282673382066686;548
12;USD/JPY;0;348
2;USD/JPY;0.258595919038994;549
12;USD/JPY;0;349
2;USD/JPY;0.176171302717956;550
12;USD/JPY;0;350
2;USD/JPY;0.0930989377274593;551
12;USD/JPY;0;351
2;USD/JPY;0.0916318061356271;552
12;USD/JPY;0;352
2;USD/JPY;0.104897090225823;553
12;USD/JPY;0;353
2;USD/JPY;0.085616432109614;554
12;USD/JPY;0;354
2;USD/JPY;0.0594692023709002;555
12;USD/JPY;0;355
2;USD/JPY;0.0581281030329025;556
12;USD/JPY;0;356
2;USD/JPY;0.0327144594577257;557
12;USD/JPY;0;357
2;USD/JPY;0.0271547028924574;558
12;USD/JPY;0;358
2;USD/JPY;0.0320865445240226;559
12;USD/JPY;0;359
2;USD/JPY;0.028963611686031;560
12;USD/JPY;101.719;360
2;USD/JPY;0.0193176346840189;561
12;USD/JPY;0;361
2;USD/JPY;0.0276312720040911;562
12;USD/JPY;0;362
2;USD/JPY;0.0265051010666935;563
12;USD/JPY;0;363
2;USD/JPY;0.0215836483555468;564
12;USD/JPY;0;364
2;USD/JPY;0.0326821495906725;565
12;USD/JPY;0;365
2;USD/JPY;0.0578710616856342;566
12;USD/JPY;0;366
2;USD/JPY;0.0656869899676607;567
12;USD/JPY;0;367
2;USD/JPY;0.137282328009397;568
12;USD/JPY;0;368
2;USD/JPY;0.230162858670701;569
12;USD/JPY;0;369
2;USD/JPY;0.223111383039812;570
12;USD/JPY;0;370
2;USD/JPY;0.4654858017502;571
12;USD/JPY;0;371
2;USD/JPY;0.700506233148687;572
12;USD/JPY;0;372
2;USD/JPY;0.565808551103732;573
12;USD/JPY;0;373
2;USD/JPY;0.644230769873394;574
0;USD/JPY;101.641;574
12;USD/JPY;0;374
2;USD/JPY;0.741781096688546;575
12;USD/JPY;0;375
2;USD/JPY;0.688707582097951;576
12;USD/JPY;0;376
2;USD/JPY;0.813548747918467;577
12;USD/JPY;0;377
2;USD/JPY;0.851853165606109;578
12;USD/JPY;0;378
2;USD/JPY;0.810189030464232;579
12;USD/JPY;0;379
2;USD/JPY;0.745697470324174;580
12;USD/JPY;0;380
2;USD/JPY;0.866690596689993;581
12;USD/JPY;0;381
2;USD/JPY;0.645880115579527;582
1;USD/JPY;101.542;582
12;USD/JPY;0;382
2;USD/JPY;0.552890673533842;583
12;USD/JPY;0;383
2;USD/JPY;0.781721872611103;584
0;USD/JPY;101.263;584
12;USD/JPY;0;384
2;USD/JPY;0.43623605486669;585
12;USD/JPY;0;385
2;USD/JPY;0.406210831824765;586
12;USD/JPY;0;386
2;USD/JPY;0.621665306216927;587
12;USD/JPY;0;387
2;USD/JPY;0.398144393846994;588
1;USD/JPY;101.404;588
12;USD/JPY;0;388
2;USD/JPY;0.231742281488716;589
12;USD/JPY;0;389
2;USD/JPY;0.462685898185609;590
12;USD/JPY;0;390
2;USD/JPY;0.247055879315798;591
12;USD/JPY;0;391
2;USD/JPY;0.309032120911096;592
12;USD/JPY;0;392
2;USD/JPY;0.347557603665685;593
12;USD/JPY;0;393
2;USD/JPY;0.343795374735539;594
12;USD/JPY;0;394
2;USD/JPY;0.416611441588219;595
12;USD/JPY;0;395
2;USD/JPY;0.480905941722558;596
0;USD/JPY;101.052;596
12;USD/JPY;0;396
2;USD/JPY;0.382345736744463;597
12;USD/JPY;0;397
2;USD/JPY;0.42105132205566;598
12;USD/JPY;0;398
2;USD/JPY;0.414192916219298;599
12;USD/JPY;104.127;399
2;USD/JPY;0.27581217156147;600
12;USD/JPY;0;400
2;USD/JPY;0.407540414430328;601
12;USD/JPY;0;401
2;USD/JPY;0.285408428830823;602
12;USD/JPY;0;402
2;USD/JPY;0.301538236492616;603
12;USD/JPY;0;403
2;USD/JPY;0.145983821359364;604
12;USD/JPY;0;404
2;USD/JPY;0.0502953338716387;605
12;USD/JPY;0;405
2;USD/JPY;0.0536106463982194;606
12;USD/JPY;0;406
2;USD/JPY;0.0956462520001;607
12;USD/JPY;0;407
2;USD/JPY;0.0659111690384804;608
12;USD/JPY;0;408
2;USD/JPY;0.0687433833040135;609
12;USD/JPY;0;409
2;USD/JPY;0.0491462804392963;610
12;USD/JPY;0;410
2;USD/JPY;0.018885205679698;611
12;USD/JPY;0;411
2;USD/JPY;0.0327833716958306;612
12;USD/JPY;0;412
2;USD/JPY;0.0562405708365413;613
12;USD/JPY;0;413
2;USD/JPY;0.102885789691535;614
12;USD/JPY;0;414
2;USD/JPY;0.0474468905662841;615
12;USD/JPY;0;415
2;USD/JPY;0.111217490077561;616
12;USD/JPY;0;416
2;USD/JPY;0.219323540819049;617
12;USD/JPY;0;417
2;USD/JPY;0.267031335995162;618
12;USD/JPY;0;418
2;USD/JPY;0.537183713174141;619
12;USD/JPY;0;419
2;USD/JPY;0.400260325491597;620
12;USD/JPY;0;420
2;USD/JPY;0.480735352974803;621
12;USD/JPY;0;421
2;USD/JPY;0.662030230118509;622
12;USD/JPY;0;422
2;USD/JPY;0.664251300956554;623
12;USD/JPY;0;423
2;USD/JPY;0.718729120621975;624
12;USD/JPY;0;424
2;USD/JPY;0.74149164725627;625
12;USD/JPY;0;425
2;USD/JPY;0.525732183703214;626
12;USD/JPY;101.323;426
2;USD/JPY;0.844332782874329;627
12;USD/JPY;0;427
2;USD/JPY;0.764290205899869;628
12;USD/JPY;0;428
2;USD/JPY;0.722966708954937;629
12;USD/JPY;0;429
2;USD/JPY;0.834462039562055;630
12;USD/JPY;0;430
2;USD/JPY;0.73340062362702;631
12;USD/JPY;0;431
2;USD/JPY;0.861594553204136;632
12;USD/JPY;0;432
2;USD/JPY;0.918607077257694;633
12;USD/JPY;0;433
2;USD/JPY;0.901021739000379;634
12;USD/JPY;0;434
2;USD/JPY;0.9018568379693;635
12;USD/JPY;0;435
2;USD/JPY;0.908124810339013;636
1;USD/JPY;101.753;636
12;USD/JPY;0;436
2;USD/JPY;0.902929662962577;637
12;USD/JPY;0;437
2;USD/JPY;0.947697010783323;638
12;USD/JPY;0;438
2;USD/JPY;0.913475337831225;639
12;USD/JPY;0;439
2;USD/JPY;0.883888900603873;640
12;USD/JPY;0;440
2;USD/JPY;0.784757946916007;641
12;USD/JPY;0;441
2;USD/JPY;0.565795297114561;642
12;USD/JPY;0;442
2;USD/JPY;0.488548465117104;643
12;USD/JPY;0;443
2;USD/JPY;0.227547491222187;644
12;USD/JPY;0;444
2;USD/JPY;0.181895520522221;645
12;USD/JPY;0;445
2;USD/JPY;0.107161159302654;646
12;USD/JPY;0;446
2;USD/JPY;0.0381706118146035;647
12;USD/JPY;0;447
2;USD/JPY;0.0425105769161556;648
12;USD/JPY;0;448
2;USD/JPY;0.0317610120150078;649
12;USD/JPY;0;449
2;USD/JPY;0.0377621521425395;650
12;USD/JPY;0;450
2;USD/JPY;0.0265681261499479;651
12;USD/JPY;0;451
2;USD/JPY;0.0299122432601835;652
12;USD/JPY;0;452
2;USD/JPY;0.0255991328663041;653
12;USD/JPY;0;453
2;USD/JPY;0.0412200069667455;654
12;USD/JPY;0;454
2;USD/JPY;0.041474759522982;655
12;USD/JPY;0;455
2;USD/JPY;0.0446190245639897;656
12;USD/JPY;0;456
2;USD/JPY;0.0583694710454666;657
12;USD/JPY;0;457
2;USD/JPY;0.137516301145549;658
12;USD/JPY;0;458
2;USD/JPY;0.130053304563621;659
12;USD/JPY;0;459
2;USD/JPY;0.126329037082946;660
12;USD/JPY;0;460
2;USD/JPY;0.268152841080831;661
12;USD/JPY;0;461
2;USD/JPY;0.329718883154582;662
12;USD/JPY;0;462
2;USD/JPY;0.394309403865253;663
12;USD/JPY;0;463
2;USD/JPY;0.665831902149194;664
12;USD/JPY;0;464
2;USD/JPY;0.457793794372385;665
12;USD/JPY;0;465
2;USD/JPY;0.620945040546675;666
12;USD/JPY;0;466
2;USD/JPY;0.877591658848706;667
12;USD/JPY;0;467
2;USD/JPY;0.929615702583442;668
12;USD/JPY;102.723;468
2;USD/JPY;0.953442803983054;669
12;USD/JPY;0;469
2;USD/JPY;0.947405905579782;670
12;USD/JPY;0;470
2;USD/JPY;0.886689901448625;671
12;USD/JPY;0;471
2;USD/JPY;0.890471613692286;672
12;USD/JPY;0;472
2;USD/JPY;0.890515897229082;673
12;USD/JPY;0;473
2;USD/JPY;0.841804874733246;674
12;USD/JPY;0;474
2;USD/JPY;0.878512982909015;675
12;USD/JPY;0;475
2;USD/JPY;0.874905094848136;676
12;USD/JPY;0;476
2;USD/JPY;0.60540239277734;677
12;USD/JPY;0;477
2;USD/JPY;0.424539703629419;678
12;USD/JPY;0;478
2;USD/JPY;0.466922675211122;679
12;USD/JPY;0;479
2;USD/JPY;0.299127747477677;680
12;USD/JPY;0;480
2;USD/JPY;0.247697141920538;681
12;USD/JPY;0;481
2;USD/JPY;0.728477662061272;682
12;USD/JPY;0;482
2;USD/JPY;0.459212651350804;683
12;USD/JPY;0;483
2;USD/JPY;0.444185267387019;684
12;USD/JPY;0;484
2;USD/JPY;0.760059074278499;685
12;USD/JPY;0;485
2;USD/JPY;0.820295900740632;686
12;USD/JPY;0;486
2;USD/JPY;0.90017983637509;687
0;USD/JPY;102.094;687
12;USD/JPY;0;487
2;USD/JPY;0.903681320811486;688
12;USD/JPY;0;488
2;USD/JPY;0.852150115926487;689
12;USD/JPY;101.962;489
2;USD/JPY;0.796447863536935;690
12;USD/JPY;0;490
2;USD/JPY;0.957225942469446;691
12;USD/JPY;0;491
2;USD/JPY;0.961109325170019;692
12;USD/JPY;0;492
2;USD/JPY;0.903208441261805;693
1;USD/JPY;102.077;693
12;USD/JPY;0;493
2;USD/JPY;0.90196486077653;694
0;USD/JPY;101.813;694
12;USD/JPY;0;494
2;USD/JPY;0.860566478554924;695
12;USD/JPY;0;495
2;USD/JPY;0.936867831363883;696
12;USD/JPY;0;496
2;USD/JPY;0.955136223290495;697
12;USD/JPY;0;497
2;USD/JPY;0.873141163742108;698
12;USD/JPY;0;498
2;USD/JPY;0.830824798238883;699
1;USD/JPY;101.825;699
12;USD/JPY;0;499
2;USD/JPY;0.892552436583066;700
12;USD/JPY;102.781;500
2;USD/JPY;0.866983207059622;701
12;USD/JPY;0;501
2;USD/JPY;0.866918728703639;702
12;USD/JPY;0;502
2;USD/JPY;0.8112129951751;703
12;USD/JPY;0;503
2;USD/JPY;0.66355876028885;704
12;USD/JPY;0;504
2;USD/JPY;0.820694994199269;705
12;USD/JPY;0;505
2;USD/JPY;0.658659690378327;706
12;USD/JPY;0;506
2;USD/JPY;0.705303524018796;707
12;USD/JPY;102.031;507
2;USD/JPY;0.876460083466591;708
12;USD/JPY;0;508
2;USD/JPY;0.806561058234151;709
12;USD/JPY;0;509
2;USD/JPY;0.73235252854563;710
12;USD/JPY;0;510
2;USD/JPY;0.364091518168574;711
12;USD/JPY;0;511
2;USD/JPY;0.249476911697675;712
12;USD/JPY;0;512
2;USD/JPY;0.17545982170213;713
12;USD/JPY;0;513
2;USD/JPY;0.0850239620227409;714
12;USD/JPY;0;514
2;USD/JPY;0.216976656642148;715
12;USD/JPY;0;515
2;USD/JPY;0.192690459911083;716
12;USD/JPY;0;516
2;USD/JPY;0.108941011299342;717
12;USD/JPY;0;517
2;USD/JPY;0.108049473845675;718
12;USD/JPY;0;518
2;USD/JPY;0.18240388810157;719
12;USD/JPY;103.02;519
2;USD/JPY;0.177396514734503;720
12;USD/JPY;0;520
2;USD/JPY;0.260665554172229;721
12;USD/JPY;0;521
2;USD/JPY;0.225587745408799;722
0;USD/JPY;101.825;722
12;USD/JPY;0;522
2;USD/JPY;0.262643626013325;723
12;USD/JPY;0;523
2;USD/JPY;0.745291984897983;724
12;USD/JPY;0;524
2;USD/JPY;0.699398896821132;725
12;USD/JPY;0;525
2;USD/JPY;0.857546152753497;726
12;USD/JPY;0;526
2;USD/JPY;0.862839757689351;727
12;USD/JPY;0;527
2;USD/JPY;0.816135915835527;728
12;USD/JPY;0;528
2;USD/JPY;0.801140746355515;729
12;USD/JPY;0;529
2;USD/JPY;0.633500639440565;730
12;USD/JPY;0;530
2;USD/JPY;0.583014129223941;731
12;USD/JPY;0;531
2;USD/JPY;0.246917744321185;732
12;USD/JPY;0;532
2;USD/JPY;0.467716467320552;733
12;USD/JPY;0;533
2;USD/JPY;0.451017959108137;734
12;USD/JPY;0;534
2;USD/JPY;0.468033880270059;735
12;USD/JPY;101.431;535
2;USD/JPY;0.460624161676581;736
12;USD/JPY;0;536
2;USD/JPY;0.432963783714249;737
12;USD/JPY;0;537
2;USD/JPY;0.27690895255322;738
12;USD/JPY;0;538
2;USD/JPY;0.395482046838906;739
12;USD/JPY;0;539
2;USD/JPY;0.819937177523019;740
12;USD/JPY;0;540
2;USD/JPY;0.506833281705074;741
12;USD/JPY;0;541
2;USD/JPY;0.614713475175821;742
12;USD/JPY;0;542
2;USD/JPY;0.513977248193512;743
12;USD/JPY;0;543
2;USD/JPY;0.584733600069952;744
12;USD/JPY;0;544
2;USD/JPY;0.807279709691053;745
12;USD/JPY;0;545
2;USD/JPY;0.747498904477806;746
12;USD/JPY;0;546
2;USD/JPY;0.763168083843677;747
12;USD/JPY;0;547
2;USD/JPY;0.880211246649213;748
12;USD/JPY;0;548
2;USD/JPY;0.815211558770766;749
12;USD/JPY;0;549
2;USD/JPY;0.764022551572913;750
12;USD/JPY;0;550
2;USD/JPY;0.829710671164347;751
12;USD/JPY;0;551
2;USD/JPY;0.738450659729871;752
12;USD/JPY;0;552
2;USD/JPY;0.794911112426946;753
12;USD/JPY;0;553
2;USD/JPY;0.874106873647649;754
12;USD/JPY;0;554
2;USD/JPY;0.886293884150617;755
12;USD/JPY;0;555
2;USD/JPY;0.927044614669067;756
12;USD/JPY;0;556
2;USD/JPY;0.940703797608987;757
12;USD/JPY;0;557
2;USD/JPY;0.952291388533349;758
12;USD/JPY;0;558
2;USD/JPY;0.954646391227982;759
12;USD/JPY;0;559
2;USD/JPY;0.955036592740361;760
12;USD/JPY;102.363;560
2;USD/JPY;0.946935530223743;761
12;USD/JPY;0;561
2;USD/JPY;0.92074314832241;762
12;USD/JPY;0;562
2;USD/JPY;0.927054250095281;763
1;USD/JPY;101.438;763
12;USD/JPY;0;563
2;USD/JPY;0.925658340272506;764
0;USD/JPY;101.264;764
12;USD/JPY;0;564
2;USD/JPY;0.909594783675817;765
12;USD/JPY;0;565
2;USD/JPY;0.936746349512256;766
1;USD/JPY;101.356;766
12;USD/JPY;0;566
2;USD/JPY;0.932372878055508;767
12;USD/JPY;0;567
2;USD/JPY;0.913703540137097;768
12;USD/JPY;0;568
2;USD/JPY;0.9476464302002;769
12;USD/JPY;0;569
2;USD/JPY;0.921521453287795;770
12;USD/JPY;0;570
2;USD/JPY;0.805129117787504;771
12;USD/JPY;0;571
2;USD/JPY;0.818391218621204;772
12;USD/JPY;0;572
2;USD/JPY;0.536875506182224;773
12;USD/JPY;0;573
2;USD/JPY;0.393784539725628;774
12;USD/JPY;0;574
2;USD/JPY;0.362587775329477;775
12;USD/JPY;0;575
2;USD/JPY;0.180040011421613;776
12;USD/JPY;0;576
2;USD/JPY;0.103068536711117;777
12;USD/JPY;0;577
2;USD/JPY;0.21944551233863;778
12;USD/JPY;0;578
2;USD/JPY;0.156162177592359;779
12;USD/JPY;0;579
2;USD/JPY;0.0800841063090124;780
12;USD/JPY;0;580
2;USD/JPY;0.112586323258228;781
12;USD/JPY;0;581
2;USD/JPY;0.0419962384597806;782
12;USD/JPY;0;582
2;USD/JPY;0.0488578506004574;783
12;USD/JPY;0;583
2;USD/JPY;0.064623293409471;784
12;USD/JPY;0;584
2;USD/JPY;0.0530480765270721;785
12;USD/JPY;0;585
2;USD/JPY;0.0531213344647627;786
12;USD/JPY;0;586
2;USD/JPY;0.108678022500817;787
12;USD/JPY;0;587
2;USD/JPY;0.0584875670155602;788
12;USD/JPY;0;588
2;USD/JPY;0.11305696561159;789
12;USD/JPY;0;589
2;USD/JPY;0.271288713684843;790
12;USD/JPY;0;590
2;USD/JPY;0.127832496400293;791
12;USD/JPY;0;591
2;USD/JPY;0.124262360343276;792
12;USD/JPY;0;592
2;USD/JPY;0.158866814096367;793
12;USD/JPY;0;593
2;USD/JPY;0.213647899867046;794
12;USD/JPY;0;594
2;USD/JPY;0.16054001370424;795
12;USD/JPY;100.821;595
2;USD/JPY;0.245688495257964;796
12;USD/JPY;0;596
2;USD/JPY;0.579574670852557;797
12;USD/JPY;0;597
2;USD/JPY;0.790799811820294;798
12;USD/JPY;0;598
2;USD/JPY;0.825755723816207;799
12;USD/JPY;0;599
2;USD/JPY;0.888683782174213;800
12;USD/JPY;0;600
2;USD/JPY;0.902219099975021;801
12;USD/JPY;0;601
2;USD/JPY;0.91977844948894;802
12;USD/JPY;0;602
2;USD/JPY;0.923816258249989;803
12;USD/JPY;0;603
2;USD/JPY;0.919122154700894;804
12;USD/JPY;0;604
2;USD/JPY;0.935987625879218;805
12;USD/JPY;0;605
2;USD/JPY;0.919261941412981;806
12;USD/JPY;0;606
2;USD/JPY;0.907721623411225;807
12;USD/JPY;0;607
2;USD/JPY;0.904459040263083;808
12;USD/JPY;0;608
2;USD/JPY;0.865638347206001;809
12;USD/JPY;0;609
2;USD/JPY;0.805041149109182;810
12;USD/JPY;0;610
2;USD/JPY;0.904200450655807;811
12;USD/JPY;0;611
2;USD/JPY;0.900894092791413;812
12;USD/JPY;102.051;612
2;USD/JPY;0.907861328227561;813
0;USD/JPY;101.423;813
12;USD/JPY;0;613
2;USD/JPY;0.926478498128459;814
12;USD/JPY;0;614
2;USD/JPY;0.923914859519183;815
12;USD/JPY;0;615
2;USD/JPY;0.929957149111754;816
12;USD/JPY;0;616
2;USD/JPY;0.92633201522745;817
12;USD/JPY;0;617
2;USD/JPY;0.938970429452806;818
12;USD/JPY;0;618
2;USD/JPY;0.92559038623615;819
12;USD/JPY;0;619
2;USD/JPY;0.889614868252953;820
1;USD/JPY;101.319;820
12;USD/JPY;101.726;620
2;USD/JPY;0.898478312033465;821
12;USD/JPY;0;621
2;USD/JPY;0.732079578757435;822
12;USD/JPY;102.14;622
2;USD/JPY;0.735422853169508;823
12;USD/JPY;0;623
2;USD/JPY;0.60853704357067;824
12;USD/JPY;0;624
2;USD/JPY;0.226156354382808;825
12;USD/JPY;0;625
2;USD/JPY;0.415885855644682;826
12;USD/JPY;0;626
2;USD/JPY;0.295625937033561;827
12;USD/JPY;0;627
2;USD/JPY;0.137108652852172;828
12;USD/JPY;0;628
2;USD/JPY;0.194247189077844;829
12;USD/JPY;0;629
2;USD/JPY;0.131473631218277;830
12;USD/JPY;0;630
2;USD/JPY;0.10818089571168;831
12;USD/JPY;0;631
2;USD/JPY;0.132148523066079;832
12;USD/JPY;0;632
2;USD/JPY;0.103756977129076;833
12;USD/JPY;101.429;633
2;USD/JPY;0.122830866363862;834
12;USD/JPY;0;634
2;USD/JPY;0.107006019263281;835
12;USD/JPY;0;635
2;USD/JPY;0.114188320273543;836
12;USD/JPY;0;636
2;USD/JPY;0.102715715201846;837
12;USD/JPY;0;637
2;USD/JPY;0.115026951845031;838
12;USD/JPY;0;638
2;USD/JPY;0.0988390808767496;839
12;USD/JPY;0;639
2;USD/JPY;0.0997539918634729;840
12;USD/JPY;0;640
2;USD/JPY;0.219522256812892;841
12;USD/JPY;0;641
2;USD/JPY;0.559819909580734;842
12;USD/JPY;0;642
2;USD/JPY;0.789911631227928;843
12;USD/JPY;0;643
2;USD/JPY;0.844562603251112;844
0;USD/JPY;101.309;844
12;USD/JPY;0;644
2;USD/JPY;0.918910123098864;845
12;USD/JPY;0;645
2;USD/JPY;0.897127778278684;846
12;USD/JPY;0;646
2;USD/JPY;0.920087939380797;847
12;USD/JPY;0;647
2;USD/JPY;0.922988039789049;848
12;USD/JPY;0;648
2;USD/JPY;0.898854483083716;849
1;USD/JPY;101.412;849
12;USD/JPY;0;649
2;USD/JPY;0.870909468439838;850
12;USD/JPY;0;650
2;USD/JPY;0.887671270114368;851
12;USD/JPY;0;651
2;USD/JPY;0.87932468899635;852
12;USD/JPY;0;652
2;USD/JPY;0.886329430122135;853
12;USD/JPY;0;653
2;USD/JPY;0.90242980835633;854
12;USD/JPY;102.796;654
2;USD/JPY;0.901640788374673;855
12;USD/JPY;0;655
2;USD/JPY;0.911339246604538;856
12;USD/JPY;0;656
2;USD/JPY;0.890171880752024;857
12;USD/JPY;0;657
2;USD/JPY;0.907630561891081;858
12;USD/JPY;0;658
2;USD/JPY;0.639047605862294;859
12;USD/JPY;0;659
2;USD/JPY;0.486625793300459;860
12;USD/JPY;0;660
2;USD/JPY;0.187998671791176;861
12;USD/JPY;0;661
2;USD/JPY;0.108133269019936;862
0;USD/JPY;101.412;862
12;USD/JPY;0;662
2;USD/JPY;0.108281607006664;863
12;USD/JPY;0;663
2;USD/JPY;0.10405386606043;864
12;USD/JPY;0;664
2;USD/JPY;0.128939411519497;865
12;USD/JPY;0;665
2;USD/JPY;0.197909993410279;866
12;USD/JPY;0;666
2;USD/JPY;0.687866121897588;867
12;USD/JPY;0;667
2;USD/JPY;0.55739881856401;868
12;USD/JPY;0;668
2;USD/JPY;0.328752260427108;869
12;USD/JPY;0;669
2;USD/JPY;0.392909926636064;870
12;USD/JPY;0;670
2;USD/JPY;0.148683323469095;871
12;USD/JPY;0;671
2;USD/JPY;0.123521673786324;872
12;USD/JPY;0;672
2;USD/JPY;0.379222792189895;873
12;USD/JPY;0;673
2;USD/JPY;0.146338546232007;874
12;USD/JPY;0;674
2;USD/JPY;0.0946677555774486;875
12;USD/JPY;0;675
2;USD/JPY;0.195818819241881;876
12;USD/JPY;0;676
2;USD/JPY;0.186748270596218;877
12;USD/JPY;0;677
2;USD/JPY;0.194105376681357;878
12;USD/JPY;0;678
2;USD/JPY;0.214354503164819;879
12;USD/JPY;0;679
2;USD/JPY;0.122238836458855;880
12;USD/JPY;0;680
2;USD/JPY;0.0958176273826179;881
12;USD/JPY;0;681
2;USD/JPY;0.270243101316412;882
12;USD/JPY;0;682
2;USD/JPY;0.30890410639485;883
12;USD/JPY;0;683
2;USD/JPY;0.233393601066946;884
12;USD/JPY;0;684
2;USD/JPY;0.226127560174288;885
12;USD/JPY;0;685
2;USD/JPY;0.26195098501432;886
12;USD/JPY;0;686
2;USD/JPY;0.427755029179059;887
12;USD/JPY;0;687
2;USD/JPY;0.255498070825749;888
12;USD/JPY;0;688
2;USD/JPY;0.270458963802685;889
12;USD/JPY;0;689
2;USD/JPY;0.211974484866273;890
12;USD/JPY;0;690
2;USD/JPY;0.103938563644986;891
12;USD/JPY;0;691
2;USD/JPY;0.222244987849999;892
12;USD/JPY;0;692
2;USD/JPY;0.128474336349168;893
12;USD/JPY;0;693
2;USD/JPY;0.0503090414877316;894
12;USD/JPY;101.606;694
2;USD/JPY;0.182000171065444;895
12;USD/JPY;0;695
2;USD/JPY;0.0733990108620749;896
12;USD/JPY;0;696
2;USD/JPY;0.132925745005328;897
12;USD/JPY;0;697
2;USD/JPY;0.0732603919140373;898
12;USD/JPY;0;698
2;USD/JPY;0.0440525333133653;899
12;USD/JPY;0;699
2;USD/JPY;0.0575344085818183;900
12;USD/JPY;0;700
2;USD/JPY;0.0534320212798757;901
12;USD/JPY;0;701
2;USD/JPY;0.111771864755767;902
12;USD/JPY;0;702
2;USD/JPY;0.100093346432362;903
12;USD/JPY;0;703
2;USD/JPY;0.0503314973574371;904
12;USD/JPY;0;704
2;USD/JPY;0.0791573732082684;905
12;USD/JPY;0;705
2;USD/JPY;0.148054354696575;906
12;USD/JPY;0;706
2;USD/JPY;0.186277350351684;907
12;USD/JPY;0;707
2;USD/JPY;0.297575848416696;908
12;USD/JPY;0;708
2;USD/JPY;0.0802234051254308;909
12;USD/JPY;0;709
2;USD/JPY;0.157061134979289;910
12;USD/JPY;0;710
2;USD/JPY;0.558245473205065;911
12;USD/JPY;0;711
2;USD/JPY;0.390681638782229;912
12;USD/JPY;0;712
2;USD/JPY;0.561451426211686;913
12;USD/JPY;0;713
2;USD/JPY;0.699420577849631;914
12;USD/JPY;0;714
2;USD/JPY;0.813418589088366;915
12;USD/JPY;0;715
2;USD/JPY;0.931160781145578;916
12;USD/JPY;0;716
2;USD/JPY;0.917028868025697;917
12;USD/JPY;0;717
2;USD/JPY;0.875597369696658;918
12;USD/JPY;102.352;718
2;USD/JPY;0.971830161110556;919
12;USD/JPY;0;719
2;USD/JPY;0.931936386809698;920
12;USD/JPY;0;720
2;USD/JPY;0.930472693949646;921
12;USD/JPY;0;721
2;USD/JPY;0.870738715487262;922
1;USD/JPY;102.678;922
12;USD/JPY;101.74;722
2;USD/JPY;0.43177796440776;923
12;USD/JPY;0;723
2;USD/JPY;0.29680988750937;924
12;USD/JPY;0;724
2;USD/JPY;0.68211372448505;925
12;USD/JPY;0;725
2;USD/JPY;0.676995407898162;926
12;USD/JPY;0;726
2;USD/JPY;0.830431594017483;927
0;USD/JPY;102.412;927
12;USD/JPY;0;727
2;USD/JPY;0.743714856722735;928
12;USD/JPY;0;728
2;USD/JPY;0.505151786333052;929
12;USD/JPY;0;729
2;USD/JPY;0.952437419417205;930
12;USD/JPY;0;730
2;USD/JPY;0.976968093720407;931
12;USD/JPY;0;731
2;USD/JPY;0.962431772668155;932
12;USD/JPY;0;732
2;USD/JPY;0.877134403663124;933
1;USD/JPY;102.288;933
12;USD/JPY;0;733
2;USD/JPY;0.833098035501046;934
12;USD/JPY;0;734
2;USD/JPY;0.858880104774978;935
12;USD/JPY;0;735
2;USD/JPY;0.956709573186295;936
12;USD/JPY;0;736
2;USD/JPY;0.950531109584734;937
0;USD/JPY;101.729;937
12;USD/JPY;0;737
2;USD/JPY;0.950331281370274;938
12;USD/JPY;0;738
2;USD/JPY;0.891344099369741;939
12;USD/JPY;0;739
2;USD/JPY;0.96621502076939;940
12;USD/JPY;0;740
2;USD/JPY;0.953918595503894;941
1;USD/JPY;101.914;941
12;USD/JPY;102.167;741
2;USD/JPY;0.863734511340884;942
12;USD/JPY;0;742
2;USD/JPY;0.748295231312317;943
12;USD/JPY;0;743
2;USD/JPY;0.679982280522483;944
12;USD/JPY;0;744
2;USD/JPY;0.644201542447041;945
12;USD/JPY;0;745
2;USD/JPY;0.46916340938263;946
12;USD/JPY;0;746
2;USD/JPY;0.19217344120272;947
12;USD/JPY;0;747
2;USD/JPY;0.0741200352248775;948
12;USD/JPY;0;748
2;USD/JPY;0.0626823796276519;949
12;USD/JPY;0;749
2;USD/JPY;0.0996484509646389;950
12;USD/JPY;0;750
2;USD/JPY;0.0371885144155631;951
12;USD/JPY;0;751
2;USD/JPY;0.0350685440125844;952
12;USD/JPY;0;752
2;USD/JPY;0.0541444424974352;953
12;USD/JPY;0;753
2;USD/JPY;0.166745008259176;954
12;USD/JPY;0;754
2;USD/JPY;0.315659441193867;955
12;USD/JPY;0;755
2;USD/JPY;0.047479809390868;956
12;USD/JPY;0;756
2;USD/JPY;0.062052437822628;957
12;USD/JPY;0;757
2;USD/JPY;0.210433719699116;958
12;USD/JPY;0;758
2;USD/JPY;0.147425144754737;959
12;USD/JPY;0;759
2;USD/JPY;0.142084748743891;960
12;USD/JPY;0;760
2;USD/JPY;0.237907309749795;961
12;USD/JPY;0;761
2;USD/JPY;0.13911914136346;962
12;USD/JPY;0;762
2;USD/JPY;0.0632296571253526;963
12;USD/JPY;101.237;763
2;USD/JPY;0.297361618673913;964
12;USD/JPY;0;764
2;USD/JPY;0.380969141450183;965
12;USD/JPY;0;765
2;USD/JPY;0.353681719567218;966
12;USD/JPY;0;766
2;USD/JPY;0.464544325331963;967
12;USD/JPY;0;767
2;USD/JPY;0.15333385755917;968
12;USD/JPY;0;768
2;USD/JPY;0.229827428198624;969
12;USD/JPY;0;769
2;USD/JPY;0.20215867546047;970
12;USD/JPY;0;770
2;USD/JPY;0.191653834783872;971
12;USD/JPY;0;771
2;USD/JPY;0.758858703941961;972
12;USD/JPY;0;772
2;USD/JPY;0.784280601528788;973
12;USD/JPY;0;773
2;USD/JPY;0.880315047981976;974
12;USD/JPY;0;774
2;USD/JPY;0.787193877356861;975
12;USD/JPY;0;775
2;USD/JPY;0.265637927755935;976
12;USD/JPY;0;776
2;USD/JPY;0.584831410879829;977
12;USD/JPY;0;777
2;USD/JPY;0.170664933340208;978
12;USD/JPY;0;778
2;USD/JPY;0.238025211738801;979
12;USD/JPY;0;779
2;USD/JPY;0.151575484175732;980
12;USD/JPY;0;780
2;USD/JPY;0.045506809141668;981
12;USD/JPY;0;781
2;USD/JPY;0.130197686340738;982
12;USD/JPY;0;782
2;USD/JPY;0.0528737717238416;983
12;USD/JPY;102.266;783
2;USD/JPY;0.0690239239639397;984
12;USD/JPY;0;784
2;USD/JPY;0.072363592136182;985
12;USD/JPY;0;785
2;USD/JPY;0.0266272467663786;986
12;USD/JPY;0;786
2;USD/JPY;0.0699494246131214;987
12;USD/JPY;0;787
2;USD/JPY;0.0346261079069052;988
12;USD/JPY;0;788
2;USD/JPY;0.019879284400692;989
12;USD/JPY;0;789
2;USD/JPY;0.0352631665255742;990
12;USD/JPY;0;790
2;USD/JPY;0.0749470021203382;991
12;USD/JPY;0;791
2;USD/JPY;0.042875131074818;992
12;USD/JPY;0;792
2;USD/JPY;0.0387003391158136;993
12;USD/JPY;0;793
2;USD/JPY;0.0562310301663529;994
12;USD/JPY;0;794
2;USD/JPY;0.0270006497521909;995
12;USD/JPY;0;795
2;USD/JPY;0.0302332288890286;996
