8;AUD/JPY;-0.00382182613921848;5
8;AUD/JPY;0.000835350111084039;6
8;AUD/JPY;-0.000481039276235443;7
8;AUD/JPY;0.000252682103890924;8
8;AUD/JPY;-0.000203603804614377;9
8;AUD/JPY;-0.000946628474724412;10
8;AUD/JPY;-0.00179218219504704;11
8;AUD/JPY;-0.000537994848010473;12
8;AUD/JPY;-0.000561473055900839;13
8;AUD/JPY;-4.50351436861619E-05;14
8;AUD/JPY;0.000387312951049394;15
8;AUD/JPY;0.000952561134958017;16
8;AUD/JPY;0.000283109966845285;17
8;AUD/JPY;0.000208057416866099;18
8;AUD/JPY;0.000203649633073193;19
8;AUD/JPY;-0.000428013645779325;20
8;AUD/JPY;-0.0011629496216361;21
8;AUD/JPY;-0.000399043286965205;22
8;AUD/JPY;-0.00286090844358081;23
8;AUD/JPY;-0.00294188019130941;24
8;AUD/JPY;-0.00401409162716468;25
8;AUD/JPY;-0.00359120432235722;26
8;AUD/JPY;-0.00283760193932244;27
8;AUD/JPY;-0.000411439912171971;28
8;AUD/JPY;-0.000435341152712108;29
8;AUD/JPY;0.000508642276414203;30
8;AUD/JPY;0.00217283509997644;31
8;AUD/JPY;0.00158165334926375;32
8;AUD/JPY;-0.00284433631866328;33
8;AUD/JPY;-0.00272047370424535;34
8;AUD/JPY;-0.0067176946096965;35
8;AUD/JPY;-0.00813699976708099;36
8;AUD/JPY;-0.00640753905098645;37
8;AUD/JPY;-0.00187208855191275;38
8;AUD/JPY;0.000701205776660141;39
8;AUD/JPY;0.00444831910925158;40
8;AUD/JPY;0.00105614662922991;41
8;AUD/JPY;-0.000377466064727734;42
8;AUD/JPY;0.00146939345729731;43
8;AUD/JPY;-0.00111470089622597;44
8;AUD/JPY;-0.00265039782835455;45
8;AUD/JPY;0.000588568112846356;46
8;AUD/JPY;-0.00222561730188149;47
8;AUD/JPY;-0.0039976053082717;48
8;AUD/JPY;0.000530533607588651;49
8;AUD/JPY;0.00248053145002953;50
8;AUD/JPY;0.00233047718533489;51
8;AUD/JPY;0.00469852877876686;52
8;AUD/JPY;0.00609290348501613;53
8;AUD/JPY;0.00151749133548051;54
8;AUD/JPY;0.00266585845256065;55
8;AUD/JPY;0.00246950592559342;56
8;AUD/JPY;0.00182224093392912;57
8;AUD/JPY;0.000243137155997595;58
8;AUD/JPY;0.00303755967893907;59
8;AUD/JPY;0.00136298560086785;60
8;AUD/JPY;0.0016403774638593;61
8;AUD/JPY;0.00227795621164114;62
8;AUD/JPY;0.000834490522861801;63
8;AUD/JPY;-0.00197776642584944;64
8;AUD/JPY;-0.000884448824339729;65
8;AUD/JPY;-0.00100000750639793;66
8;AUD/JPY;-0.000728211378732737;67
8;AUD/JPY;0.00110437464029336;68
8;AUD/JPY;0.00124922329939058;69
8;AUD/JPY;0.00042753839981265;70
8;AUD/JPY;0.000204312311282322;71
8;AUD/JPY;-0.000225937174395942;72
8;AUD/JPY;-0.000112766467975612;73
8;AUD/JPY;-0.000351166308895651;74
8;AUD/JPY;-0.000564456976643013;75
8;AUD/JPY;-3.04162684170175E-05;76
8;AUD/JPY;0.00126326929602915;77
8;AUD/JPY;0.000904675329724083;78
8;AUD/JPY;-0.000117192589836997;79
8;AUD/JPY;0.000115191726767692;80
8;AUD/JPY;-0.000779363128386167;81
8;AUD/JPY;-0.0019535220756106;82
8;AUD/JPY;-0.00226940776132545;83
8;AUD/JPY;-0.00139420447176065;84
8;AUD/JPY;-0.00374822495419801;85
8;AUD/JPY;-0.0032457035913661;86
8;AUD/JPY;-0.0024359233279552;87
8;AUD/JPY;-0.00235290369906725;88
8;AUD/JPY;0.000131120318511055;89
8;AUD/JPY;0.00266760053198529;90
8;AUD/JPY;0.00376851705961488;91
8;AUD/JPY;0.00284992545863809;92
8;AUD/JPY;0.00672741316493701;93
8;AUD/JPY;0.00490500440429294;94
8;AUD/JPY;0.00405469700671564;95
8;AUD/JPY;0.00323055810337876;96
8;AUD/JPY;0.00290644684013968;97
8;AUD/JPY;-0.000968172220104373;98
8;AUD/JPY;-0.00320388472952664;99
8;AUD/JPY;-0.00266360285536795;100
8;AUD/JPY;-0.00227560192070934;101
8;AUD/JPY;-0.00156142268025718;102
8;AUD/JPY;-0.00231728279218126;103
8;AUD/JPY;-0.000974960266990169;104
8;AUD/JPY;-0.00179346037459774;105
8;AUD/JPY;-0.00186203665995162;106
8;AUD/JPY;-8.86663833772672E-05;107
8;AUD/JPY;0.00104858605577639;108
8;AUD/JPY;0.00147903041131617;109
8;AUD/JPY;0.00274574006568435;110
8;AUD/JPY;0.00201354198070447;111
8;AUD/JPY;4.54193996858639E-05;112
8;AUD/JPY;-9.29373068147013E-05;113
8;AUD/JPY;-4.7540328468159E-05;114
8;AUD/JPY;0.00074781749454995;115
8;AUD/JPY;0.00118212068246714;116
8;AUD/JPY;0.0018276566401669;117
8;AUD/JPY;0.001713459765732;118
8;AUD/JPY;0.00248071522699216;119
8;AUD/JPY;0.00160256237665798;120
8;AUD/JPY;0.00231372194424101;121
8;AUD/JPY;0.0013838077735204;122
8;AUD/JPY;0.00276929302435648;123
8;AUD/JPY;0.00211055741217442;124
8;AUD/JPY;0.00312509666437116;125
8;AUD/JPY;0.00252043370487546;126
8;AUD/JPY;0.00367327141336986;127
8;AUD/JPY;0.00220111645711405;128
8;AUD/JPY;0.00227863459067419;129
8;AUD/JPY;0.00111870237626737;130
8;AUD/JPY;0.00157465485808019;131
8;AUD/JPY;0.000669577133905907;132
8;AUD/JPY;0.000501159192257617;133
8;AUD/JPY;0.000302560869817805;134
8;AUD/JPY;0.000584094287381638;135
8;AUD/JPY;-9.79232988460711E-05;136
8;AUD/JPY;-0.0010941768781955;137
8;AUD/JPY;-0.00083177582557732;138
8;AUD/JPY;-0.00138928677984721;139
8;AUD/JPY;-0.00147393846250839;140
8;AUD/JPY;-0.000609451131143842;141
8;AUD/JPY;0.00049980420730712;142
8;AUD/JPY;-2.72269840776693E-05;143
8;AUD/JPY;3.77889279565344E-05;144
8;AUD/JPY;-0.000203649970620002;145
8;AUD/JPY;-0.00101009257319024;146
8;AUD/JPY;0.000400613573276724;147
8;AUD/JPY;0.000894454004400927;148
8;AUD/JPY;-3.35898055730321E-05;149
8;AUD/JPY;-7.56342253879656E-05;150
8;AUD/JPY;0.00107906205487832;151
8;AUD/JPY;-0.000317086211631693;152
8;AUD/JPY;-0.000685111008221233;153
8;AUD/JPY;0.000691650588712571;154
8;AUD/JPY;0.00100820293675765;155
8;AUD/JPY;-2.08963488855891E-06;156
8;AUD/JPY;-3.96711472004154E-05;157
8;AUD/JPY;0.000582911100897235;158
8;AUD/JPY;0.00103717462126934;159
8;AUD/JPY;0.00104682802672282;160
8;AUD/JPY;-0.00112529961635457;161
8;AUD/JPY;-0.00123372492150871;162
8;AUD/JPY;-0.00232502198714181;163
8;AUD/JPY;-0.00267585646366721;164
8;AUD/JPY;-0.0030662300165854;165
8;AUD/JPY;-0.0010682761822528;166
8;AUD/JPY;-0.000719864381950341;167
8;AUD/JPY;0.000213061085349697;168
8;AUD/JPY;0.000627646421725536;169
8;AUD/JPY;0.000866153457237119;170
8;AUD/JPY;0.000487437135606795;171
8;AUD/JPY;5.48176263183257E-05;172
8;AUD/JPY;-1.05422401230557E-05;173
8;AUD/JPY;-0.000549609986156915;174
8;AUD/JPY;-0.000551712869736048;175
8;AUD/JPY;-0.000242515015559459;176
8;AUD/JPY;-0.000227802469285996;177
8;AUD/JPY;-8.01391901901493E-05;178
8;AUD/JPY;0.000404457596078389;179
8;AUD/JPY;0.000541198230727469;180
8;AUD/JPY;0.000415259343642566;181
8;AUD/JPY;0.000417439854698532;182
8;AUD/JPY;0.000799950543342275;183
8;AUD/JPY;0.000290199510471439;184
8;AUD/JPY;0.000430647555457889;185
8;AUD/JPY;0.000746140120211437;186
8;AUD/JPY;0.00148766652295006;187
8;AUD/JPY;0.000934826003203009;188
8;AUD/JPY;0.00112526424588625;189
8;AUD/JPY;0.000875238265637979;190
8;AUD/JPY;0.000322814001391208;191
8;AUD/JPY;-0.00067007349721975;192
8;AUD/JPY;-0.00135545373458993;193
8;AUD/JPY;-0.00161759031319739;194
8;AUD/JPY;-0.00140054245592628;195
8;AUD/JPY;-0.000841664629271276;196
8;AUD/JPY;-0.00141027979446918;197
8;AUD/JPY;-0.000638941125115499;198
8;AUD/JPY;-0.00287493877779329;199
8;AUD/JPY;-0.00331371539802101;200
8;AUD/JPY;-0.00278945731267017;201
8;AUD/JPY;-0.00216413484322401;202
8;AUD/JPY;-0.00163295643546809;203
8;AUD/JPY;0.000659260369824019;204
8;AUD/JPY;0.0014366009782232;205
8;AUD/JPY;0.000932025646964533;206
8;AUD/JPY;0.00119858359992163;207
8;AUD/JPY;0.000879635965935002;208
8;AUD/JPY;0.00116173822314334;209
8;AUD/JPY;0.000659419312351447;210
8;AUD/JPY;-0.000550604364616467;211
8;AUD/JPY;-0.000872146966557274;212
8;AUD/JPY;0.000708961691329949;213
8;AUD/JPY;0.000537168558086224;214
8;AUD/JPY;0.00061927079145599;215
8;AUD/JPY;0.00163672933382494;216
8;AUD/JPY;0.00175741340901816;217
8;AUD/JPY;-0.000145819581152536;218
8;AUD/JPY;0.000584169845537164;219
8;AUD/JPY;0.000362639778881638;220
8;AUD/JPY;0.0011537481335046;221
8;AUD/JPY;0.00117779394039917;222
8;AUD/JPY;0.00206325080102476;223
8;AUD/JPY;0.00114858973391224;224
8;AUD/JPY;0.00175746949582508;225
8;AUD/JPY;0.00112625640420399;226
8;AUD/JPY;0.00141927706194825;227
8;AUD/JPY;0.000347037205411242;228
8;AUD/JPY;0.000762773445961883;229
8;AUD/JPY;0.000154454667928414;230
8;AUD/JPY;-0.000344739415412066;231
8;AUD/JPY;-0.000419709802653881;232
8;AUD/JPY;0.000169119077207984;233
8;AUD/JPY;-0.000112665480399429;234
8;AUD/JPY;-2.08652833173448E-05;235
8;AUD/JPY;0.000227803549313447;236
8;AUD/JPY;2.09019177699381E-05;237
8;AUD/JPY;-0.000313296358814735;238
8;AUD/JPY;-0.000901519569886623;239
8;AUD/JPY;-0.000949583988594164;240
8;AUD/JPY;8.97961329657956E-05;241
8;AUD/JPY;0.000210987010443463;242
8;AUD/JPY;0.000250676336594905;243
8;AUD/JPY;0.000792966866973347;244
8;AUD/JPY;0.000805554174461448;245
8;AUD/JPY;1.25264883075037E-05;246
8;AUD/JPY;0.000487967877715978;247
8;AUD/JPY;0.000383761184767431;248
8;AUD/JPY;-0.000633702826033797;249
8;AUD/JPY;-0.000723804735350611;250
8;AUD/JPY;-0.000171263285979859;251
8;AUD/JPY;-0.000579855650949418;252
8;AUD/JPY;-0.000555022682283362;253
8;AUD/JPY;0.000257487854612262;254
8;AUD/JPY;0.000167586657339519;255
8;AUD/JPY;-0.0004811566811349;256
8;AUD/JPY;-0.000426577609569908;257
8;AUD/JPY;-0.00041623324076489;258
8;AUD/JPY;0.00163347853600364;259
8;AUD/JPY;0.00180519433697689;260
8;AUD/JPY;0.00121321962990331;261
8;AUD/JPY;0.0010834816822399;262
8;AUD/JPY;3.76848916104056E-05;263
8;AUD/JPY;-0.00179044388088201;264
8;AUD/JPY;-0.0017298261309997;265
8;AUD/JPY;-0.0010394513065659;266
8;AUD/JPY;-0.00133693130116067;267
8;AUD/JPY;-0.000270232095032775;268
8;AUD/JPY;-0.000119376106333215;269
8;AUD/JPY;-0.000169618421093407;270
8;AUD/JPY;0.000121338915855769;271
8;AUD/JPY;0.000498215683476606;272
8;AUD/JPY;-0.000631965127404757;273
8;AUD/JPY;-0.00086498423758233;274
8;AUD/JPY;-0.00072616691349717;275
8;AUD/JPY;-0.00110732731880766;276
8;AUD/JPY;-0.000544331959581958;277
8;AUD/JPY;0.000512443838050318;278
8;AUD/JPY;0.000468647599310051;279
8;AUD/JPY;0.000109303403737931;280
8;AUD/JPY;0.000214393832536356;281
8;AUD/JPY;-0.000465951159973557;282
8;AUD/JPY;-0.00188823791511979;283
8;AUD/JPY;-0.00143461908492794;284
8;AUD/JPY;0.000140745220208551;285
8;AUD/JPY;2.73081993292539E-05;286
8;AUD/JPY;-0.000414390211299883;287
8;AUD/JPY;0.00109802210001039;288
8;AUD/JPY;0.00145770783496015;289
8;AUD/JPY;7.9781651278384E-05;290
8;AUD/JPY;0.00126468731049596;291
8;AUD/JPY;0.00179647888760015;292
8;AUD/JPY;0.00185708583372577;293
8;AUD/JPY;0.00113435701378658;294
8;AUD/JPY;0.000850423350418501;295
8;AUD/JPY;-0.000373966608662395;296
8;AUD/JPY;-0.000112721924266439;297
8;AUD/JPY;-0.00011060619780944;298
8;AUD/JPY;-2.29581587809274E-05;299
8;AUD/JPY;0.000202645904095414;300
9;AUD/JPY;-1;301
8;AUD/JPY;0.000553389338532726;301
9;AUD/JPY;-1;302
8;AUD/JPY;0.000225380353156661;302
9;AUD/JPY;-1;303
8;AUD/JPY;-0.000522553702228117;303
9;AUD/JPY;-1;304
8;AUD/JPY;-0.000493192730828801;304
9;AUD/JPY;-1;305
8;AUD/JPY;-0.00068606396626963;305
9;AUD/JPY;-1;306
8;AUD/JPY;-0.00085055377533109;306
9;AUD/JPY;-1;307
8;AUD/JPY;-0.000384133729779048;307
9;AUD/JPY;-1;308
8;AUD/JPY;0.000259357290505455;308
9;AUD/JPY;-1;309
8;AUD/JPY;-0.000247053189716925;309
9;AUD/JPY;-1;310
8;AUD/JPY;-6.07714839728173E-05;310
9;AUD/JPY;-1;311
8;AUD/JPY;-5.86479555964384E-05;311
9;AUD/JPY;-1;312
8;AUD/JPY;-0.000535677240092148;312
9;AUD/JPY;-1;313
8;AUD/JPY;-0.00229989079973986;313
9;AUD/JPY;-1;314
