8;AUD/USD;0.0304244933016617;5
8;AUD/USD;0.00168480535703612;6
8;AUD/USD;0.00162401282088396;7
8;AUD/USD;0.00142355727808606;8
8;AUD/USD;0.000112261167320211;9
8;AUD/USD;-0.000696346010116644;10
8;AUD/USD;-0.00170055524876379;11
8;AUD/USD;-0.00170274810824422;12
8;AUD/USD;-0.0017090387955515;13
8;AUD/USD;-0.000334724351818111;14
8;AUD/USD;0.00161289395162546;15
8;AUD/USD;0.0027286406493672;16
8;AUD/USD;0.00368954514066897;17
8;AUD/USD;0.00349203894175392;18
8;AUD/USD;0.00131544775178439;19
8;AUD/USD;-0.000644043990483524;20
8;AUD/USD;-0.0023756907856666;21
8;AUD/USD;-0.0033478338035526;22
8;AUD/USD;-0.00519765688749655;23
8;AUD/USD;-0.00302246678495126;24
8;AUD/USD;-0.00422051289851954;25
8;AUD/USD;-0.00296653720457902;26
8;AUD/USD;-0.00205681135880652;27
8;AUD/USD;-0.000265620870981237;28
8;AUD/USD;-0.000451767248281864;29
8;AUD/USD;0.000644122940008452;30
8;AUD/USD;0.00160752857801327;31
8;AUD/USD;0.000700018271713091;32
8;AUD/USD;-0.00110713998924825;33
8;AUD/USD;-0.000965976338745136;34
8;AUD/USD;-0.00246936476382514;35
8;AUD/USD;-0.00341202454906164;36
8;AUD/USD;-0.00254902287451555;37
8;AUD/USD;-0.000551295377691872;38
8;AUD/USD;0.000749948165862588;39
8;AUD/USD;0.00209634490156773;40
8;AUD/USD;0.000927181336036794;41
8;AUD/USD;0.000336417236596975;42
8;AUD/USD;0.00126047959063982;43
8;AUD/USD;0.000109180241088215;44
8;AUD/USD;-0.000499205292257632;45
8;AUD/USD;0.000441423024541637;46
8;AUD/USD;5.94435176647597E-05;47
8;AUD/USD;-0.000869154969682637;48
8;AUD/USD;0.0027035832156035;49
8;AUD/USD;0.00335636444907275;50
8;AUD/USD;0.0037861445792624;51
8;AUD/USD;0.00400798689452173;52
8;AUD/USD;0.00453881715438653;53
8;AUD/USD;0.000712143001713731;54
8;AUD/USD;0.000884555889580693;55
8;AUD/USD;0.00050600629272954;56
8;AUD/USD;0.000353701080534634;57
8;AUD/USD;-9.38883193349744E-05;58
8;AUD/USD;0.00188452899209456;59
8;AUD/USD;0.00150702187222723;60
8;AUD/USD;0.00155032629101517;61
8;AUD/USD;0.00178800253442424;62
8;AUD/USD;0.000602800125905817;63
8;AUD/USD;-0.0011103244008419;64
8;AUD/USD;0.000708396335270736;65
8;AUD/USD;0.000978343418618719;66
8;AUD/USD;0.000274685760628769;67
8;AUD/USD;0.00145705569758726;68
8;AUD/USD;0.000824450192201762;69
8;AUD/USD;-0.000750536384553051;70
8;AUD/USD;-0.00132700963689683;71
8;AUD/USD;-0.000920796616468701;72
8;AUD/USD;-0.000642816530676811;73
8;AUD/USD;-0.000213009106303906;74
8;AUD/USD;-0.00105639725859969;75
8;AUD/USD;-0.000469549081581797;76
8;AUD/USD;0.00092522394192157;77
8;AUD/USD;0.000594123495753537;78
8;AUD/USD;0.000115408092865534;79
8;AUD/USD;0.000918825832528557;80
8;AUD/USD;-0.000441624375092246;81
8;AUD/USD;-0.0016046670070657;82
8;AUD/USD;-0.00162025189787972;83
8;AUD/USD;-0.00120842255035686;84
8;AUD/USD;-0.00239149424414695;85
8;AUD/USD;-0.0012273824580785;86
8;AUD/USD;-0.000717587799591761;87
8;AUD/USD;-0.000863255989161417;88
8;AUD/USD;-0.000140677602892763;89
8;AUD/USD;0.00120713672358482;90
8;AUD/USD;0.00176255949722935;91
8;AUD/USD;0.00102529388954306;92
8;AUD/USD;0.00348155581972482;93
8;AUD/USD;0.00332728139960405;94
8;AUD/USD;0.00216746513965886;95
8;AUD/USD;0.00164779739293458;96
8;AUD/USD;0.00107769057803958;97
8;AUD/USD;-0.00132149336085228;98
8;AUD/USD;-0.00299026724226781;99
8;AUD/USD;-0.00202461436799503;100
8;AUD/USD;-0.00140076151350944;101
8;AUD/USD;-0.000630355207300874;102
8;AUD/USD;0.000416394573381573;103
8;AUD/USD;0.00131582346554019;104
8;AUD/USD;0.00112805465395875;105
8;AUD/USD;0.000819041047880719;106
8;AUD/USD;0.00188073207221832;107
8;AUD/USD;0.000971164986402139;108
8;AUD/USD;0.00227549277363273;109
8;AUD/USD;0.00255288843455223;110
8;AUD/USD;3.32235112477458E-05;111
8;AUD/USD;-0.00116175384363796;112
8;AUD/USD;-0.00107518238399632;113
8;AUD/USD;-0.00207620796810935;114
8;AUD/USD;-0.000757173468382881;115
8;AUD/USD;0.00137063180245685;116
8;AUD/USD;0.00223138668985138;117
8;AUD/USD;0.00201974085700807;118
8;AUD/USD;0.00270384298997202;119
8;AUD/USD;0.00144164506557688;120
8;AUD/USD;0.00275896574005877;121
8;AUD/USD;0.00197698775648096;122
8;AUD/USD;0.00286121687260678;123
8;AUD/USD;0.00236159979492248;124
8;AUD/USD;0.00195301535091873;125
8;AUD/USD;0.000848623885116637;126
8;AUD/USD;0.00110743691341015;127
8;AUD/USD;0.000224549305678113;128
8;AUD/USD;-0.000585626644110355;129
8;AUD/USD;-0.000309384915901002;130
8;AUD/USD;-0.000289685936025022;131
8;AUD/USD;-0.000561603963282172;132
8;AUD/USD;-0.000856365652488149;133
8;AUD/USD;-0.000199201047116539;134
8;AUD/USD;0.00117872171761363;135
8;AUD/USD;0.000945332301940732;136
8;AUD/USD;0.000401923316077268;137
8;AUD/USD;0.000802410467337441;138
8;AUD/USD;0.00252507134635895;139
8;AUD/USD;0.00121674847786138;140
8;AUD/USD;0.00189229551550231;141
8;AUD/USD;0.00239259120435534;142
8;AUD/USD;0.00313321216494926;143
8;AUD/USD;0.0010028720162992;144
8;AUD/USD;0.000732480304509561;145
8;AUD/USD;0.000149248964848656;146
8;AUD/USD;0.00087688633485034;147
8;AUD/USD;-1.91254363135524E-05;148
8;AUD/USD;-0.000934431601566775;149
8;AUD/USD;-0.000860887101639709;150
8;AUD/USD;-0.000388279213550157;151
8;AUD/USD;-0.000962226041509753;152
8;AUD/USD;-0.00172453500007984;153
8;AUD/USD;-0.000492437061640534;154
8;AUD/USD;-8.56503551520059E-05;155
8;AUD/USD;-0.000716666453002152;156
8;AUD/USD;-0.000844690671854803;157
8;AUD/USD;0.000126429704475397;158
8;AUD/USD;0.000706162530268573;159
8;AUD/USD;0.000671371167112512;160
8;AUD/USD;-0.000975360173151597;161
8;AUD/USD;-0.000968826576979139;162
8;AUD/USD;-0.00148360657527498;163
8;AUD/USD;-0.00204398893450613;164
8;AUD/USD;-0.00216327369536831;165
8;AUD/USD;-0.000318989646577356;166
8;AUD/USD;-0.000716204883541213;167
8;AUD/USD;-0.000321823012824043;168
8;AUD/USD;-1.07905712015228E-05;169
8;AUD/USD;8.41346814480444E-05;170
8;AUD/USD;0.000222053369509959;171
8;AUD/USD;0.000586959992294281;172
8;AUD/USD;0.00042107324410733;173
8;AUD/USD;0.000155328084435957;174
8;AUD/USD;0.000112124547430727;175
8;AUD/USD;-0.000181073519590111;176
8;AUD/USD;-9.48326975039371E-05;177
8;AUD/USD;0.000241446986445638;178
8;AUD/USD;0.00154882169470958;179
8;AUD/USD;0.00152253659825246;180
8;AUD/USD;0.00110329385273992;181
8;AUD/USD;0.000976346024982265;182
8;AUD/USD;0.0018656651665071;183
8;AUD/USD;0.000468081454609461;184
8;AUD/USD;0.000181756960703212;185
8;AUD/USD;0.000685144817952724;186
8;AUD/USD;0.000830649549314613;187
8;AUD/USD;-0.000228518976450627;188
8;AUD/USD;-0.000136677670266828;189
8;AUD/USD;0.000126063666323121;190
8;AUD/USD;0.000420628000820174;191
8;AUD/USD;0.0001473579744076;192
8;AUD/USD;-1.49589430508356E-05;193
8;AUD/USD;-0.000145322440544555;194
8;AUD/USD;1.28155837542394E-05;195
8;AUD/USD;-0.000262521847812393;196
8;AUD/USD;-0.000842899190656926;197
8;AUD/USD;-0.000567127346901803;198
8;AUD/USD;-0.00253007257309441;199
8;AUD/USD;-0.00282640052602718;200
8;AUD/USD;-0.00257726938306447;201
8;AUD/USD;-0.00204710077880538;202
8;AUD/USD;-0.00223054244292648;203
8;AUD/USD;-0.000262147370832291;204
8;AUD/USD;7.79701773950398E-05;205
8;AUD/USD;-0.000140672093751881;206
8;AUD/USD;0.000229454637530456;207
8;AUD/USD;0.000614532876278355;208
8;AUD/USD;0.000757338969852402;209
8;AUD/USD;0.000605399322810577;210
8;AUD/USD;-0.000149437181073735;211
8;AUD/USD;-0.000478689356751102;212
8;AUD/USD;0.00104941871029424;213
8;AUD/USD;0.00104044049368396;214
8;AUD/USD;0.000915422126202804;215
8;AUD/USD;0.00141408951621206;216
8;AUD/USD;0.000433252267991249;217
8;AUD/USD;-0.00152746608285987;218
8;AUD/USD;-0.000977818014941745;219
8;AUD/USD;-0.00106443975065066;220
8;AUD/USD;-0.000426411842623211;221
8;AUD/USD;0.000641652859081073;222
8;AUD/USD;0.00207905439413211;223
8;AUD/USD;0.0013448792143277;224
8;AUD/USD;0.00167382997406321;225
8;AUD/USD;0.00125295244869906;226
8;AUD/USD;0.00170107771761024;227
8;AUD/USD;0.000237765036919109;228
8;AUD/USD;0.000996889464874067;229
8;AUD/USD;0.000729252683221802;230
8;AUD/USD;0.000921261681849611;231
8;AUD/USD;0.000615004008067426;232
8;AUD/USD;0.00172229266698365;233
8;AUD/USD;0.00103865379018647;234
8;AUD/USD;0.000584047820944637;235
8;AUD/USD;0.000249356660232513;236
8;AUD/USD;0.000349367393172459;237
8;AUD/USD;-0.000678193764817725;238
8;AUD/USD;-0.00179977757881324;239
8;AUD/USD;-0.00128116596750416;240
8;AUD/USD;0.000161808861473562;241
8;AUD/USD;5.32036585972698E-05;242
8;AUD/USD;0.000136248488440473;243
8;AUD/USD;0.0012917665715599;244
8;AUD/USD;0.000955247385657478;245
8;AUD/USD;-0.000291776533926563;246
8;AUD/USD;0.000531259609414562;247
8;AUD/USD;0.00049524705282024;248
8;AUD/USD;-0.000667260642491261;249
8;AUD/USD;-0.000375570935341249;250
8;AUD/USD;0.000376886539891986;251
8;AUD/USD;-0.000441909312221532;252
8;AUD/USD;-0.000127414238602925;253
8;AUD/USD;0.000839576331218197;254
8;AUD/USD;0.00111398355042024;255
8;AUD/USD;0.000255112922043123;256
8;AUD/USD;0.000575564412796156;257
8;AUD/USD;0.000284446756643879;258
8;AUD/USD;0.00183096218261085;259
8;AUD/USD;0.00158041707787231;260
8;AUD/USD;0.000551630842143099;261
8;AUD/USD;5.72534263193697E-05;262
8;AUD/USD;-0.00174273547182222;263
8;AUD/USD;-0.00308737233204921;264
8;AUD/USD;-0.00285465961537666;265
8;AUD/USD;-0.00172144288472816;266
8;AUD/USD;-0.00133379918386156;267
8;AUD/USD;0.000504354597567912;268
8;AUD/USD;0.00122025743602558;269
8;AUD/USD;0.00111912552794906;270
8;AUD/USD;0.00112306569443063;271
8;AUD/USD;0.00108770536137606;272
8;AUD/USD;0.000462630054434351;273
8;AUD/USD;-0.000434343067393201;274
8;AUD/USD;-0.000512954503747257;275
8;AUD/USD;-0.000625752104108764;276
8;AUD/USD;-0.000567593372135266;277
8;AUD/USD;-2.12958526528051E-05;278
8;AUD/USD;-0.000258071432006101;279
8;AUD/USD;-0.000501453944911926;280
8;AUD/USD;-0.00036486042476374;281
8;AUD/USD;-0.000646080106392009;282
8;AUD/USD;-0.00106769418635295;283
8;AUD/USD;-0.000542822366665939;284
8;AUD/USD;0.000752774475512019;285
8;AUD/USD;0.000622634971661971;286
8;AUD/USD;5.55211517798544E-05;287
8;AUD/USD;0.000485439726793004;288
8;AUD/USD;0.000962818150498384;289
8;AUD/USD;-0.000174612987816793;290
8;AUD/USD;0.000904902025887523;291
8;AUD/USD;0.00155048604214775;292
8;AUD/USD;0.00114795350646804;293
8;AUD/USD;0.000540218968118925;294
8;AUD/USD;0.000268244952074171;295
8;AUD/USD;-0.000796352699793763;296
8;AUD/USD;-0.000762043152652358;297
8;AUD/USD;-0.00018909718134758;298
8;AUD/USD;-0.000672305297724447;299
8;AUD/USD;-0.000368396780073306;300
9;AUD/USD;-1;301
8;AUD/USD;-0.0016237323729106;301
9;AUD/USD;-1;302
8;AUD/USD;-0.00171724375408786;302
9;AUD/USD;-1;303
8;AUD/USD;-0.00242733105275275;303
9;AUD/USD;-1;304
8;AUD/USD;-0.0018003578834697;304
9;AUD/USD;-1;305
8;AUD/USD;-0.00165226519714344;305
9;AUD/USD;-1;306
8;AUD/USD;-0.000274772497280898;306
9;AUD/USD;-1;307
8;AUD/USD;0.000167245603467755;307
9;AUD/USD;-1;308
8;AUD/USD;0.000760236717338925;308
9;AUD/USD;-1;309
8;AUD/USD;2.58031222135436E-05;309
9;AUD/USD;-1;310
8;AUD/USD;-0.000101033445293102;310
9;AUD/USD;-1;311
8;AUD/USD;0.000825326880109136;311
9;AUD/USD;-1;312
8;AUD/USD;0.000289133453295824;312
9;AUD/USD;-1;313
8;AUD/USD;-0.00134850095514112;313
9;AUD/USD;-1;314
