8;EUR/USD;0.0395078515743154;5
8;EUR/USD;-0.00238359185993405;6
8;EUR/USD;-0.00192271973432481;7
8;EUR/USD;-0.000502684053813477;8
8;EUR/USD;-0.000756626878434556;9
8;EUR/USD;0.000243961613648712;10
8;EUR/USD;-0.000301797963084392;11
8;EUR/USD;-0.000913065680456496;12
8;EUR/USD;-0.000411293073647592;13
8;EUR/USD;-0.000110213486306655;14
8;EUR/USD;0.000718396843229685;15
8;EUR/USD;0.00142401599865813;16
8;EUR/USD;0.00140974921954906;17
8;EUR/USD;0.000982759712973916;18
8;EUR/USD;0.000970726209704549;19
8;EUR/USD;1.60976984036607E-05;20
8;EUR/USD;-0.000992805314788438;21
8;EUR/USD;-0.00099754488534634;22
8;EUR/USD;-0.000769663068191089;23
8;EUR/USD;-0.000835539441104936;24
8;EUR/USD;-0.0019868467864286;25
8;EUR/USD;-0.00113964622645816;26
8;EUR/USD;-0.00064370546779037;27
8;EUR/USD;-0.00103379951849444;28
8;EUR/USD;-0.000828719285404158;29
8;EUR/USD;0.000372104119268607;30
8;EUR/USD;0.000261527758096205;31
8;EUR/USD;-0.000175647712186862;32
8;EUR/USD;0.00216600928343391;33
8;EUR/USD;0.00189524783868209;34
8;EUR/USD;0.00182828039293885;35
8;EUR/USD;0.00208584629649529;36
8;EUR/USD;0.00189736477330907;37
8;EUR/USD;-0.000282086463133111;38
8;EUR/USD;-0.000531088347597778;39
8;EUR/USD;-0.000405330896682138;40
8;EUR/USD;-0.000375900094932815;41
8;EUR/USD;-0.000228317210054539;42
8;EUR/USD;-0.00172452851021032;43
8;EUR/USD;-0.00138923647376613;44
8;EUR/USD;-0.00247163272794161;45
8;EUR/USD;-0.00255931119519804;46
8;EUR/USD;-0.00193354802478477;47
8;EUR/USD;-0.000503706048895996;48
8;EUR/USD;-0.000635348017669103;49
8;EUR/USD;0.000438482965928481;50
8;EUR/USD;0.000722337722814824;51
8;EUR/USD;0.000113822403172631;52
8;EUR/USD;0.000994373668936063;53
8;EUR/USD;0.00114070573854363;54
8;EUR/USD;0.00154918985583631;55
8;EUR/USD;0.00121526297599845;56
8;EUR/USD;0.00162339867755757;57
8;EUR/USD;0.000809250932444664;58
8;EUR/USD;0.000668408086261391;59
8;EUR/USD;0.000228927003158699;60
8;EUR/USD;-0.0003468854677985;61
8;EUR/USD;-0.000826978561235469;62
8;EUR/USD;0.000491879122759709;63
8;EUR/USD;0.000566761384071924;64
8;EUR/USD;0.00093499480749414;65
8;EUR/USD;0.00159859601005644;66
8;EUR/USD;0.0017191516009055;67
8;EUR/USD;0.000366657639440948;68
8;EUR/USD;0.00123340187671068;69
8;EUR/USD;0.000871061214928623;70
8;EUR/USD;0.000409676375099057;71
8;EUR/USD;0.000354301095415824;72
8;EUR/USD;0.000242121951085213;73
8;EUR/USD;-0.000582220854385577;74
8;EUR/USD;-0.000322927949598052;75
8;EUR/USD;7.7175943905627E-05;76
8;EUR/USD;6.40862256511584E-05;77
8;EUR/USD;0.000205427828761238;78
8;EUR/USD;0.000352446095607097;79
8;EUR/USD;0.000112065612252429;80
8;EUR/USD;-0.000793565003991597;81
8;EUR/USD;-0.000770393371205687;82
8;EUR/USD;-0.000386262304629789;83
8;EUR/USD;-0.000562461209739985;84
8;EUR/USD;0.000412790844211899;85
8;EUR/USD;0.0013242524825449;86
8;EUR/USD;0.000806796852935155;87
8;EUR/USD;0.000400823644279427;88
8;EUR/USD;0.000486781363689514;89
8;EUR/USD;-0.000469543501235506;90
8;EUR/USD;-0.000548158669298895;91
8;EUR/USD;-6.99005380719171E-05;92
8;EUR/USD;0.00180465430559953;93
8;EUR/USD;0.0017940329259009;94
8;EUR/USD;0.00194511655159565;95
8;EUR/USD;0.00203960715107551;96
8;EUR/USD;0.00210808122321131;97
8;EUR/USD;0.000229305726394344;98
8;EUR/USD;-0.000126994210156228;99
8;EUR/USD;-0.000287027904668491;100
8;EUR/USD;0.00035422705704614;101
8;EUR/USD;0.000365741375971796;102
8;EUR/USD;-0.000118225468054318;103
8;EUR/USD;0.000151517891768574;104
8;EUR/USD;0.000724708946643075;105
8;EUR/USD;0.000104995561674609;106
8;EUR/USD;0.000333479547432146;107
8;EUR/USD;0.000828986902691917;108
8;EUR/USD;0.000938293224539947;109
8;EUR/USD;0.000324761709250483;110
8;EUR/USD;-0.00124768267900844;111
8;EUR/USD;-0.00154847296674076;112
8;EUR/USD;-0.00212684247918256;113
8;EUR/USD;-0.002188496256579;114
8;EUR/USD;-0.00198697915428328;115
8;EUR/USD;-0.000370753996554861;116
8;EUR/USD;0.000290711390012232;117
8;EUR/USD;0.000843045768851166;118
8;EUR/USD;0.000672376700170509;119
8;EUR/USD;0.000411424411875424;120
8;EUR/USD;-0.000200145049335319;121
8;EUR/USD;-0.000761662965596577;122
8;EUR/USD;-0.00133719615467206;123
8;EUR/USD;-0.00122617423488135;124
8;EUR/USD;-0.00101996992859792;125
8;EUR/USD;-0.000435790150704393;126
8;EUR/USD;-0.000169814411769476;127
8;EUR/USD;0.00043462635981521;128
8;EUR/USD;0.000794605867337323;129
8;EUR/USD;0.000634646847927387;130
8;EUR/USD;0.000184600415011174;131
8;EUR/USD;-0.000107478470582674;132
8;EUR/USD;-0.000839576207193292;133
8;EUR/USD;-0.00105386192624536;134
8;EUR/USD;-0.00136764607635955;135
8;EUR/USD;-0.000905736656858966;136
8;EUR/USD;-0.000337334411737877;137
8;EUR/USD;0.000375844120775004;138
8;EUR/USD;0.00102486423151127;139
8;EUR/USD;0.00136184607490913;140
8;EUR/USD;0.00217297987250278;141
8;EUR/USD;0.00157997023973224;142
8;EUR/USD;0.00207045682997573;143
8;EUR/USD;0.00134828561507544;144
8;EUR/USD;0.000738147077685983;145
8;EUR/USD;-9.09737455352457E-05;146
8;EUR/USD;-0.000520445852913248;147
8;EUR/USD;-0.00100359409879629;148
8;EUR/USD;-0.00105270621126038;149
8;EUR/USD;-0.000475865261072778;150
8;EUR/USD;-0.000433776919608891;151
8;EUR/USD;0.000107091174772919;152
8;EUR/USD;-3.32987075803387E-05;153
8;EUR/USD;-4.48883404420348E-05;154
8;EUR/USD;3.76476040583336E-05;155
8;EUR/USD;-4.19816802175549E-05;156
8;EUR/USD;-0.000473660989026389;157
8;EUR/USD;-0.000312989109260735;158
8;EUR/USD;-4.77954357634128E-05;159
8;EUR/USD;-9.70293822546634E-05;160
8;EUR/USD;7.09294295805498E-05;161
8;EUR/USD;0.000376702516466337;162
8;EUR/USD;0.000583561512357302;163
8;EUR/USD;0.00033432843606251;164
8;EUR/USD;0.000471671032896304;165
8;EUR/USD;0.000289247284489118;166
8;EUR/USD;0.000511756949045073;167
8;EUR/USD;0.000287533869065194;168
8;EUR/USD;-0.000283636674288618;169
8;EUR/USD;-0.000383328930293748;170
8;EUR/USD;0.000435972195359967;171
8;EUR/USD;0.000223662826382029;172
8;EUR/USD;0.000239536539914103;173
8;EUR/USD;0.000855474090297711;174
8;EUR/USD;0.00089425493629922;175
8;EUR/USD;3.60478572327198E-05;176
8;EUR/USD;0.000108134218823321;177
8;EUR/USD;8.93919201703169E-05;178
8;EUR/USD;0.000790079711539611;179
8;EUR/USD;0.000779744909416749;180
8;EUR/USD;0.000568695515793125;181
8;EUR/USD;0.000505292521319246;182
8;EUR/USD;-0.000518163049236756;183
8;EUR/USD;-0.0011855706676254;184
8;EUR/USD;-0.00244141540515045;185
8;EUR/USD;-0.00218132729852202;186
8;EUR/USD;-0.00223522553277743;187
8;EUR/USD;-0.00120750817075795;188
8;EUR/USD;-0.00200970231605382;189
8;EUR/USD;-0.000761617207029828;190
8;EUR/USD;-0.000650752687795235;191
8;EUR/USD;-0.000557628621197736;192
8;EUR/USD;-0.00060285308519286;193
8;EUR/USD;0.000186718222234085;194
8;EUR/USD;-0.000169318357799246;195
8;EUR/USD;-0.000185276377748447;196
8;EUR/USD;-0.000132720296855078;197
8;EUR/USD;-2.33351807282145E-05;198
8;EUR/USD;-0.000258242455479228;199
8;EUR/USD;0.000103651528807742;200
8;EUR/USD;-0.000227818733514796;201
8;EUR/USD;-0.000391380983745931;202
8;EUR/USD;-0.000834561659966188;203
8;EUR/USD;-0.000671237262915505;204
8;EUR/USD;-0.00111377686717276;205
8;EUR/USD;-0.000875717128304016;206
8;EUR/USD;-0.000545998487394339;207
8;EUR/USD;-5.12687179402154E-05;208
8;EUR/USD;-0.000257979441390871;209
8;EUR/USD;9.39077373750374E-05;210
8;EUR/USD;-0.000481959810343372;211
8;EUR/USD;-0.000771030793788618;212
8;EUR/USD;-0.0007485533055234;213
8;EUR/USD;-0.000486080501251187;214
8;EUR/USD;-0.000149686326097885;215
8;EUR/USD;0.000499570482422068;216
8;EUR/USD;8.97392061367498E-05;217
8;EUR/USD;-6.32415723005627E-05;218
8;EUR/USD;0.000367239418354765;219
8;EUR/USD;-3.8173262681825E-05;220
8;EUR/USD;-0.000428967191281274;221
8;EUR/USD;6.6175254735118E-05;222
8;EUR/USD;0.00095238624603159;223
8;EUR/USD;0.000479333560331798;224
8;EUR/USD;0.000346228978974384;225
8;EUR/USD;0.000707596380954769;226
8;EUR/USD;-0.000147085868000893;227
8;EUR/USD;-0.00101417639540788;228
8;EUR/USD;-0.00170708088519421;229
8;EUR/USD;-0.00154799989978322;230
8;EUR/USD;-0.00168353887654053;231
8;EUR/USD;-0.000837506108048836;232
8;EUR/USD;-0.000611573951941728;233
8;EUR/USD;9.3007121149701E-05;234
8;EUR/USD;-0.000116732239511906;235
8;EUR/USD;3.8420049473151E-05;236
8;EUR/USD;0.000556271131151384;237
8;EUR/USD;0.00036716873895883;238
8;EUR/USD;-5.90471274171615E-05;239
8;EUR/USD;0.000257016283524061;240
8;EUR/USD;0.00075213562178624;241
8;EUR/USD;0.000237088114824327;242
8;EUR/USD;0.000485572846337515;243
8;EUR/USD;0.000936790559626086;244
8;EUR/USD;0.000667583432154903;245
8;EUR/USD;6.03431469113362E-05;246
8;EUR/USD;0.000185351371773925;247
8;EUR/USD;-0.000127900271552823;248
8;EUR/USD;-8.23087619004696E-05;249
8;EUR/USD;0.000173530698612112;250
8;EUR/USD;0.000595096407464926;251
8;EUR/USD;0.000377526287369185;252
8;EUR/USD;0.000199900066616671;253
8;EUR/USD;0.000101411309533564;254
8;EUR/USD;0.000584190585403785;255
8;EUR/USD;0.000174519441025702;256
8;EUR/USD;0.000929754118671911;257
8;EUR/USD;0.00113972108464131;258
8;EUR/USD;0.000998136981144668;259
8;EUR/USD;0.00050648132520998;260
8;EUR/USD;0.000189013080145711;261
8;EUR/USD;-0.000558798508657696;262
8;EUR/USD;-0.00119408588009789;263
8;EUR/USD;-0.00103634390112183;264
8;EUR/USD;-0.00134955258219385;265
8;EUR/USD;-0.00100278066361091;266
8;EUR/USD;-0.000680856716650294;267
8;EUR/USD;-6.02593360599473E-05;268
8;EUR/USD;5.43691891685559E-05;269
8;EUR/USD;0.000419042311143043;270
8;EUR/USD;0.000760987850576186;271
8;EUR/USD;0.000535782103107958;272
8;EUR/USD;1.61689211375294E-05;273
8;EUR/USD;-0.000121983932766336;274
8;EUR/USD;-0.000177801953572003;275
8;EUR/USD;-0.00055208903716582;276
8;EUR/USD;-0.000335980419028392;277
8;EUR/USD;0.000217418471129891;278
8;EUR/USD;-0.000534371971175903;279
8;EUR/USD;-0.00050045655952022;280
8;EUR/USD;-0.00112947166495395;281
8;EUR/USD;-0.00135846465317064;282
8;EUR/USD;-0.00146478697786305;283
8;EUR/USD;-0.000728038756421926;284
8;EUR/USD;-0.000593336474433139;285
8;EUR/USD;6.94857690525905E-05;286
8;EUR/USD;-7.09759945936878E-05;287
8;EUR/USD;-2.95809853437856E-06;288
8;EUR/USD;-0.000772278994494729;289
8;EUR/USD;-0.000943806826847842;290
8;EUR/USD;-0.00105523153787943;291
8;EUR/USD;-0.000923501601945702;292
8;EUR/USD;-0.000871583790614328;293
8;EUR/USD;-1.93081016201479E-05;294
8;EUR/USD;-0.000532389821245281;295
8;EUR/USD;-0.000452249911908936;296
8;EUR/USD;-0.000336067054546082;297
8;EUR/USD;-0.000386608597519544;298
8;EUR/USD;-0.000833508187010646;299
8;EUR/USD;-0.000314447899592587;300
9;EUR/USD;-1;301
8;EUR/USD;-0.00050851339500164;301
9;EUR/USD;-1;302
8;EUR/USD;-0.000654421090058466;302
9;EUR/USD;-1;303
8;EUR/USD;-0.000736621622112733;303
9;EUR/USD;-1;304
8;EUR/USD;-0.000303006614393173;304
9;EUR/USD;-1;305
8;EUR/USD;0.000219122562846044;305
9;EUR/USD;-1;306
8;EUR/USD;0.000498087691171181;306
9;EUR/USD;-1;307
8;EUR/USD;0.000404234907024087;307
9;EUR/USD;-1;308
8;EUR/USD;0.000502807105685927;308
9;EUR/USD;-1;309
8;EUR/USD;-0.000287010580448936;309
9;EUR/USD;-1;310
8;EUR/USD;-0.000792659615936669;310
9;EUR/USD;-1;311
8;EUR/USD;-0.000672861299529737;311
9;EUR/USD;-1;312
8;EUR/USD;-0.000626838117412942;312
9;EUR/USD;-1;313
8;EUR/USD;-0.000918539272725296;313
9;EUR/USD;-1;314
