8;EUR/AUD;0.0084234857006041;5
8;EUR/AUD;-0.00401980939734897;6
8;EUR/AUD;-0.00356042972317304;7
8;EUR/AUD;-0.00191212305723762;8
8;EUR/AUD;-0.000880465951937792;9
8;EUR/AUD;0.000941338843467598;10
8;EUR/AUD;0.00137993214107057;11
8;EUR/AUD;0.000811258955809321;12
8;EUR/AUD;0.0012868022996584;13
8;EUR/AUD;0.000236826552243307;14
8;EUR/AUD;-0.000897916219452082;15
8;EUR/AUD;-0.00129159437293186;16
8;EUR/AUD;-0.00229126557757139;17
8;EUR/AUD;-0.00249851123698044;18
8;EUR/AUD;-0.000366480256989215;19
8;EUR/AUD;0.000665947044033812;20
8;EUR/AUD;0.001362305544724;21
8;EUR/AUD;0.00236723450981152;22
8;EUR/AUD;0.00442303560700653;23
8;EUR/AUD;0.00220572030100449;24
8;EUR/AUD;0.00222728744774389;25
8;EUR/AUD;0.00183755348905535;26
8;EUR/AUD;0.00138854102486999;27
8;EUR/AUD;-0.000765508959423335;28
8;EUR/AUD;-0.000383892213060283;29
8;EUR/AUD;-0.000275110347038458;30
8;EUR/AUD;-0.00136155893969226;31
8;EUR/AUD;-0.000851034611896843;32
8;EUR/AUD;0.00327493602279661;33
8;EUR/AUD;0.00286906805050946;34
8;EUR/AUD;0.00428073895576623;35
8;EUR/AUD;0.00551985701354769;36
8;EUR/AUD;0.00442391613157931;37
8;EUR/AUD;0.000281148409567566;38
8;EUR/AUD;-0.00129152806231839;39
8;EUR/AUD;-0.00247350942438768;40
8;EUR/AUD;-0.00132577450226227;41
8;EUR/AUD;-0.000550069425188024;42
8;EUR/AUD;-0.00299917808124508;43
8;EUR/AUD;-0.00149187854426506;44
8;EUR/AUD;-0.00197871601783781;45
8;EUR/AUD;-0.00298046601056456;46
8;EUR/AUD;-0.00199287156278954;47
8;EUR/AUD;0.000363941416509341;48
8;EUR/AUD;-0.00334453328708585;49
8;EUR/AUD;-0.00291161782945571;50
8;EUR/AUD;-0.003079600354043;51
8;EUR/AUD;-0.00388004017145387;52
8;EUR/AUD;-0.00355888710050163;53
8;EUR/AUD;0.000437596557813801;54
8;EUR/AUD;0.000649092597957127;55
8;EUR/AUD;0.000713280659172233;56
8;EUR/AUD;0.00125060817194713;57
8;EUR/AUD;0.000921245768415626;58
8;EUR/AUD;-0.00121497428661385;59
8;EUR/AUD;-0.00126061087343779;60
8;EUR/AUD;-0.00190864821522171;61
8;EUR/AUD;-0.00260734424904715;62
8;EUR/AUD;-0.000133783655839423;63
8;EUR/AUD;0.00166869349761968;64
8;EUR/AUD;0.000223427520022167;65
8;EUR/AUD;0.000639564105784479;66
8;EUR/AUD;0.00143191437915343;67
8;EUR/AUD;-0.00107614138932526;68
8;EUR/AUD;0.000392392439442144;69
8;EUR/AUD;0.00161865351639782;70
8;EUR/AUD;0.00172834162655302;71
8;EUR/AUD;0.00128420850478227;72
8;EUR/AUD;0.000884491280475939;73
8;EUR/AUD;-0.00034642040993582;74
8;EUR/AUD;0.000719571127295195;75
8;EUR/AUD;0.000548413512083895;76
8;EUR/AUD;-0.000862678723110641;77
8;EUR/AUD;-0.000383852045632743;78
8;EUR/AUD;0.000250689922210343;79
8;EUR/AUD;-0.000791670835416732;80
8;EUR/AUD;-0.000350601868957667;81
8;EUR/AUD;0.000846955349652772;82
8;EUR/AUD;0.00123306570323623;83
8;EUR/AUD;0.000643005258535329;84
8;EUR/AUD;0.00279021910365372;85
8;EUR/AUD;0.00255390437486922;86
8;EUR/AUD;0.00152204159804182;87
8;EUR/AUD;0.001255401974242;88
8;EUR/AUD;0.000612270020376752;89
8;EUR/AUD;-0.00164624942780301;90
8;EUR/AUD;-0.00231181874515225;91
8;EUR/AUD;-0.00109532869500079;92
8;EUR/AUD;-0.0016677638073406;93
8;EUR/AUD;-0.00152303929284038;94
8;EUR/AUD;-0.00024523874713756;95
8;EUR/AUD;0.000398475473703128;96
8;EUR/AUD;0.00102119223754933;97
8;EUR/AUD;0.00155337038184375;98
8;EUR/AUD;0.00287149913430703;99
8;EUR/AUD;0.00174791640067579;100
8;EUR/AUD;0.00175944687233798;101
8;EUR/AUD;0.00100694431868846;102
8;EUR/AUD;-0.000522100022752199;103
8;EUR/AUD;-0.00116475305582894;104
8;EUR/AUD;-0.000419664810833535;105
8;EUR/AUD;-0.000712828412306874;106
8;EUR/AUD;-0.00156058420078968;107
8;EUR/AUD;-0.000155200023438562;108
8;EUR/AUD;-0.00135242922662642;109
8;EUR/AUD;-0.00221124945617224;110
8;EUR/AUD;-0.00130128991932885;111
8;EUR/AUD;-0.000372124710340958;112
8;EUR/AUD;-0.00106092716671947;113
8;EUR/AUD;-0.000111476509212404;114
8;EUR/AUD;-0.00123486812410761;115
8;EUR/AUD;-0.00172987389166212;116
8;EUR/AUD;-0.00193309273999047;117
8;EUR/AUD;-0.00116155116232593;118
8;EUR/AUD;-0.00203185308279021;119
8;EUR/AUD;-0.00102629437496977;120
8;EUR/AUD;-0.00296272203970006;121
8;EUR/AUD;-0.00274640343167055;122
8;EUR/AUD;-0.00421031693064038;123
8;EUR/AUD;-0.00358493163194182;124
8;EUR/AUD;-0.00297758327474068;125
8;EUR/AUD;-0.00128445179707776;126
8;EUR/AUD;-0.00128444317737546;127
8;EUR/AUD;0.000227573438862236;128
8;EUR/AUD;0.0013714892662364;129
8;EUR/AUD;0.000943888807735044;130
8;EUR/AUD;0.000480118040990594;131
8;EUR/AUD;0.000458621713811645;132
8;EUR/AUD;2.69162702126314E-06;133
8;EUR/AUD;-0.000848676561161536;134
8;EUR/AUD;-0.00254237855701322;135
8;EUR/AUD;-0.00184742301714309;136
8;EUR/AUD;-0.000737536417193238;137
8;EUR/AUD;-0.000417635125318337;138
8;EUR/AUD;-0.00149390506091697;139
8;EUR/AUD;0.000150529402716823;140
8;EUR/AUD;0.00027096052863236;141
8;EUR/AUD;-0.00081742234286979;142
8;EUR/AUD;-0.00106418833090098;143
8;EUR/AUD;0.000349487033967803;144
8;EUR/AUD;1.01481323344643E-17;145
8;EUR/AUD;-0.000228937598869568;146
8;EUR/AUD;-0.00139801329374781;147
8;EUR/AUD;-0.000989475273238713;148
8;EUR/AUD;-0.000119136265622557;149
8;EUR/AUD;0.000380564257152236;150
8;EUR/AUD;-5.69364146104738E-05;151
8;EUR/AUD;0.00107553092314505;152
8;EUR/AUD;0.00168650278721971;153
8;EUR/AUD;0.000450449117552816;154
8;EUR/AUD;0.000120383743713972;155
8;EUR/AUD;0.000682169525219839;156
8;EUR/AUD;0.00036038731054216;157
8;EUR/AUD;-0.000426048629200269;158
8;EUR/AUD;-0.000773014530674565;159
8;EUR/AUD;-0.000765466903350807;160
8;EUR/AUD;0.00104041959134853;161
8;EUR/AUD;0.00135309294651756;162
8;EUR/AUD;0.00206360979214799;163
8;EUR/AUD;0.00239727281458733;164
8;EUR/AUD;0.00264163306888045;165
8;EUR/AUD;0.000605314745669178;166
8;EUR/AUD;0.00123178766808468;167
8;EUR/AUD;0.00062350362918685;168
8;EUR/AUD;-0.000240048574948034;169
8;EUR/AUD;-0.000429130036768903;170
8;EUR/AUD;0.000231708608844914;171
8;EUR/AUD;-0.00035977126115533;172
8;EUR/AUD;-0.000201823782209242;173
8;EUR/AUD;0.000661782055178504;174
8;EUR/AUD;0.000743687061518324;175
8;EUR/AUD;0.000207372442728775;176
8;EUR/AUD;0.000189997070672552;177
8;EUR/AUD;-0.000147152275793207;178
8;EUR/AUD;-0.000757076715447289;179
8;EUR/AUD;-0.000746372021713799;180
8;EUR/AUD;-0.000539616235977683;181
8;EUR/AUD;-0.00045790508434408;182
8;EUR/AUD;-0.00237063545075604;183
8;EUR/AUD;-0.001656773526927;184
8;EUR/AUD;-0.00263377735666435;185
8;EUR/AUD;-0.0028615418820464;186
8;EUR/AUD;-0.00307978935475457;187
8;EUR/AUD;-0.000984210529803208;188
8;EUR/AUD;-0.00187820347869455;189
8;EUR/AUD;-0.000872482775265031;190
8;EUR/AUD;-0.0010732953822339;191
8;EUR/AUD;-0.000699537423503288;192
8;EUR/AUD;-0.000603779186600432;193
8;EUR/AUD;0.000338589745692188;194
8;EUR/AUD;-0.00019136402996336;195
8;EUR/AUD;8.20299694316747E-05;196
8;EUR/AUD;0.000707704689103903;197
8;EUR/AUD;0.000550697920913144;198
8;EUR/AUD;0.00226521421270528;199
8;EUR/AUD;0.00294171859751164;200
8;EUR/AUD;0.0023413854216905;201
8;EUR/AUD;0.0016659364142304;202
8;EUR/AUD;0.00139988770195608;203
8;EUR/AUD;-0.000410444882529781;204
8;EUR/AUD;-0.00120701731844592;205
8;EUR/AUD;-0.000722726029064983;206
8;EUR/AUD;-0.000789894715718214;207
8;EUR/AUD;-0.000664810054871643;208
8;EUR/AUD;-0.00101079432262621;209
8;EUR/AUD;-0.00050225020795422;210
8;EUR/AUD;-0.000347403720160504;211
8;EUR/AUD;-0.000286158975518724;212
8;EUR/AUD;-0.00180925199435208;213
8;EUR/AUD;-0.00152994139538872;214
8;EUR/AUD;-0.00106704713778356;215
8;EUR/AUD;-0.000902536593342078;216
8;EUR/AUD;-0.000346379235912853;217
8;EUR/AUD;0.00147126159889562;218
8;EUR/AUD;0.00135055456013999;219
8;EUR/AUD;0.00103034702180331;220
8;EUR/AUD;-9.55080516883838E-06;221
8;EUR/AUD;-0.000575908252683968;222
8;EUR/AUD;-0.00113077779732207;223
8;EUR/AUD;-0.000867946328752898;224
8;EUR/AUD;-0.00133392021796694;225
8;EUR/AUD;-0.000543783040516715;226
8;EUR/AUD;-0.00185192849872479;227
8;EUR/AUD;-0.00125128465689523;228
8;EUR/AUD;-0.00270554919459434;229
8;EUR/AUD;-0.00226945957287093;230
8;EUR/AUD;-0.00262068108992748;231
8;EUR/AUD;-0.00143909359008249;232
8;EUR/AUD;-0.00234677767169259;233
8;EUR/AUD;-0.000944808269435894;234
8;EUR/AUD;-0.000705751771383937;235
8;EUR/AUD;-0.000188611225250798;236
8;EUR/AUD;0.000184262219539017;237
8;EUR/AUD;0.00105855954550596;238
8;EUR/AUD;0.0017321999841972;239
8;EUR/AUD;0.00154414210418204;240
8;EUR/AUD;0.000572218706176798;241
8;EUR/AUD;0.000192393549583232;242
8;EUR/AUD;0.000348388790347111;243
8;EUR/AUD;-0.00034910886086264;244
8;EUR/AUD;-0.000299317625601475;245
8;EUR/AUD;0.000360777635628176;246
8;EUR/AUD;-0.000353093990457871;247
8;EUR/AUD;-0.000622549217102841;248
8;EUR/AUD;0.000584723155865342;249
8;EUR/AUD;0.000563778652696144;250
8;EUR/AUD;0.000209808568939436;251
8;EUR/AUD;0.000835339913777078;252
8;EUR/AUD;0.000322584064645165;253
8;EUR/AUD;-0.000740846335304284;254
8;EUR/AUD;-0.000561017918616867;255
8;EUR/AUD;-7.4512050426156E-05;256
8;EUR/AUD;0.000347490434905572;257
8;EUR/AUD;0.000861362254071224;258
8;EUR/AUD;-0.000833796221491212;259
8;EUR/AUD;-0.00104628227989668;260
8;EUR/AUD;-0.000353620557908138;261
8;EUR/AUD;-0.00061265088198267;262
8;EUR/AUD;0.000541968473827617;263
8;EUR/AUD;0.00206427255322686;264
8;EUR/AUD;0.00148613230154528;265
8;EUR/AUD;0.000713505243750031;266
8;EUR/AUD;0.000653978604076795;267
8;EUR/AUD;-0.000559875734889577;268
8;EUR/AUD;-0.001177961129665;269
8;EUR/AUD;-0.000688468838194542;270
8;EUR/AUD;-0.000366785354172324;271
8;EUR/AUD;-0.000557264799059982;272
8;EUR/AUD;-0.000446822780731611;273
8;EUR/AUD;0.000316181587182106;274
8;EUR/AUD;0.000335562439116936;275
8;EUR/AUD;7.86535081666967E-05;276
8;EUR/AUD;0.000234681860482908;277
8;EUR/AUD;0.00023732651734788;278
8;EUR/AUD;-0.00028025807652952;279
8;EUR/AUD;-2.75953419066523E-06;280
8;EUR/AUD;-0.00076854058217539;281
8;EUR/AUD;-0.000710411582782931;282
8;EUR/AUD;-0.000400306575122928;283
8;EUR/AUD;-0.000174151024811392;284
8;EUR/AUD;-0.00134149250233669;285
8;EUR/AUD;-0.000546406746965683;286
8;EUR/AUD;-0.000123265714220668;287
8;EUR/AUD;-0.000480042839430889;288
8;EUR/AUD;-0.00174850689568524;289
8;EUR/AUD;-0.000764052909826668;290
8;EUR/AUD;-0.00196913932594073;291
8;EUR/AUD;-0.00247439058048341;292
8;EUR/AUD;-0.00202410024419782;293
8;EUR/AUD;-0.000554541270124061;294
8;EUR/AUD;-0.000803379460978456;295
8;EUR/AUD;0.00035170695487521;296
8;EUR/AUD;0.000420362507097692;297
8;EUR/AUD;-0.000195978262095937;298
8;EUR/AUD;-0.000159523118318254;299
8;EUR/AUD;5.59918255592362E-05;300
9;EUR/AUD;-1;301
8;EUR/AUD;0.00111686897624254;301
9;EUR/AUD;-1;302
8;EUR/AUD;0.00107072690169146;302
9;EUR/AUD;-1;303
8;EUR/AUD;0.0016958354456741;303
9;EUR/AUD;-1;304
8;EUR/AUD;0.0015034099577721;304
9;EUR/AUD;-1;305
8;EUR/AUD;0.0018639515830803;305
9;EUR/AUD;-1;306
8;EUR/AUD;0.000769792870305558;306
9;EUR/AUD;-1;307
8;EUR/AUD;0.000228200925038132;307
9;EUR/AUD;-1;308
8;EUR/AUD;-0.000255685208557662;308
9;EUR/AUD;-1;309
8;EUR/AUD;-0.000323992548110112;309
9;EUR/AUD;-1;310
8;EUR/AUD;-0.000677816082965451;310
9;EUR/AUD;-1;311
8;EUR/AUD;-0.00150063694279731;311
9;EUR/AUD;-1;312
8;EUR/AUD;-0.000910179041531628;312
9;EUR/AUD;-1;313
8;EUR/AUD;0.000420872945471711;313
9;EUR/AUD;-1;314
