8;EUR/JPY;0.00600676530204871;5
8;EUR/JPY;-0.00321035073324928;6
8;EUR/JPY;-0.00405329371726849;7
8;EUR/JPY;-0.00166290225591011;8
8;EUR/JPY;-0.00106937156396391;9
8;EUR/JPY;-7.01299156760727E-06;10
8;EUR/JPY;-0.000373330821871414;11
8;EUR/JPY;0.000275695259781586;12
8;EUR/JPY;0.000749035597423897;13
8;EUR/JPY;0.000190778136704134;14
8;EUR/JPY;-0.000497145881732823;15
8;EUR/JPY;-0.000366991930023951;16
8;EUR/JPY;-0.00200461506784941;17
8;EUR/JPY;-0.00231516561069543;18
8;EUR/JPY;-0.000162711112604656;19
8;EUR/JPY;0.000229065319188767;20
8;EUR/JPY;0.000208185360017866;21
8;EUR/JPY;0.0019455694968927;22
8;EUR/JPY;0.00158302475901561;23
8;EUR/JPY;-0.000731025795245265;24
8;EUR/JPY;-0.00178747076488153;25
8;EUR/JPY;-0.00175382741278004;26
8;EUR/JPY;-0.00144642359930617;27
8;EUR/JPY;-0.00120733662555151;28
8;EUR/JPY;-0.000829853284977857;29
8;EUR/JPY;0.000236517973540769;30
8;EUR/JPY;0.000823757038403396;31
8;EUR/JPY;0.00073792475463246;32
8;EUR/JPY;0.000455548835966454;33
8;EUR/JPY;0.000141374733740386;34
8;EUR/JPY;-0.00242370247971815;35
8;EUR/JPY;-0.00262887616327841;36
8;EUR/JPY;-0.0019738821479872;37
8;EUR/JPY;-0.00160895293180705;38
8;EUR/JPY;-0.000578855219791994;39
8;EUR/JPY;0.00195748033136425;40
8;EUR/JPY;-0.000269240724647182;41
8;EUR/JPY;-0.000934153962257496;42
8;EUR/JPY;-0.00148991924008776;43
8;EUR/JPY;-0.00260208953006572;44
8;EUR/JPY;-0.00461407135358004;45
8;EUR/JPY;-0.00240335349544391;46
8;EUR/JPY;-0.004200050906641;47
8;EUR/JPY;-0.00366004732247208;48
8;EUR/JPY;-0.00281688687402522;49
8;EUR/JPY;-0.000447671352092132;50
8;EUR/JPY;-0.000739630229050904;51
8;EUR/JPY;0.000780695225466241;52
8;EUR/JPY;0.00255476203633214;53
8;EUR/JPY;0.00196213552266101;54
8;EUR/JPY;0.00334337953080844;55
8;EUR/JPY;0.00320603000671919;56
8;EUR/JPY;0.00310413098254668;57
8;EUR/JPY;0.00112968226812001;58
8;EUR/JPY;0.00180592671188484;59
8;EUR/JPY;7.58277574440058E-05;60
8;EUR/JPY;-0.000289603709357521;61
8;EUR/JPY;-0.000347321977178567;62
8;EUR/JPY;0.00071480062765519;63
8;EUR/JPY;-0.000300334715058099;64
8;EUR/JPY;-0.000657652602969045;65
8;EUR/JPY;-0.00035900207090476;66
8;EUR/JPY;0.000699767697201585;67
8;EUR/JPY;2.2877242173375E-05;68
8;EUR/JPY;0.0016533849391601;69
8;EUR/JPY;0.00203896905623983;70
8;EUR/JPY;0.00193527057742206;71
8;EUR/JPY;0.0010692884168713;72
8;EUR/JPY;0.000781970045595211;73
8;EUR/JPY;-0.000722386934883739;74
8;EUR/JPY;0.000147687420619168;75
8;EUR/JPY;0.000506109837114893;76
8;EUR/JPY;0.00039400751684669;77
8;EUR/JPY;0.000507782353179708;78
8;EUR/JPY;0.000123901182091973;79
8;EUR/JPY;-0.000669726798821033;80
8;EUR/JPY;-0.00112770209709849;81
8;EUR/JPY;-0.0011128991449709;82
8;EUR/JPY;-0.00103827529506455;83
8;EUR/JPY;-0.000735987137787399;84
8;EUR/JPY;-0.000927950042201241;85
8;EUR/JPY;-0.000693727474470965;86
8;EUR/JPY;-0.000903699035196166;87
8;EUR/JPY;-0.00108101792711254;88
8;EUR/JPY;0.000764459320512974;89
8;EUR/JPY;0.000989185939732065;90
8;EUR/JPY;0.00146045968703708;91
8;EUR/JPY;0.00174642394782649;92
8;EUR/JPY;0.00505523443112965;93
8;EUR/JPY;0.00335257399394814;94
8;EUR/JPY;0.00381775221712189;95
8;EUR/JPY;0.00363519516371586;96
8;EUR/JPY;0.00393108816149878;97
8;EUR/JPY;0.000571722510010433;98
8;EUR/JPY;-0.000325027916054364;99
8;EUR/JPY;-0.0009114886246665;100
8;EUR/JPY;-0.000520287290439871;101
8;EUR/JPY;-0.000561672531452425;102
8;EUR/JPY;-0.00282978830667144;103
8;EUR/JPY;-0.00215258196774055;104
8;EUR/JPY;-0.00220552340357464;105
8;EUR/JPY;-0.00258079009260409;106
8;EUR/JPY;-0.00163246716313388;107
8;EUR/JPY;0.000891348277784343;108
8;EUR/JPY;0.000171419069884894;109
8;EUR/JPY;0.000556848852301945;110
8;EUR/JPY;0.000736330934169365;111
8;EUR/JPY;-0.00033742415079651;112
8;EUR/JPY;-0.00116335693331869;113
8;EUR/JPY;-0.000191262167692213;114
8;EUR/JPY;-0.00052421698579318;115
8;EUR/JPY;-0.000580342384329294;116
8;EUR/JPY;-0.000124383387519783;117
8;EUR/JPY;0.000549303098890854;118
8;EUR/JPY;0.000454479685590104;119
8;EUR/JPY;0.000559587545553745;120
8;EUR/JPY;-0.000631795426315456;121
8;EUR/JPY;-0.00135484091613036;122
8;EUR/JPY;-0.00142877512874886;123
8;EUR/JPY;-0.00148191935568091;124
8;EUR/JPY;0.000165451128882123;125
8;EUR/JPY;0.00123757770891952;126
8;EUR/JPY;0.00239276401950684;127
8;EUR/JPY;0.00241739255130959;128
8;EUR/JPY;0.0036550358487818;129
8;EUR/JPY;0.00206576653104409;130
8;EUR/JPY;0.00204156576069471;131
8;EUR/JPY;0.00112489864615055;132
8;EUR/JPY;0.000515636207319221;133
8;EUR/JPY;-0.000546329776371866;134
8;EUR/JPY;-0.00195554176866428;135
8;EUR/JPY;-0.00193983851467413;136
8;EUR/JPY;-0.00182377636340267;137
8;EUR/JPY;-0.00125699376715906;138
8;EUR/JPY;-0.00289937963580901;139
8;EUR/JPY;-0.0013381010394942;140
8;EUR/JPY;-0.000333632643299826;141
8;EUR/JPY;-0.000320665697081639;142
8;EUR/JPY;-0.00109875604667418;143
8;EUR/JPY;0.000391009746934918;144
8;EUR/JPY;-0.000206330082368811;145
8;EUR/JPY;-0.00124613647908091;146
8;EUR/JPY;-0.000999190680437536;147
8;EUR/JPY;-8.80481722923532E-05;148
8;EUR/JPY;-0.00015346904728321;149
8;EUR/JPY;0.00031012610419229;150
8;EUR/JPY;0.00102529371507723;151
8;EUR/JPY;0.000751630005312805;152
8;EUR/JPY;0.00100598132125266;153
8;EUR/JPY;0.00114533074618665;154
8;EUR/JPY;0.00114528204332813;155
8;EUR/JPY;0.000677326835077794;156
8;EUR/JPY;0.000336607556951322;157
8;EUR/JPY;0.000146931054975611;158
8;EUR/JPY;0.000279665012588665;159
8;EUR/JPY;0.00027400747213299;160
8;EUR/JPY;-7.34193665941213E-05;161
8;EUR/JPY;0.000122904360968465;162
8;EUR/JPY;-0.000237403847533349;163
8;EUR/JPY;-0.000282491907668495;164
8;EUR/JPY;-0.000433782946612781;165
8;EUR/JPY;-0.000459482683446659;166
8;EUR/JPY;0.000495089908478399;167
8;EUR/JPY;0.00080856082780496;168
8;EUR/JPY;0.000337531370604894;169
8;EUR/JPY;0.000390023440214836;170
8;EUR/JPY;0.000730435717366907;171
8;EUR/JPY;-0.000277720061965117;172
8;EUR/JPY;-0.000174699570132492;173
8;EUR/JPY;0.000173486849503757;174
8;EUR/JPY;0.000245494016926232;175
8;EUR/JPY;-5.21863620251777E-05;176
8;EUR/JPY;-5.78481208684897E-05;177
8;EUR/JPY;-0.000246811752763718;178
8;EUR/JPY;-0.000368309935913935;179
8;EUR/JPY;-0.000208791847866287;180
8;EUR/JPY;-0.000128408201369456;181
8;EUR/JPY;-3.38700800990159E-05;182
8;EUR/JPY;-0.00158969383274575;183
8;EUR/JPY;-0.00137336797349839;184
8;EUR/JPY;-0.00219701329352267;185
8;EUR/JPY;-0.00211574613374014;186
8;EUR/JPY;-0.00159697608865094;187
8;EUR/JPY;-5.26388798069892E-05;188
8;EUR/JPY;-0.000740905178045499;189
8;EUR/JPY;-9.98983178036492E-06;190
8;EUR/JPY;-0.000757500869808658;191
8;EUR/JPY;-0.00137476227877295;192
8;EUR/JPY;-0.00194163789141197;193
8;EUR/JPY;-0.00128598466833847;194
8;EUR/JPY;-0.00158613294661484;195
8;EUR/JPY;-0.000757506016565777;196
8;EUR/JPY;-0.000700284847131561;197
8;EUR/JPY;-9.48473478482608E-05;198
8;EUR/JPY;-0.000614400022743526;199
8;EUR/JPY;-0.000370041177241556;200
8;EUR/JPY;-0.000447528885770224;201
8;EUR/JPY;-0.000502326581865674;202
8;EUR/JPY;-0.000234437108173673;203
8;EUR/JPY;0.000253470855978789;204
8;EUR/JPY;0.00023621426224681;205
8;EUR/JPY;0.000203023044708839;206
8;EUR/JPY;0.000418932738861315;207
8;EUR/JPY;0.000222937402850467;208
8;EUR/JPY;0.00014962737727794;209
8;EUR/JPY;0.000149649984318847;210
8;EUR/JPY;-0.000888486493258606;211
8;EUR/JPY;-0.0011682865946801;212
8;EUR/JPY;-0.00109838905541938;213
8;EUR/JPY;-0.000990482883404085;214
8;EUR/JPY;-0.000444961429429334;215
8;EUR/JPY;0.000724356158810019;216
8;EUR/JPY;0.00141836387813732;217
8;EUR/JPY;0.0013210782295136;218
8;EUR/JPY;0.00192312631708388;219
8;EUR/JPY;0.00139063037816006;220
8;EUR/JPY;0.00115182210958599;221
8;EUR/JPY;0.000600917603662734;222
8;EUR/JPY;0.00093545473040107;223
8;EUR/JPY;0.000288953309926805;224
8;EUR/JPY;0.000421882251114846;225
8;EUR/JPY;0.000586284238405914;226
8;EUR/JPY;-0.000425762357551345;227
8;EUR/JPY;-0.000906738696035995;228
8;EUR/JPY;-0.00193909922405177;229
8;EUR/JPY;-0.00212269869484883;230
8;EUR/JPY;-0.00295745494380602;231
8;EUR/JPY;-0.00187144974423377;232
8;EUR/JPY;-0.00216377498002493;233
8;EUR/JPY;-0.00106514094213307;234
8;EUR/JPY;-0.00071163642806184;235
8;EUR/JPY;2.60827984314196E-05;236
8;EUR/JPY;0.000222954165475653;237
8;EUR/JPY;0.000728682695863762;238
8;EUR/JPY;0.000847075421452239;239
8;EUR/JPY;0.000591761354515876;240
8;EUR/JPY;0.000669741155652299;241
8;EUR/JPY;0.000390294796339346;242
8;EUR/JPY;0.000586231215613077;243
8;EUR/JPY;0.000428684485752595;244
8;EUR/JPY;0.000507892807501589;245
8;EUR/JPY;0.00036934984743684;246
8;EUR/JPY;0.000151575854726597;247
8;EUR/JPY;-0.000219274540678698;248
8;EUR/JPY;-3.74912581577531E-05;249
8;EUR/JPY;-0.000165789075344216;250
8;EUR/JPY;4.32385689718032E-05;251
8;EUR/JPY;0.000239400086271346;252
8;EUR/JPY;-0.000225295182144312;253
8;EUR/JPY;-0.000482244546701669;254
8;EUR/JPY;-0.000371000037814972;255
8;EUR/JPY;-0.000561386660807692;256
8;EUR/JPY;-7.20783066516404E-05;257
8;EUR/JPY;0.00043447683218099;258
8;EUR/JPY;0.000802136255208297;259
8;EUR/JPY;0.000734115145593367;260
8;EUR/JPY;0.000852283235013388;261
8;EUR/JPY;0.000463729919581314;262
8;EUR/JPY;0.000585985020903687;263
8;EUR/JPY;0.000257558624778134;264
8;EUR/JPY;-0.000236238080519548;265
8;EUR/JPY;-0.0003197212481764;266
8;EUR/JPY;-0.000680120829191639;267
8;EUR/JPY;-0.000839916666615826;268
8;EUR/JPY;-0.00128388663801899;269
8;EUR/JPY;-0.000859433591651696;270
8;EUR/JPY;-0.000248063836119659;271
8;EUR/JPY;-6.49629536426545E-05;272
8;EUR/JPY;-0.00107556326256118;273
8;EUR/JPY;-0.000557953182248312;274
8;EUR/JPY;-0.00038976622747303;275
8;EUR/JPY;-0.00102580279641595;276
8;EUR/JPY;-0.000303439764015078;277
8;EUR/JPY;0.000749018423766396;278
8;EUR/JPY;0.000192923494689736;279
8;EUR/JPY;0.00010439851469174;280
8;EUR/JPY;-0.000547605296696662;281
8;EUR/JPY;-0.00116456043596202;282
8;EUR/JPY;-0.00227014882304966;283
8;EUR/JPY;-0.00160123130491417;284
8;EUR/JPY;-0.00120242737083699;285
8;EUR/JPY;-0.000531607258835791;286
8;EUR/JPY;-0.000549096775418568;287
8;EUR/JPY;0.000595842688554382;288
8;EUR/JPY;-0.000296906306013133;289
8;EUR/JPY;-0.000690988266361292;290
8;EUR/JPY;-0.000688086638328556;291
8;EUR/JPY;-0.000686668363890234;292
8;EUR/JPY;-0.000161928563341485;293
8;EUR/JPY;0.000567102604525607;294
8;EUR/JPY;5.41380890365348E-05;295
8;EUR/JPY;-3.51252068167684E-05;296
8;EUR/JPY;0.000317329237092137;297
8;EUR/JPY;-0.000305248804119788;298
8;EUR/JPY;-0.000172299256482139;299
8;EUR/JPY;0.000252937877527736;300
9;EUR/JPY;-1;301
8;EUR/JPY;0.00166892951423455;301
9;EUR/JPY;-1;302
8;EUR/JPY;0.00128608440018907;302
9;EUR/JPY;-1;303
8;EUR/JPY;0.00117316919924076;303
9;EUR/JPY;-1;304
8;EUR/JPY;0.00100832223369372;304
9;EUR/JPY;-1;305
8;EUR/JPY;0.00119746879686251;305
9;EUR/JPY;-1;306
8;EUR/JPY;-8.13014042946844E-05;306
9;EUR/JPY;-1;307
8;EUR/JPY;-0.000152499362897289;307
9;EUR/JPY;-1;308
8;EUR/JPY;-5.81243279415314E-06;308
9;EUR/JPY;-1;309
8;EUR/JPY;-0.000566191216469375;309
9;EUR/JPY;-1;310
8;EUR/JPY;-0.000755231304543505;310
9;EUR/JPY;-1;311
8;EUR/JPY;-0.00155250290312309;311
9;EUR/JPY;-1;312
8;EUR/JPY;-0.00143920655753169;312
9;EUR/JPY;-1;313
8;EUR/JPY;-0.00186577505523468;313
9;EUR/JPY;-1;314
