8;EUR/GBP;0.0298760569007782;5
8;EUR/GBP;-0.000412438416092459;6
8;EUR/GBP;6.7440628800332E-05;7
8;EUR/GBP;-0.000134835794378038;8
8;EUR/GBP;-0.000180641288812012;9
8;EUR/GBP;0.000438871649459031;10
8;EUR/GBP;-0.000706253001408944;11
8;EUR/GBP;-0.00127073518672091;12
8;EUR/GBP;-0.00115221188875037;13
8;EUR/GBP;-0.00103157144375104;14
8;EUR/GBP;-0.000349572465545709;15
8;EUR/GBP;0.00082693704219325;16
8;EUR/GBP;0.00215738820765658;17
8;EUR/GBP;0.00203182012714347;18
8;EUR/GBP;0.00146243230879091;19
8;EUR/GBP;0.000672083305847581;20
8;EUR/GBP;0.00054217880514164;21
8;EUR/GBP;-0.000725369484178354;22
8;EUR/GBP;-0.000319191768766433;23
8;EUR/GBP;0.000269117599324786;24
8;EUR/GBP;-0.00178270661924365;25
8;EUR/GBP;-0.001742598682294;26
8;EUR/GBP;-0.00147079908134854;27
8;EUR/GBP;-0.00195017535030735;28
8;EUR/GBP;-0.00242061174389823;29
8;EUR/GBP;-0.000325400751723498;30
8;EUR/GBP;-0.00157188490002457;31
8;EUR/GBP;-0.00177739991121577;32
8;EUR/GBP;-0.000410311337032106;33
8;EUR/GBP;7.29124261081675E-06;34
8;EUR/GBP;0.00175428047329289;35
8;EUR/GBP;0.00300863446043024;36
8;EUR/GBP;0.00167071513793713;37
8;EUR/GBP;0.000519424071375741;38
8;EUR/GBP;0.000264735030426487;39
8;EUR/GBP;-0.00147013259576693;40
8;EUR/GBP;-0.0011602082231518;41
8;EUR/GBP;4.12258633125E-05;42
8;EUR/GBP;-0.000765042190437403;43
8;EUR/GBP;-0.00054198928532183;44
8;EUR/GBP;-0.000807354824287024;45
8;EUR/GBP;-0.00110115437230092;46
8;EUR/GBP;0.00108337124828364;47
8;EUR/GBP;0.00173715045559648;48
8;EUR/GBP;0.00145010759302844;49
8;EUR/GBP;0.00166463391665946;50
8;EUR/GBP;0.00223726011166262;51
8;EUR/GBP;-6.03016292037908E-05;52
8;EUR/GBP;0.000876159783701837;53
8;EUR/GBP;0.00118523148055252;54
8;EUR/GBP;0.000569484711888683;55
8;EUR/GBP;4.82020632816109E-05;56
8;EUR/GBP;0.000607009980590255;57
8;EUR/GBP;-0.000237916456906828;58
8;EUR/GBP;-0.0009003277081029;59
8;EUR/GBP;-0.000219397402493289;60
8;EUR/GBP;-0.00279310763279307;61
8;EUR/GBP;-0.00326866468944486;62
8;EUR/GBP;-0.00255310773549973;63
8;EUR/GBP;-0.00190544586199306;64
8;EUR/GBP;-0.00282779499135115;65
8;EUR/GBP;-0.000237179789271998;66
8;EUR/GBP;0.000459085449799636;67
8;EUR/GBP;-0.000377862265846753;68
8;EUR/GBP;0.000918625623169216;69
8;EUR/GBP;0.00178781393130423;70
8;EUR/GBP;0.00141401925008679;71
8;EUR/GBP;0.000798443124714419;72
8;EUR/GBP;0.00101980810572985;73
8;EUR/GBP;-0.000342168728921333;74
8;EUR/GBP;0.000290771686444109;75
8;EUR/GBP;0.000654855607426899;76
8;EUR/GBP;0.000322852826191135;77
8;EUR/GBP;0.00018684673254937;78
8;EUR/GBP;0.000148102294462516;79
8;EUR/GBP;-0.000414477779274516;80
8;EUR/GBP;-0.00120464734916901;81
8;EUR/GBP;-0.000909202975806363;82
8;EUR/GBP;-0.000763044350999347;83
8;EUR/GBP;-0.000712380478310264;84
8;EUR/GBP;-0.000349701385903432;85
8;EUR/GBP;0.000506058369360415;86
8;EUR/GBP;0.000841277256778297;87
8;EUR/GBP;0.000656296165003817;88
8;EUR/GBP;0.000860373182472491;89
8;EUR/GBP;0.000412776797932642;90
8;EUR/GBP;-0.000408639955354436;91
8;EUR/GBP;-0.000673225370007043;92
8;EUR/GBP;0.000922458372444911;93
8;EUR/GBP;0.000818046544431708;94
8;EUR/GBP;0.00124770691926058;95
8;EUR/GBP;0.0019553482177484;96
8;EUR/GBP;0.00293147342328568;97
8;EUR/GBP;0.00144172089671849;98
8;EUR/GBP;0.001345623091458;99
8;EUR/GBP;0.000961887149265601;100
8;EUR/GBP;0.00164487447068226;101
8;EUR/GBP;0.000706481800325987;102
8;EUR/GBP;5.2753998819122E-05;103
8;EUR/GBP;0.000112726730611296;104
8;EUR/GBP;0.000534250420998629;105
8;EUR/GBP;-0.00012200008750853;106
8;EUR/GBP;0.000100381211700846;107
8;EUR/GBP;0.000643914788755309;108
8;EUR/GBP;0.0012548817065325;109
8;EUR/GBP;0.000802283761085343;110
8;EUR/GBP;3.5890104596316E-05;111
8;EUR/GBP;-0.000296508901750442;112
8;EUR/GBP;-0.000519278805670146;113
8;EUR/GBP;-0.00112065190487604;114
8;EUR/GBP;-0.000668346108837901;115
8;EUR/GBP;0.000121978203167511;116
8;EUR/GBP;0.000723760038377713;117
8;EUR/GBP;0.000956150454416289;118
8;EUR/GBP;0.000356709035623778;119
8;EUR/GBP;-0.000145900734180205;120
8;EUR/GBP;-0.00121592584947022;121
8;EUR/GBP;-0.00174336867859544;122
8;EUR/GBP;-0.00268882562374633;123
8;EUR/GBP;-0.00210876288613376;124
8;EUR/GBP;-0.00235384610868755;125
8;EUR/GBP;-0.00127177613867671;126
8;EUR/GBP;-0.00122075167902229;127
8;EUR/GBP;-0.000239421064994974;128
8;EUR/GBP;0.000473218710094544;129
8;EUR/GBP;0.000794931852505523;130
8;EUR/GBP;0.000449786178497779;131
8;EUR/GBP;0.000369907084721897;132
8;EUR/GBP;-7.25965988571074E-06;133
8;EUR/GBP;-0.000627981918029935;134
8;EUR/GBP;-0.000782827146797485;135
8;EUR/GBP;-0.000350552814689843;136
8;EUR/GBP;-0.000152231834675398;137
8;EUR/GBP;0.000222509787985712;138
8;EUR/GBP;-0.000778046052103559;139
8;EUR/GBP;-0.000632846699123102;140
8;EUR/GBP;-0.000392380201669462;141
8;EUR/GBP;-0.000690119276179581;142
8;EUR/GBP;9.66872530133349E-06;143
8;EUR/GBP;0.00100531330897568;144
8;EUR/GBP;0.00089896504006745;145
8;EUR/GBP;0.000672871591100765;146
8;EUR/GBP;0.000348989473457655;147
8;EUR/GBP;-0.000365318999567322;148
8;EUR/GBP;-0.000457214938854603;149
8;EUR/GBP;-0.000360554480260916;150
8;EUR/GBP;-0.00126775241623106;151
8;EUR/GBP;-0.000800670720330911;152
8;EUR/GBP;-0.000803140846221582;153
8;EUR/GBP;-0.000706015811802785;154
8;EUR/GBP;-0.000815455939903271;155
8;EUR/GBP;0.000131268692268636;156
8;EUR/GBP;-0.000328473221154552;157
8;EUR/GBP;-0.00030414186168634;158
8;EUR/GBP;-0.000552476454292204;159
8;EUR/GBP;-0.00040897818428865;160
8;EUR/GBP;0.00013118259142941;161
8;EUR/GBP;0.000474288334058624;162
8;EUR/GBP;0.000391649003421957;163
8;EUR/GBP;0.000528170392330459;164
8;EUR/GBP;0.000741872190690009;165
8;EUR/GBP;-1.21429221979471E-05;166
8;EUR/GBP;0.000186973770515338;167
8;EUR/GBP;0.000262291934474002;168
8;EUR/GBP;-0.000457504610281485;169
8;EUR/GBP;-0.000673651056095844;170
8;EUR/GBP;-0.000401130593032131;171
8;EUR/GBP;-0.000549277292631;172
8;EUR/GBP;-0.000731875668546019;173
8;EUR/GBP;4.87258198142431E-06;174
8;EUR/GBP;0.000262920893818126;175
8;EUR/GBP;-4.86712742164299E-06;176
8;EUR/GBP;0.000194606970120486;177
8;EUR/GBP;0.00036505686768101;178
8;EUR/GBP;-0.000155981533844432;179
8;EUR/GBP;-0.000382323155041966;180
8;EUR/GBP;-0.000348306963440127;181
8;EUR/GBP;-0.000518560737492007;182
8;EUR/GBP;-0.00128796639771175;183
8;EUR/GBP;-0.000705873028453524;184
8;EUR/GBP;-0.00106558730925299;185
8;EUR/GBP;-0.00103632240472186;186
8;EUR/GBP;-0.00124711551064841;187
8;EUR/GBP;-0.000499853244603662;188
8;EUR/GBP;-0.000767312958935279;189
8;EUR/GBP;-0.000431758971512428;190
8;EUR/GBP;0.000435714020932582;191
8;EUR/GBP;0.000663651053724925;192
8;EUR/GBP;0.00035296722155002;193
8;EUR/GBP;0.000615554883387177;194
8;EUR/GBP;-8.84292764433949E-05;195
8;EUR/GBP;-0.000855189095133097;196
8;EUR/GBP;-0.000688182202181414;197
8;EUR/GBP;-0.000279380996061152;198
8;EUR/GBP;-0.000762980470857961;199
8;EUR/GBP;-4.66867749544456E-05;200
8;EUR/GBP;-0.00110563501450906;201
8;EUR/GBP;-0.0013686881075066;202
8;EUR/GBP;-0.00147442284944331;203
8;EUR/GBP;-0.00103997474212641;204
8;EUR/GBP;-0.0010842271883734;205
8;EUR/GBP;-9.87947066127782E-05;206
8;EUR/GBP;0.000111124147048553;207
8;EUR/GBP;0.00022469554268708;208
8;EUR/GBP;0.000394939961721758;209
8;EUR/GBP;0.000382614607907861;210
8;EUR/GBP;0.000921830994944933;211
8;EUR/GBP;0.000754011192961632;212
8;EUR/GBP;0.000707006125014715;213
8;EUR/GBP;0.000576198965434314;214
8;EUR/GBP;0.000499997181613339;215
8;EUR/GBP;9.83622682538027E-06;216
8;EUR/GBP;-0.00030520453392001;217
8;EUR/GBP;-0.000310085212482432;218
8;EUR/GBP;8.84988398967302E-05;219
8;EUR/GBP;0.00015245964861086;220
8;EUR/GBP;-0.000211585558108562;221
8;EUR/GBP;0.000150199144029786;222
8;EUR/GBP;0.000152641693361327;223
8;EUR/GBP;-0.000248387664189624;224
8;EUR/GBP;-0.000430628945903914;225
8;EUR/GBP;-0.000125580969991398;226
8;EUR/GBP;-0.000902891521467764;227
8;EUR/GBP;-0.000929964612702364;228
8;EUR/GBP;-0.00107332797253608;229
8;EUR/GBP;-0.000868997701064351;230
8;EUR/GBP;-0.00147841163691721;231
8;EUR/GBP;-0.000686056040116693;232
8;EUR/GBP;-0.00214272671833832;233
8;EUR/GBP;-0.00228918011912028;234
8;EUR/GBP;-0.00280794661311351;235
8;EUR/GBP;-0.00217308018973526;236
8;EUR/GBP;-0.00166670745395787;237
8;EUR/GBP;-0.000177516653839237;238
8;EUR/GBP;-0.000117653688519142;239
8;EUR/GBP;0.000423588250250952;240
8;EUR/GBP;0.000606144560949962;241
8;EUR/GBP;2.50173557905862E-06;242
8;EUR/GBP;-0.000230256185410698;243
8;EUR/GBP;2.50399073529244E-06;244
8;EUR/GBP;-2.75435532871072E-05;245
8;EUR/GBP;-0.000310356972726233;246
8;EUR/GBP;-0.00019773358888926;247
8;EUR/GBP;4.00636011005804E-05;248
8;EUR/GBP;0.000552614328213288;249
8;EUR/GBP;0.000632544014631813;250
8;EUR/GBP;0.000991950262219185;251
8;EUR/GBP;0.00095681411607176;252
8;EUR/GBP;0.000157672462413217;253
8;EUR/GBP;-0.000339889617704367;254
8;EUR/GBP;-5.99183616809396E-05;255
8;EUR/GBP;-0.000389197403428527;256
8;EUR/GBP;-0.000504067741995137;257
8;EUR/GBP;0.00020253925928769;258
8;EUR/GBP;-0.000480829662364712;259
8;EUR/GBP;-0.000795617652098672;260
8;EUR/GBP;-0.00128522748916867;261
8;EUR/GBP;-0.00123307116070003;262
8;EUR/GBP;-0.00172437581063721;263
8;EUR/GBP;-0.00106846590233835;264
8;EUR/GBP;-0.00144670186667274;265
8;EUR/GBP;-0.000906871090538788;266
8;EUR/GBP;-0.000362341731911124;267
8;EUR/GBP;0.00017638240846885;268
8;EUR/GBP;0.000299746279367963;269
8;EUR/GBP;0.000625252627032284;270
8;EUR/GBP;0.000733372377755511;271
8;EUR/GBP;0.000264272314402146;272
8;EUR/GBP;6.0438177241612E-05;273
8;EUR/GBP;-0.000108259851457204;274
8;EUR/GBP;1.51028884346158E-05;275
8;EUR/GBP;-0.000163578605488624;276
8;EUR/GBP;0.000452227411730548;277
8;EUR/GBP;0.000703765869695417;278
8;EUR/GBP;-0.00067858671979461;279
8;EUR/GBP;-0.000761598257244982;280
8;EUR/GBP;-0.00134134598986678;281
8;EUR/GBP;-0.00193413642896422;282
8;EUR/GBP;-0.00156168144423737;283
8;EUR/GBP;-0.000151672193117989;284
8;EUR/GBP;4.29485440199405E-05;285
8;EUR/GBP;0.000665482234181103;286
8;EUR/GBP;0.000685516926854803;287
8;EUR/GBP;0.000318362773307233;288
8;EUR/GBP;-0.000475985742554958;289
8;EUR/GBP;-0.000642664318384296;290
8;EUR/GBP;-0.000417248964390268;291
8;EUR/GBP;-0.000515816109328054;292
8;EUR/GBP;9.33913049473654E-05;293
8;EUR/GBP;0.000882713305884026;294
8;EUR/GBP;0.000443001706314462;295
8;EUR/GBP;0.000169533350653989;296
8;EUR/GBP;0.000336442767087044;297
8;EUR/GBP;-0.000346018662707985;298
8;EUR/GBP;-0.000303072454414711;299
8;EUR/GBP;8.09000137436964E-05;300
9;EUR/GBP;-1;301
8;EUR/GBP;0.000338636186081261;301
9;EUR/GBP;-1;302
8;EUR/GBP;0.000209674077091782;302
9;EUR/GBP;-1;303
8;EUR/GBP;0.000409096217083306;303
9;EUR/GBP;-1;304
8;EUR/GBP;0.00034092423955479;304
9;EUR/GBP;-1;305
8;EUR/GBP;0.00174150486293953;305
9;EUR/GBP;-1;306
8;EUR/GBP;0.00149425259562564;306
9;EUR/GBP;-1;307
8;EUR/GBP;0.000957156558484919;307
9;EUR/GBP;-1;308
8;EUR/GBP;0.000740303261308871;308
9;EUR/GBP;-1;309
8;EUR/GBP;-0.000179228446206845;309
9;EUR/GBP;-1;310
8;EUR/GBP;-0.00149142747056782;310
9;EUR/GBP;-1;311
8;EUR/GBP;-0.000999964396083731;311
9;EUR/GBP;-1;312
8;EUR/GBP;-0.000520830351516728;312
9;EUR/GBP;-1;313
8;EUR/GBP;-0.00051842839613504;313
9;EUR/GBP;-1;314
