8;GBP/CHF;0.00184364292152172;5
8;GBP/CHF;0.000997353484750463;6
8;GBP/CHF;0.000760583038905679;7
8;GBP/CHF;0.000631963256219097;8
8;GBP/CHF;0.00164420458420529;9
8;GBP/CHF;0.00092889932638078;10
8;GBP/CHF;0.00173048681088386;11
8;GBP/CHF;0.00212851435148299;12
8;GBP/CHF;0.00146953801364978;13
8;GBP/CHF;0.00038853694610803;14
8;GBP/CHF;-0.000585604759374857;15
8;GBP/CHF;-0.0014197470601225;16
8;GBP/CHF;-0.0034855341255669;17
8;GBP/CHF;-0.00277210411926649;18
8;GBP/CHF;-0.00141575918932376;19
8;GBP/CHF;-0.000363506727332492;20
8;GBP/CHF;-6.31849947615714E-05;21
8;GBP/CHF;0.00190371469938293;22
8;GBP/CHF;0.000682774839623203;23
8;GBP/CHF;-0.000587237135659023;24
8;GBP/CHF;0.00144740388832663;25
8;GBP/CHF;0.00119176841760643;26
8;GBP/CHF;0.00105548927123721;27
8;GBP/CHF;0.00235013695090984;28
8;GBP/CHF;0.00274447766365547;29
8;GBP/CHF;0.000705128935533397;30
8;GBP/CHF;0.00184927812577984;31
8;GBP/CHF;0.00208117592400801;32
8;GBP/CHF;-0.000440226713767032;33
8;GBP/CHF;-0.000813772431590718;34
8;GBP/CHF;-0.00361999006680615;35
8;GBP/CHF;-0.00484008622652629;36
8;GBP/CHF;-0.00335462540544695;37
8;GBP/CHF;-0.000995077035840997;38
8;GBP/CHF;-0.000363189330106453;39
8;GBP/CHF;0.00231461415089248;40
8;GBP/CHF;0.000885334562444674;41
8;GBP/CHF;-0.000508149874219332;42
8;GBP/CHF;0.000369871087693205;43
8;GBP/CHF;-0.000276519390335744;44
8;GBP/CHF;-0.000191976601651594;45
8;GBP/CHF;0.00125896245331182;46
8;GBP/CHF;-0.00163970888909525;47
8;GBP/CHF;-0.00249061812318594;48
8;GBP/CHF;-0.00180675552794925;49
8;GBP/CHF;-0.00172935842497082;50
8;GBP/CHF;-0.00216464889984975;51
8;GBP/CHF;0.000794430532134862;52
8;GBP/CHF;-4.2934406030426E-17;53
8;GBP/CHF;-0.000741445716093327;54
8;GBP/CHF;-0.000216885946035872;55
8;GBP/CHF;0.000122080251206414;56
8;GBP/CHF;-0.000624415118501164;57
8;GBP/CHF;0.000152327075339535;58
8;GBP/CHF;0.00100422936378691;59
8;GBP/CHF;0.00039699354879464;60
8;GBP/CHF;0.00279282240385185;61
8;GBP/CHF;0.00337698985195886;62
8;GBP/CHF;0.00227378098774969;63
8;GBP/CHF;0.00145126576704606;64
8;GBP/CHF;0.00229063046142369;65
8;GBP/CHF;-0.000180607455306826;66
8;GBP/CHF;-0.000857375737809408;67
8;GBP/CHF;0.000397480961779851;68
8;GBP/CHF;-0.000995600004128179;69
8;GBP/CHF;-0.00180798419127764;70
8;GBP/CHF;-0.00161395779351146;71
8;GBP/CHF;-0.000975706881979431;72
8;GBP/CHF;-0.00129606219199372;73
8;GBP/CHF;0.0001269146946343;74
8;GBP/CHF;-0.000710177580238291;75
8;GBP/CHF;-0.000857279387082771;76
8;GBP/CHF;-0.000294318227261422;77
8;GBP/CHF;-0.000148580388820176;78
8;GBP/CHF;-0.000376929086124758;79
8;GBP/CHF;0.000426409087684519;80
8;GBP/CHF;0.0011417754153692;81
8;GBP/CHF;0.000563954528786484;82
8;GBP/CHF;0.00029570124713551;83
8;GBP/CHF;0.000501065532251609;84
8;GBP/CHF;-0.00110512127305952;85
8;GBP/CHF;-0.00164378371106479;86
8;GBP/CHF;-0.00174150060620623;87
8;GBP/CHF;-0.00149920967993457;88
8;GBP/CHF;-0.000563279820399736;89
8;GBP/CHF;0.00106455002981749;90
8;GBP/CHF;0.00148877681223844;91
8;GBP/CHF;0.00157302052238123;92
8;GBP/CHF;0.000216026025642601;93
8;GBP/CHF;-0.000670707343433705;94
8;GBP/CHF;-0.00143746355797674;95
8;GBP/CHF;-0.00197162079240128;96
8;GBP/CHF;-0.00303662965809503;97
8;GBP/CHF;-0.00168547218181957;98
8;GBP/CHF;-0.00201475586890194;99
8;GBP/CHF;-0.0013134428601186;100
8;GBP/CHF;-0.00216324895440087;101
8;GBP/CHF;-0.00111751308381432;102
8;GBP/CHF;-0.000892104990584823;103
8;GBP/CHF;-0.000619269935327816;104
8;GBP/CHF;-0.000956669979814869;105
8;GBP/CHF;-0.000161124298201142;106
8;GBP/CHF;2.06495665495245E-05;107
8;GBP/CHF;-7.56687232362716E-05;108
8;GBP/CHF;-0.000712261768215347;109
8;GBP/CHF;-0.000335090452812699;110
8;GBP/CHF;0.000749432786898088;111
8;GBP/CHF;0.000672010856697603;112
8;GBP/CHF;0.00068958953985596;113
8;GBP/CHF;0.00127257085380569;114
8;GBP/CHF;0.000816746480612795;115
8;GBP/CHF;-0.000285690788353082;116
8;GBP/CHF;-0.000673387428139962;117
8;GBP/CHF;-0.000737757273900143;118
8;GBP/CHF;0.000148054732174499;119
8;GBP/CHF;0.000672375626416641;120
8;GBP/CHF;0.00166307749826805;121
8;GBP/CHF;0.00193297781538433;122
8;GBP/CHF;0.00262535560736331;123
8;GBP/CHF;0.00174914306372061;124
8;GBP/CHF;0.00224899779985387;125
8;GBP/CHF;0.00123660180064433;126
8;GBP/CHF;0.000897783577757766;127
8;GBP/CHF;0.000192805125625085;128
8;GBP/CHF;-0.000455595003232431;129
8;GBP/CHF;-0.00102532639408089;130
8;GBP/CHF;-0.000322681307032202;131
8;GBP/CHF;6.24228201183915E-05;132
8;GBP/CHF;0.000658479184102636;133
8;GBP/CHF;0.00130958462958366;134
8;GBP/CHF;0.00138802289764431;135
8;GBP/CHF;0.000590734307924524;136
8;GBP/CHF;5.15519863934765E-05;137
8;GBP/CHF;-0.000566215743211039;138
8;GBP/CHF;0.000191984007062512;139
8;GBP/CHF;0.000137868584264254;140
8;GBP/CHF;-0.000166475500156317;141
8;GBP/CHF;0.000535083849774491;142
8;GBP/CHF;-0.000516136329046724;143
8;GBP/CHF;-0.00138859312414639;144
8;GBP/CHF;-0.00161304872721243;145
8;GBP/CHF;-0.00136271683702463;146
8;GBP/CHF;-0.000881279686154358;147
8;GBP/CHF;0.000278607415918172;148
8;GBP/CHF;0.000339902597771386;149
8;GBP/CHF;0.000569919148427322;150
8;GBP/CHF;0.0018887393508321;151
8;GBP/CHF;0.00123945928388261;152
8;GBP/CHF;0.0013359868027696;153
8;GBP/CHF;0.00129988406617847;154
8;GBP/CHF;0.00144133307076137;155
8;GBP/CHF;0.000221353925645092;156
8;GBP/CHF;0.00065387953394217;157
8;GBP/CHF;0.000513337275427029;158
8;GBP/CHF;0.00090223084444162;159
8;GBP/CHF;0.00070671213795628;160
8;GBP/CHF;-8.36537825054553E-05;161
8;GBP/CHF;-0.000437930315010622;162
8;GBP/CHF;-0.000650990031554271;163
8;GBP/CHF;-0.000875239562584665;164
8;GBP/CHF;-0.00111977923943179;165
8;GBP/CHF;-0.000244415442093486;166
8;GBP/CHF;-0.000409151356477078;167
8;GBP/CHF;-0.000240444716551135;168
8;GBP/CHF;0.000595579411607323;169
8;GBP/CHF;0.000801058358637298;170
8;GBP/CHF;0.000651560847277603;171
8;GBP/CHF;0.000746105906891633;172
8;GBP/CHF;0.000698919276470899;173
8;GBP/CHF;-0.000160173911655994;174
8;GBP/CHF;-0.00067407765813934;175
8;GBP/CHF;-0.00048948409506972;176
8;GBP/CHF;-0.000625839289752471;177
8;GBP/CHF;-0.000552996987124594;178
8;GBP/CHF;-0.000179169836012335;179
8;GBP/CHF;0.000400676021618808;180
8;GBP/CHF;0.000559505034738779;181
8;GBP/CHF;0.000685084585907223;182
8;GBP/CHF;0.00127229889754802;183
8;GBP/CHF;0.000837887680459433;184
8;GBP/CHF;0.00145428817991332;185
8;GBP/CHF;0.00124416153842454;186
8;GBP/CHF;0.00160370944087789;187
8;GBP/CHF;0.00100670230421479;188
8;GBP/CHF;0.0010093999846088;189
8;GBP/CHF;0.000342225484380084;190
8;GBP/CHF;-0.000416542646944834;191
8;GBP/CHF;-0.000809633726500019;192
8;GBP/CHF;-0.000289978101999385;193
8;GBP/CHF;-0.00029399389243145;194
8;GBP/CHF;0.000502916713503225;195
8;GBP/CHF;0.00119639567680474;196
8;GBP/CHF;0.00116323706909139;197
8;GBP/CHF;0.000550199326719405;198
8;GBP/CHF;0.000827423559268349;199
8;GBP/CHF;2.79767793188353E-05;200
8;GBP/CHF;0.00114423098318143;201
8;GBP/CHF;0.001242648637807;202
8;GBP/CHF;0.00116218322198208;203
8;GBP/CHF;0.000923463893306223;204
8;GBP/CHF;0.000867997494328258;205
8;GBP/CHF;-0.000197546593632598;206
8;GBP/CHF;-0.000338139188323069;207
8;GBP/CHF;-0.000221543464072178;208
8;GBP/CHF;-0.000185678868493866;209
8;GBP/CHF;-7.29634096596963E-05;210
8;GBP/CHF;-0.000868066726878887;211
8;GBP/CHF;-0.000751253247602576;212
8;GBP/CHF;-0.000715388242141803;213
8;GBP/CHF;-0.000737785024812326;214
8;GBP/CHF;-0.000858986760233943;215
8;GBP/CHF;-0.000106607679609576;216
8;GBP/CHF;0.000412541400397421;217
8;GBP/CHF;0.000425818030566631;218
8;GBP/CHF;-0.000102574693608498;219
8;GBP/CHF;3.46435710393439E-05;220
8;GBP/CHF;0.000105275434276588;221
8;GBP/CHF;-0.000408544983850758;222
8;GBP/CHF;-0.000849874730304501;223
8;GBP/CHF;-0.000273345220840417;224
8;GBP/CHF;1.06583531537295E-05;225
8;GBP/CHF;5.32892808643621E-06;226
8;GBP/CHF;0.000799009282121831;227
8;GBP/CHF;0.00120447415583138;228
8;GBP/CHF;0.00102478331159246;229
8;GBP/CHF;0.000724766158668221;230
8;GBP/CHF;0.0012483771839278;231
8;GBP/CHF;0.00039632451921602;232
8;GBP/CHF;0.00180834133244439;233
8;GBP/CHF;0.00216924873431878;234
8;GBP/CHF;0.00285476250289122;235
8;GBP/CHF;0.00231140360253669;236
8;GBP/CHF;0.00167468721170865;237
8;GBP/CHF;0.000269386857199491;238
8;GBP/CHF;0.00026508320536937;239
8;GBP/CHF;-0.000428379298958648;240
8;GBP/CHF;-0.000726343844648792;241
8;GBP/CHF;4.72676665103263E-05;242
8;GBP/CHF;3.282724668844E-05;243
8;GBP/CHF;-0.00025589127456984;244
8;GBP/CHF;-0.000203375392703187;245
8;GBP/CHF;0.000232349811012326;246
8;GBP/CHF;-6.95923928093497E-05;247
8;GBP/CHF;-6.04062984723703E-05;248
8;GBP/CHF;-0.000632601853770147;249
8;GBP/CHF;-0.000754951147309389;250
8;GBP/CHF;-0.00108397784309462;251
8;GBP/CHF;-0.000887123703620369;252
8;GBP/CHF;-0.000208936316427471;253
8;GBP/CHF;0.000355345074230144;254
8;GBP/CHF;-2.63548015157185E-06;255
8;GBP/CHF;0.000237293302549631;256
8;GBP/CHF;7.38576797298811E-05;257
8;GBP/CHF;-0.000518684097643408;258
8;GBP/CHF;9.85950229481876E-05;259
8;GBP/CHF;0.000525091847188368;260
8;GBP/CHF;0.000992257840174234;261
8;GBP/CHF;0.00122128350942;262
8;GBP/CHF;0.00195709626108326;263
8;GBP/CHF;0.0013765562641299;264
8;GBP/CHF;0.0017208713090473;265
8;GBP/CHF;0.00123246211841305;266
8;GBP/CHF;0.000571920674252296;267
8;GBP/CHF;-0.000237711208899045;268
8;GBP/CHF;-0.000340963729455583;269
8;GBP/CHF;-0.000682650204446426;270
8;GBP/CHF;-0.000834316506662616;271
8;GBP/CHF;-0.000262854228954432;272
8;GBP/CHF;-0.000197436609141394;273
8;GBP/CHF;-6.53851189294366E-05;274
8;GBP/CHF;-0.000273451980804347;275
8;GBP/CHF;-6.67388586651101E-05;276
8;GBP/CHF;-0.000591047573045641;277
8;GBP/CHF;-0.000668283397124135;278
8;GBP/CHF;0.00081578158820797;279
8;GBP/CHF;0.000992583794712024;280
8;GBP/CHF;0.00146963121949923;281
8;GBP/CHF;0.00197856552664309;282
8;GBP/CHF;0.00137996983113572;283
8;GBP/CHF;-9.38086321138772E-05;284
8;GBP/CHF;-0.000104250829851449;285
8;GBP/CHF;-0.000638946997516481;286
8;GBP/CHF;-0.000729072542817054;287
8;GBP/CHF;-0.000149961701593047;288
8;GBP/CHF;0.000659635066784697;289
8;GBP/CHF;0.000650677929053499;290
8;GBP/CHF;0.000384133457931849;291
8;GBP/CHF;0.000514532564177485;292
8;GBP/CHF;-1.9568514276189E-05;293
8;GBP/CHF;-0.000818689094866841;294
8;GBP/CHF;-0.000437022181067426;295
8;GBP/CHF;-0.000123623472875703;296
8;GBP/CHF;-0.000289017391336158;297
8;GBP/CHF;0.000301143031366623;298
8;GBP/CHF;0.000415620436792559;299
8;GBP/CHF;9.89338595265412E-05;300
9;GBP/CHF;-1;301
8;GBP/CHF;1.95245765761987E-05;301
9;GBP/CHF;-1;302
8;GBP/CHF;0.000205739900428706;302
9;GBP/CHF;-1;303
8;GBP/CHF;-0.000104240641876099;303
9;GBP/CHF;-1;304
8;GBP/CHF;-0.000252656837101694;304
9;GBP/CHF;-1;305
8;GBP/CHF;-0.00171481902710999;305
9;GBP/CHF;-1;306
8;GBP/CHF;-0.00158507495639858;306
9;GBP/CHF;-1;307
8;GBP/CHF;-0.00102558974200855;307
9;GBP/CHF;-1;308
8;GBP/CHF;-0.000693277799401866;308
9;GBP/CHF;-1;309
8;GBP/CHF;7.16619388312379E-05;309
9;GBP/CHF;-1;310
8;GBP/CHF;0.00144002662467164;310
9;GBP/CHF;-1;311
8;GBP/CHF;0.000660122800476927;311
9;GBP/CHF;-1;312
8;GBP/CHF;0.000150383321075872;312
9;GBP/CHF;-1;313
8;GBP/CHF;9.15301902151434E-05;313
9;GBP/CHF;-1;314
