8;NZD/USD;0.0375622746824962;5
8;NZD/USD;0.00158165050277589;6
8;NZD/USD;0.00199602697185021;7
8;NZD/USD;0.00248905915933866;8
8;NZD/USD;0.00227904696541937;9
8;NZD/USD;0.000449873209395386;10
8;NZD/USD;-0.00011861463301787;11
8;NZD/USD;-0.000667166854260772;12
8;NZD/USD;-0.00119331085306065;13
8;NZD/USD;-0.000847356309286492;14
8;NZD/USD;0.000214904490811066;15
8;NZD/USD;0.00102164881156571;16
8;NZD/USD;0.00280111572371264;17
8;NZD/USD;0.00330343263124566;18
8;NZD/USD;0.00284974078124217;19
8;NZD/USD;0.00188078995076512;20
8;NZD/USD;0.000675810382148136;21
8;NZD/USD;-0.00108933383173561;22
8;NZD/USD;-0.000662565113312257;23
8;NZD/USD;-0.000373473893540574;24
8;NZD/USD;-0.0027902782385809;25
8;NZD/USD;-0.00186218389477254;26
8;NZD/USD;-1.92062996810457E-05;27
8;NZD/USD;-0.000828297714064291;28
8;NZD/USD;-0.000876567664987992;29
8;NZD/USD;0.00147582537148971;30
8;NZD/USD;0.00125622483840201;31
8;NZD/USD;-0.000634844827859385;32
8;NZD/USD;-0.000450399106501549;33
8;NZD/USD;-0.000617098441824983;34
8;NZD/USD;-0.00176938827029988;35
8;NZD/USD;-0.00177793999887044;36
8;NZD/USD;-0.00192887463662264;37
8;NZD/USD;-0.00175585247697285;38
8;NZD/USD;-0.000345537995445645;39
8;NZD/USD;0.000661726544894617;40
8;NZD/USD;-0.000408615107658355;41
8;NZD/USD;-0.000391915948708579;42
8;NZD/USD;-0.00143546542370468;43
8;NZD/USD;-0.00219341505655773;44
8;NZD/USD;-0.0038604633780155;45
8;NZD/USD;-0.00278761262614937;46
8;NZD/USD;-0.00322518303229182;47
8;NZD/USD;-0.00224454314820272;48
8;NZD/USD;0.00105837126504717;49
8;NZD/USD;0.00280745904091916;50
8;NZD/USD;0.00293850827193657;51
8;NZD/USD;0.00363898467689618;52
8;NZD/USD;0.00408340109280824;53
8;NZD/USD;0.000485849868466402;54
8;NZD/USD;0.00137217649178473;55
8;NZD/USD;0.0014230276820472;56
8;NZD/USD;0.000994483887620996;57
8;NZD/USD;0.000700356346085265;58
8;NZD/USD;0.00173213545766003;59
8;NZD/USD;0.000740353055327556;60
8;NZD/USD;0.00104324388309671;61
8;NZD/USD;0.0012446071184166;62
8;NZD/USD;0.0016766738365402;63
8;NZD/USD;0.00069634609076277;64
8;NZD/USD;0.00137693349781336;65
8;NZD/USD;0.00130062675055244;66
8;NZD/USD;0.00109586687380016;67
8;NZD/USD;0.000625146466193289;68
8;NZD/USD;-0.00107916740727144;69
8;NZD/USD;-0.00169492539819447;70
8;NZD/USD;-0.00254205077626526;71
8;NZD/USD;-0.00218326504739888;72
8;NZD/USD;-0.00152196043768704;73
8;NZD/USD;0.000103602602019098;74
8;NZD/USD;-0.000461021571632884;75
8;NZD/USD;0.000149861626725832;76
8;NZD/USD;0.00130128780051165;77
8;NZD/USD;0.000740821763195675;78
8;NZD/USD;0.000519612026842978;79
8;NZD/USD;0.00125025249509986;80
8;NZD/USD;0.000636866386218853;81
8;NZD/USD;-0.000425601141654233;82
8;NZD/USD;0.000793095605628936;83
8;NZD/USD;0.000949129949545331;84
8;NZD/USD;0.000690424649122413;85
8;NZD/USD;0.00134664478950212;86
8;NZD/USD;0.00136257303886495;87
8;NZD/USD;-5.02239152180883E-05;88
8;NZD/USD;0.000425166165944106;89
8;NZD/USD;0.00084301148723772;90
8;NZD/USD;0.00124731356279289;91
8;NZD/USD;0.00109197386363322;92
8;NZD/USD;0.00263991809641676;93
8;NZD/USD;0.00215723149154442;94
8;NZD/USD;0.00180537258972606;95
8;NZD/USD;0.00140018933017634;96
8;NZD/USD;0.0014026831574602;97
8;NZD/USD;-0.00011333853104899;98
8;NZD/USD;-0.000373297529550066;99
8;NZD/USD;-0.000288334328631527;100
8;NZD/USD;0.00109951834671907;101
8;NZD/USD;0.00119586043668252;102
8;NZD/USD;0.00172615569714851;103
8;NZD/USD;0.00186190181607983;104
8;NZD/USD;0.00162060552003591;105
8;NZD/USD;0.000396413643023063;106
8;NZD/USD;0.000948296309858935;107
8;NZD/USD;0.000439735400405821;108
8;NZD/USD;0.00192596153498678;109
8;NZD/USD;0.00229525628865152;110
8;NZD/USD;-9.84436547158428E-05;111
8;NZD/USD;-0.00067622571719368;112
8;NZD/USD;-0.000688098229449951;113
8;NZD/USD;-0.00207127631192278;114
8;NZD/USD;-0.00207016570111084;115
8;NZD/USD;0.000215575337497842;116
8;NZD/USD;0.000290425383618169;117
8;NZD/USD;0.0003115758046188;118
8;NZD/USD;0.000935663277750037;119
8;NZD/USD;0.000841840662063734;120
8;NZD/USD;0.00131186278007454;121
8;NZD/USD;0.0013040456307355;122
8;NZD/USD;0.00287025662576256;123
8;NZD/USD;0.00220712062199061;124
8;NZD/USD;0.00212155556992326;125
8;NZD/USD;0.00172356944520939;126
8;NZD/USD;0.00177324185821218;127
8;NZD/USD;9.91977689303467E-05;128
8;NZD/USD;-0.00111328062115616;129
8;NZD/USD;-0.00108814196602368;130
8;NZD/USD;-0.00231307642240665;131
8;NZD/USD;-0.0024346997633719;132
8;NZD/USD;-0.00298349999608457;133
8;NZD/USD;-0.00147459450005665;134
8;NZD/USD;-0.00043924648566729;135
8;NZD/USD;0.00092890776069637;136
8;NZD/USD;0.000766065889133493;137
8;NZD/USD;0.00150196029769113;138
8;NZD/USD;0.00255094238485375;139
8;NZD/USD;0.00161510775134273;140
8;NZD/USD;0.00238506234946696;141
8;NZD/USD;0.00259528000969944;142
8;NZD/USD;0.00141464427952923;143
8;NZD/USD;9.69338906774004E-05;144
8;NZD/USD;0.000345885206231538;145
8;NZD/USD;-0.000708160673649407;146
8;NZD/USD;-0.000753867908593036;147
8;NZD/USD;0.000338860059278616;148
8;NZD/USD;-0.00108510449129874;149
8;NZD/USD;-0.00196331958053921;150
8;NZD/USD;-0.00137517948147213;151
8;NZD/USD;-0.00128674260341117;152
8;NZD/USD;-0.0025870523101378;153
8;NZD/USD;-0.00106536655730238;154
8;NZD/USD;-1.39603062017336E-05;155
8;NZD/USD;-0.000804053880880633;156
8;NZD/USD;-0.00137440004139284;157
8;NZD/USD;6.065413194434E-05;158
8;NZD/USD;0.000798394961738669;159
8;NZD/USD;0.000385876127977662;160
8;NZD/USD;0.000427991743060434;161
8;NZD/USD;0.000961445180500895;162
8;NZD/USD;-0.000340834894328522;163
8;NZD/USD;-0.00092204689715564;164
8;NZD/USD;-0.000760842030916002;165
8;NZD/USD;-0.000640000546134181;166
8;NZD/USD;-0.00169084400180924;167
8;NZD/USD;-0.000652941446663614;168
8;NZD/USD;-0.000341021980434154;169
8;NZD/USD;-0.000417714507566161;170
8;NZD/USD;0.000728276153300553;171
8;NZD/USD;0.00160489792584132;172
8;NZD/USD;0.00233048546934592;173
8;NZD/USD;0.00169700668378983;174
8;NZD/USD;0.00227862473684992;175
8;NZD/USD;0.0010863109019428;176
8;NZD/USD;0.00165204146216723;177
8;NZD/USD;0.0012035078849174;178
8;NZD/USD;0.00164824682267098;179
8;NZD/USD;0.00112390899176327;180
8;NZD/USD;-0.000247317389380126;181
8;NZD/USD;-0.000729472864838223;182
8;NZD/USD;-0.000835450095524423;183
8;NZD/USD;-0.0012522598234015;184
8;NZD/USD;-0.00197796328021509;185
8;NZD/USD;-0.000560483957616402;186
8;NZD/USD;-0.000595241981216433;187
8;NZD/USD;-0.000606847178881846;188
8;NZD/USD;-0.000291703856593778;189
8;NZD/USD;0.00011130306022853;190
8;NZD/USD;0.000893251201357307;191
8;NZD/USD;0.000863332340062669;192
8;NZD/USD;0.000678528037969664;193
8;NZD/USD;0.000483625807651908;194
8;NZD/USD;0.000208526432236135;195
8;NZD/USD;-0.000571128365870306;196
8;NZD/USD;-0.000633826968446562;197
8;NZD/USD;-0.000451323784754128;198
8;NZD/USD;-0.00202559252445703;199
8;NZD/USD;-0.0017350560021572;200
8;NZD/USD;-0.00148514670993446;201
8;NZD/USD;-0.00158406996861874;202
8;NZD/USD;-0.00149079991845981;203
8;NZD/USD;-3.26888951881433E-05;204
8;NZD/USD;-0.000399843469413502;205
8;NZD/USD;-0.000778342973677776;206
8;NZD/USD;-0.000317857334968067;207
8;NZD/USD;-0.000151795573688591;208
8;NZD/USD;6.77067835821794E-05;209
8;NZD/USD;0.000525943933624065;210
8;NZD/USD;-0.00114142423789984;211
8;NZD/USD;-0.00161105589206363;212
8;NZD/USD;-0.0015360968553763;213
8;NZD/USD;-0.00191157834046184;214
8;NZD/USD;-0.00177739345975635;215
8;NZD/USD;-6.12478067471438E-05;216
8;NZD/USD;-0.000902776028282795;217
8;NZD/USD;-0.00129191939590994;218
8;NZD/USD;-0.00117000174124484;219
8;NZD/USD;-0.00134467394947966;220
8;NZD/USD;-0.00154207145075143;221
8;NZD/USD;-0.000471913661962295;222
8;NZD/USD;0.00114119283970747;223
8;NZD/USD;0.00109221420630589;224
8;NZD/USD;0.00152124322024006;225
8;NZD/USD;0.00182930266234711;226
8;NZD/USD;0.00169511573684976;227
8;NZD/USD;0.000103636708556068;228
8;NZD/USD;0.00102999675026093;229
8;NZD/USD;0.000660163525725404;230
8;NZD/USD;0.00248305173246812;231
8;NZD/USD;0.00258228060101631;232
8;NZD/USD;0.00433721067249745;233
8;NZD/USD;0.00344393076241162;234
8;NZD/USD;0.00329159485067518;235
8;NZD/USD;0.00127162502122733;236
8;NZD/USD;0.00162712604958303;237
8;NZD/USD;-0.000202877184493375;238
8;NZD/USD;-0.000457011162502964;239
8;NZD/USD;-0.000207753853470779;240
8;NZD/USD;0.00131176683627842;241
8;NZD/USD;0.000938299446553187;242
8;NZD/USD;0.000860810351246966;243
8;NZD/USD;0.00121178982458726;244
8;NZD/USD;0.000940093896796755;245
8;NZD/USD;-0.00036275149994162;246
8;NZD/USD;-8.03189821758183E-05;247
8;NZD/USD;-4.36417929320627E-05;248
8;NZD/USD;-0.000793976038291257;249
8;NZD/USD;-0.00077387355294137;250
8;NZD/USD;0.000608039199251084;251
8;NZD/USD;0.000467691674318417;252
8;NZD/USD;0.00179521075423213;253
8;NZD/USD;0.00222892077405354;254
8;NZD/USD;0.00240163910733746;255
8;NZD/USD;0.000971313923121621;256
8;NZD/USD;0.000612760988283804;257
8;NZD/USD;-0.000494646335147747;258
8;NZD/USD;-8.66738908473216E-05;259
8;NZD/USD;-0.000230423971327311;260
8;NZD/USD;-7.75317547848105E-05;261
8;NZD/USD;7.53222603298277E-05;262
8;NZD/USD;-0.000303776132038036;263
8;NZD/USD;-0.000504822923369544;264
8;NZD/USD;-0.000585236912575335;265
8;NZD/USD;-0.000829644363132546;266
8;NZD/USD;-0.000397473661141655;267
8;NZD/USD;-5.71523284890314E-05;268
8;NZD/USD;0.000937817247072448;269
8;NZD/USD;0.00128253842674624;270
8;NZD/USD;0.00201215130431138;271
8;NZD/USD;0.00177791089595012;272
8;NZD/USD;0.00154194690536824;273
8;NZD/USD;0.000545603684735985;274
8;NZD/USD;0.000486214696393356;275
8;NZD/USD;-0.000242752892641437;276
8;NZD/USD;-0.000381112373300202;277
8;NZD/USD;-0.000120285738985821;278
8;NZD/USD;-0.001858866024493;279
8;NZD/USD;-0.00199095118859013;280
8;NZD/USD;-0.00220043306126663;281
8;NZD/USD;-0.00214132852505322;282
8;NZD/USD;-0.0034623779489672;283
8;NZD/USD;-0.00144192420359636;284
8;NZD/USD;-0.000638186074433111;285
8;NZD/USD;-0.000211270859677401;286
8;NZD/USD;-0.000698939657643646;287
8;NZD/USD;0.000445308583107139;288
8;NZD/USD;0.000108447985120913;289
8;NZD/USD;-0.000654069513522533;290
8;NZD/USD;-0.00235045316835609;291
8;NZD/USD;-0.00166983716672263;292
8;NZD/USD;-0.0024230635313474;293
8;NZD/USD;-0.00210326875331789;294
8;NZD/USD;-0.00268931130539034;295
8;NZD/USD;-0.00119151372252113;296
8;NZD/USD;-0.00156916582201866;297
8;NZD/USD;-0.000581718346993629;298
8;NZD/USD;-0.00160560715345879;299
8;NZD/USD;-0.00106665669207768;300
9;NZD/USD;-1;301
8;NZD/USD;-0.00159195008089347;301
9;NZD/USD;-1;302
8;NZD/USD;-0.00133399588011311;302
9;NZD/USD;-1;303
8;NZD/USD;-0.00114265243562552;303
9;NZD/USD;-1;304
8;NZD/USD;-0.000159860835555806;304
9;NZD/USD;-1;305
8;NZD/USD;-4.23146092767006E-05;305
9;NZD/USD;-1;306
8;NZD/USD;0.000581426551303454;306
9;NZD/USD;-1;307
8;NZD/USD;0.000858254360626486;307
9;NZD/USD;-1;308
8;NZD/USD;0.00050995556706995;308
9;NZD/USD;-1;309
8;NZD/USD;-0.00162464291874104;309
9;NZD/USD;-1;310
8;NZD/USD;-0.00157907669407875;310
9;NZD/USD;-1;311
8;NZD/USD;-0.000869233723016739;311
9;NZD/USD;-1;312
8;NZD/USD;-0.00125924990709859;312
9;NZD/USD;-1;313
8;NZD/USD;-0.00151013456960401;313
9;NZD/USD;-1;314
