8;NZD/JPY;0.00457658075282105;5
8;NZD/JPY;0.000716333144002299;6
8;NZD/JPY;-0.000106490111668194;7
8;NZD/JPY;0.00133355511147374;8
8;NZD/JPY;0.00197137329854677;9
8;NZD/JPY;0.000216989864313821;10
8;NZD/JPY;-0.00020308553260636;11
8;NZD/JPY;0.000506478684630583;12
8;NZD/JPY;-8.10602694191308E-05;13
8;NZD/JPY;-0.000570857771441349;14
8;NZD/JPY;-0.00100149971329115;15
8;NZD/JPY;-0.00077500198189329;16
8;NZD/JPY;-0.000615342393432781;17
8;NZD/JPY;5.32718779749453E-05;18
8;NZD/JPY;0.00174671586795364;19
8;NZD/JPY;0.00208293167557928;20
8;NZD/JPY;0.00185957711443557;21
8;NZD/JPY;0.00186103629900246;22
8;NZD/JPY;0.00161916190195247;23
8;NZD/JPY;-0.000286998447797932;24
8;NZD/JPY;-0.00261230277637111;25
8;NZD/JPY;-0.00247012284263783;26
8;NZD/JPY;-0.000800405870718071;27
8;NZD/JPY;-0.000941763340900271;28
8;NZD/JPY;-0.000872705212293466;29
8;NZD/JPY;0.00135775959086201;30
8;NZD/JPY;0.0018191622168979;31
8;NZD/JPY;0.000260253265418395;32
8;NZD/JPY;-0.00216740144287478;33
8;NZD/JPY;-0.00238414495447717;34
8;NZD/JPY;-0.00600530284868376;35
8;NZD/JPY;-0.00647887751982979;36
8;NZD/JPY;-0.00579344571871321;37
8;NZD/JPY;-0.00306584270210542;38
8;NZD/JPY;-0.000395065320060057;39
8;NZD/JPY;0.00302519036659617;40
8;NZD/JPY;-0.000302465628373543;41
8;NZD/JPY;-0.00110952345899817;42
8;NZD/JPY;-0.00118098183767732;43
8;NZD/JPY;-0.00341017247219131;44
8;NZD/JPY;-0.00601228845689969;45
8;NZD/JPY;-0.00261736425054968;46
8;NZD/JPY;-0.00550223088622145;47
8;NZD/JPY;-0.00543551100188591;48
8;NZD/JPY;-0.00109312061325649;49
8;NZD/JPY;0.00193496007910067;50
8;NZD/JPY;0.00147003759474025;51
8;NZD/JPY;0.00432661430666955;52
8;NZD/JPY;0.00564274639336206;53
8;NZD/JPY;0.0012858252132257;54
8;NZD/JPY;0.00314466289880926;55
8;NZD/JPY;0.00339414185277498;56
8;NZD/JPY;0.00248642710863893;57
8;NZD/JPY;0.00102112521599617;58
8;NZD/JPY;0.00288491510239406;59
8;NZD/JPY;0.000587827695997998;60
8;NZD/JPY;0.00112338720737916;61
8;NZD/JPY;0.00171571701350002;62
8;NZD/JPY;0.00190243008230469;63
8;NZD/JPY;-0.000182905394386947;64
8;NZD/JPY;-0.000202017846424154;65
8;NZD/JPY;-0.000678448202956882;66
8;NZD/JPY;9.85360380292445E-05;67
8;NZD/JPY;0.000290721579823224;68
8;NZD/JPY;-0.000639135831475644;69
8;NZD/JPY;-0.000520076774898481;70
8;NZD/JPY;-0.00101609823140046;71
8;NZD/JPY;-0.00149025144343581;72
8;NZD/JPY;-0.000993478682629544;73
8;NZD/JPY;-5.4138347345608E-05;74
8;NZD/JPY;9.42518173102094E-06;75
8;NZD/JPY;0.000620645803996725;76
8;NZD/JPY;0.00160280464537919;77
8;NZD/JPY;0.00106375110611136;78
8;NZD/JPY;0.00028700147249527;79
8;NZD/JPY;0.000444834282620878;80
8;NZD/JPY;0.000273134019375689;81
8;NZD/JPY;-0.000753906936290572;82
8;NZD/JPY;0.000142811161726268;83
8;NZD/JPY;0.000788307803299428;84
8;NZD/JPY;-0.000657008379562902;85
8;NZD/JPY;-0.000659926592763058;86
8;NZD/JPY;-0.000357984080503181;87
8;NZD/JPY;-0.00155061391328706;88
8;NZD/JPY;0.000757222555472232;89
8;NZD/JPY;0.00231463165375956;90
8;NZD/JPY;0.00326878120071485;91
8;NZD/JPY;0.00295296385197596;92
8;NZD/JPY;0.00591418767529251;93
8;NZD/JPY;0.00365896983678579;94
8;NZD/JPY;0.00366872551960924;95
8;NZD/JPY;0.00296694488042841;96
8;NZD/JPY;0.00320508232893298;97
8;NZD/JPY;0.000203690476768223;98
8;NZD/JPY;-0.0005665303825429;99
8;NZD/JPY;-0.000917790656791636;100
8;NZD/JPY;0.000228699525211967;101
8;NZD/JPY;0.000267259092599392;102
8;NZD/JPY;-0.000986048295654669;103
8;NZD/JPY;-0.000446095129584868;104
8;NZD/JPY;-0.00128276556391128;105
8;NZD/JPY;-0.00228497727012125;106
8;NZD/JPY;-0.00103676387221722;107
8;NZD/JPY;0.000514268942811734;108
8;NZD/JPY;0.00110650986436099;109
8;NZD/JPY;0.0024705019293996;110
8;NZD/JPY;0.00187542003211029;111
8;NZD/JPY;0.000545371557002167;112
8;NZD/JPY;0.000265799040084179;113
8;NZD/JPY;-2.97634379609628E-05;114
8;NZD/JPY;-0.000551718172533416;115
8;NZD/JPY;2.74825944001119E-05;116
8;NZD/JPY;-0.000109871247398427;117
8;NZD/JPY;2.28971802372287E-05;118
8;NZD/JPY;0.000715384367199161;119
8;NZD/JPY;0.000987893477720539;120
8;NZD/JPY;0.000875174917364707;121
8;NZD/JPY;0.000710805088435414;122
8;NZD/JPY;0.00276945342194527;123
8;NZD/JPY;0.00195929756886918;124
8;NZD/JPY;0.00332324874370219;125
8;NZD/JPY;0.00338893449190849;126
8;NZD/JPY;0.00433541193659719;127
8;NZD/JPY;0.00209802343961152;128
8;NZD/JPY;0.0017500167890118;129
8;NZD/JPY;0.000318332186243054;130
8;NZD/JPY;-0.000448853368520927;131
8;NZD/JPY;-0.0012024959389743;132
8;NZD/JPY;-0.001640153461857;133
8;NZD/JPY;-0.000981092954027241;134
8;NZD/JPY;-0.00100829415852553;135
8;NZD/JPY;-0.000128107884700381;136
8;NZD/JPY;-0.000717770060446002;137
8;NZD/JPY;-0.000135221938148613;138
8;NZD/JPY;-0.00135266107004648;139
8;NZD/JPY;-0.00109714251251235;140
8;NZD/JPY;-0.000123690709710402;141
8;NZD/JPY;0.000677337431176646;142
8;NZD/JPY;-0.00174123834859168;143
8;NZD/JPY;-0.000869709745706806;144
8;NZD/JPY;-0.000596240501897734;145
8;NZD/JPY;-0.00186005804364021;146
8;NZD/JPY;-0.00121679547908721;147
8;NZD/JPY;0.00124012073015769;148
8;NZD/JPY;-0.000188974599254566;149
8;NZD/JPY;-0.00117043291536677;150
8;NZD/JPY;0.00010896090162249;151
8;NZD/JPY;-0.00065426490399247;152
8;NZD/JPY;-0.00154737016897382;153
8;NZD/JPY;0.000111584907051015;154
8;NZD/JPY;0.00107959401658937;155
8;NZD/JPY;-9.07966284647554E-05;156
8;NZD/JPY;-0.000551787128693302;157
8;NZD/JPY;0.000534537687475106;158
8;NZD/JPY;0.00113734053753457;159
8;NZD/JPY;0.000743663850514225;160
8;NZD/JPY;0.000272266318465868;161
8;NZD/JPY;0.000683264668904492;162
8;NZD/JPY;-0.00118929983754529;163
8;NZD/JPY;-0.00155439430739681;164
8;NZD/JPY;-0.00165204745618689;165
8;NZD/JPY;-0.0013878832542377;166
8;NZD/JPY;-0.00167942002648667;167
8;NZD/JPY;-0.00012114909137184;168
8;NZD/JPY;0.000298635110909862;169
8;NZD/JPY;0.000369315048518957;170
8;NZD/JPY;0.000988432366241109;171
8;NZD/JPY;0.00105754026988001;172
8;NZD/JPY;0.00190019236437465;173
8;NZD/JPY;0.000977130322399397;174
8;NZD/JPY;0.00161738483170617;175
8;NZD/JPY;0.00102652064530408;176
8;NZD/JPY;0.00152627552315875;177
8;NZD/JPY;0.000888132034987826;178
8;NZD/JPY;0.000518437056295674;179
8;NZD/JPY;0.000144541313486633;180
8;NZD/JPY;-0.000922041674998601;181
8;NZD/JPY;-0.00126503208099041;182
8;NZD/JPY;-0.00190539126711359;183
8;NZD/JPY;-0.00143634928485729;184
8;NZD/JPY;-0.0017482608981882;185
8;NZD/JPY;-0.000511558656234415;186
8;NZD/JPY;4.08594097236458E-05;187
8;NZD/JPY;0.000550144134467744;188
8;NZD/JPY;0.000985906291068426;189
8;NZD/JPY;0.00087263941005907;190
8;NZD/JPY;0.000806530573925475;191
8;NZD/JPY;4.53895560580249E-05;192
8;NZD/JPY;-0.00065261073544413;193
8;NZD/JPY;-0.001008680406034;194
8;NZD/JPY;-0.0012031445311724;195
8;NZD/JPY;-0.00115513936031623;196
8;NZD/JPY;-0.00120631745805636;197
8;NZD/JPY;-0.000522256031027741;198
8;NZD/JPY;-0.00236434286862008;199
8;NZD/JPY;-0.00221128528568278;200
8;NZD/JPY;-0.00171081172585133;201
8;NZD/JPY;-0.00168734809513054;202
8;NZD/JPY;-0.000883407814665461;203
8;NZD/JPY;0.000889907246287298;204
8;NZD/JPY;0.000952656693932447;205
8;NZD/JPY;0.00029419205929744;206
8;NZD/JPY;0.000645899619535063;207
8;NZD/JPY;0.000103189119276904;208
8;NZD/JPY;0.000476665402719322;209
8;NZD/JPY;0.00057766407296501;210
8;NZD/JPY;-0.00153084320878873;211
8;NZD/JPY;-0.00201120301745003;212
8;NZD/JPY;-0.00187716948654844;213
8;NZD/JPY;-0.00240635224758284;214
8;NZD/JPY;-0.00207541869065252;215
8;NZD/JPY;0.000168874967381059;216
8;NZD/JPY;0.000416816369648762;217
8;NZD/JPY;0.000106421129418151;218
8;NZD/JPY;0.000377255980443377;219
8;NZD/JPY;8.78704156762465E-05;220
8;NZD/JPY;3.46826824455849E-05;221
8;NZD/JPY;6.476009909369E-05;222
8;NZD/JPY;0.00112551613981045;223
8;NZD/JPY;0.0008997592750554;224
8;NZD/JPY;0.00159115690936066;225
8;NZD/JPY;0.0017012954312184;226
8;NZD/JPY;0.00142403477323124;227
8;NZD/JPY;0.000195396699545449;228
8;NZD/JPY;0.000801751600625135;229
8;NZD/JPY;8.48434135826939E-05;230
8;NZD/JPY;0.00121129384086054;231
8;NZD/JPY;0.00152337249232104;232
8;NZD/JPY;0.002783685346113;233
8;NZD/JPY;0.00227737590374717;234
8;NZD/JPY;0.00269163451821942;235
8;NZD/JPY;0.00125608721646796;236
8;NZD/JPY;0.00132632806125814;237
8;NZD/JPY;0.000181190205473399;238
8;NZD/JPY;0.000457355238135482;239
8;NZD/JPY;0.000117585874992317;240
8;NZD/JPY;0.00123474599731379;241
8;NZD/JPY;0.00106782507039882;242
8;NZD/JPY;0.000946311665023471;243
8;NZD/JPY;0.000695346623734774;244
8;NZD/JPY;0.000807662601710131;245
8;NZD/JPY;-6.75219452733548E-05;246
8;NZD/JPY;-9.00819761198082E-05;247
8;NZD/JPY;-0.000155528890565599;248
8;NZD/JPY;-0.000747368993647013;249
8;NZD/JPY;-0.0011334545289547;250
8;NZD/JPY;6.97722842307059E-05;251
8;NZD/JPY;0.000319607536026924;252
8;NZD/JPY;0.00137751031905754;253
8;NZD/JPY;0.00164457936921496;254
8;NZD/JPY;0.00144841522396797;255
8;NZD/JPY;0.000242887694307228;256
8;NZD/JPY;-0.000384942349361785;257
8;NZD/JPY;-0.00119043959607142;258
8;NZD/JPY;-0.000267168114267098;259
8;NZD/JPY;8.9915928621998E-06;260
8;NZD/JPY;0.000585763678348611;261
8;NZD/JPY;0.00109211300334621;262
8;NZD/JPY;0.00147464657787511;263
8;NZD/JPY;0.000769106666204419;264
8;NZD/JPY;0.000525305888414751;265
8;NZD/JPY;-0.000154690318829737;266
8;NZD/JPY;-0.000403791287404576;267
8;NZD/JPY;-0.000840360910330564;268
8;NZD/JPY;-0.000394274192968309;269
8;NZD/JPY;-6.725967278824E-06;270
8;NZD/JPY;0.00100447076649241;271
8;NZD/JPY;0.00118661492158617;272
8;NZD/JPY;0.00045535368447255;273
8;NZD/JPY;0.000107606432080015;274
8;NZD/JPY;0.000295728789977242;275
8;NZD/JPY;-0.000726562207466186;276
8;NZD/JPY;-0.000357482081433957;277
8;NZD/JPY;0.000407368585451966;278
8;NZD/JPY;-0.00113051157039755;279
8;NZD/JPY;-0.0014041136251276;280
8;NZD/JPY;-0.00163036742618355;281
8;NZD/JPY;-0.00195507174812981;282
8;NZD/JPY;-0.00428277050226361;283
8;NZD/JPY;-0.0023236964046476;284
8;NZD/JPY;-0.0012438272956452;285
8;NZD/JPY;-0.000791856238040429;286
8;NZD/JPY;-0.00116638215246902;287
8;NZD/JPY;0.00105943915321494;288
8;NZD/JPY;0.000587438803909006;289
8;NZD/JPY;-0.000401937153792793;290
8;NZD/JPY;-0.00198201872698514;291
8;NZD/JPY;-0.00144072476573878;292
8;NZD/JPY;-0.00171155768422713;293
8;NZD/JPY;-0.00149474968502872;294
8;NZD/JPY;-0.00209538457022683;295
8;NZD/JPY;-0.000779951668054106;296
8;NZD/JPY;-0.000910348455178262;297
8;NZD/JPY;-0.000504847953223732;298
8;NZD/JPY;-0.000948266257269061;299
8;NZD/JPY;-0.000505991668037359;300
9;NZD/JPY;-1;301
8;NZD/JPY;0.00058524871781647;301
9;NZD/JPY;-1;302
8;NZD/JPY;0.000608122919143389;302
9;NZD/JPY;-1;303
8;NZD/JPY;0.00077739464611211;303
9;NZD/JPY;-1;304
8;NZD/JPY;0.00113371962960969;304
9;NZD/JPY;-1;305
8;NZD/JPY;0.000935080363686068;305
9;NZD/JPY;-1;306
8;NZD/JPY;2.29172515342532E-06;306
9;NZD/JPY;-1;307
8;NZD/JPY;0.00031823990321851;307
9;NZD/JPY;-1;308
8;NZD/JPY;2.28873541651325E-06;308
9;NZD/JPY;-1;309
8;NZD/JPY;-0.00189696932083232;309
9;NZD/JPY;-1;310
8;NZD/JPY;-0.00154165512534406;310
9;NZD/JPY;-1;311
8;NZD/JPY;-0.00174008209847507;311
9;NZD/JPY;-1;312
8;NZD/JPY;-0.00208575963485897;312
9;NZD/JPY;-1;313
8;NZD/JPY;-0.00246404958996248;313
9;NZD/JPY;-1;314
