8;USD/JPY;-0.0318635389601464;5
8;USD/JPY;-0.000859831831199509;6
8;USD/JPY;-0.0021169066606283;7
8;USD/JPY;-0.00115570759283354;8
8;USD/JPY;-0.000307367818382828;9
8;USD/JPY;-0.000250046558402846;10
8;USD/JPY;-6.29203633596934E-05;11
8;USD/JPY;0.0011805201188004;12
8;USD/JPY;0.00115570759283353;13
8;USD/JPY;0.000290198225720844;14
8;USD/JPY;-0.00122035121171118;15
8;USD/JPY;-0.0017987162524199;16
8;USD/JPY;-0.00340931557459854;17
8;USD/JPY;-0.00330105888594012;18
8;USD/JPY;-0.0011211156304631;19
8;USD/JPY;0.000213187899206518;20
8;USD/JPY;0.0012066777768783;21
8;USD/JPY;0.00293947311855486;22
8;USD/JPY;0.00234865791999647;23
8;USD/JPY;9.39863161714011E-05;24
8;USD/JPY;0.000211043341020927;25
8;USD/JPY;-0.000622573068345233;26
8;USD/JPY;-0.000795130639059551;27
8;USD/JPY;-0.000159175364988429;28
8;USD/JPY;9.58795752717451E-06;29
8;USD/JPY;-0.000147706952297137;30
8;USD/JPY;0.000567099076205456;31
8;USD/JPY;0.000904094860390608;32
8;USD/JPY;-0.0017109601272708;33
8;USD/JPY;-0.00175842663499644;34
8;USD/JPY;-0.00424146955810422;35
8;USD/JPY;-0.00471561996514368;36
8;USD/JPY;-0.00386510627555282;37
8;USD/JPY;-0.00133964175355172;38
8;USD/JPY;-4.64328901722894E-05;39
8;USD/JPY;0.00234809663387282;40
8;USD/JPY;0.000105747579081663;41
8;USD/JPY;-0.000714398011307122;42
8;USD/JPY;0.000227789348702953;43
8;USD/JPY;-0.00122468176650688;44
8;USD/JPY;-0.00214239072618308;45
8;USD/JPY;0.000158516606062272;46
8;USD/JPY;-0.0022812215735108;47
8;USD/JPY;-0.00314568715730507;48
8;USD/JPY;-0.0021707536141668;49
8;USD/JPY;-0.000875223391105135;50
8;USD/JPY;-0.00145877848756448;51
8;USD/JPY;0.000685131649479287;52
8;USD/JPY;0.00155941603400423;53
8;USD/JPY;0.000819001159219109;54
8;USD/JPY;0.00179341792202908;55
8;USD/JPY;0.00197845720450879;56
8;USD/JPY;0.00147286193368812;57
8;USD/JPY;0.000321395395213278;58
8;USD/JPY;0.00113943717606689;59
8;USD/JPY;-0.000157941696526863;60
8;USD/JPY;7.21792785029473E-05;61
8;USD/JPY;0.000488553441495394;62
8;USD/JPY;0.000230928829131917;63
8;USD/JPY;-0.000878924831006151;64
8;USD/JPY;-0.0015882813695225;65
8;USD/JPY;-0.00196592118915723;66
8;USD/JPY;-0.00100968808517725;67
8;USD/JPY;-0.000350411921421417;68
8;USD/JPY;0.000436038868706708;69
8;USD/JPY;0.00116453791742953;70
8;USD/JPY;0.00152463542415771;71
8;USD/JPY;0.000699106267975613;72
8;USD/JPY;0.000534181557623145;73
8;USD/JPY;-0.000146543771851799;74
8;USD/JPY;0.000476404544139644;75
8;USD/JPY;0.000429582786588169;76
8;USD/JPY;0.000341808641106738;77
8;USD/JPY;0.000308509453136757;78
8;USD/JPY;-0.000232736686688029;79
8;USD/JPY;-0.000783544631988311;80
8;USD/JPY;-0.000337730744930103;81
8;USD/JPY;-0.000355493144877711;82
8;USD/JPY;-0.00065272678612724;83
8;USD/JPY;-0.000170323576125497;84
8;USD/JPY;-0.00136335590017518;85
8;USD/JPY;-0.00200686998706375;86
8;USD/JPY;-0.00170614822197675;87
8;USD/JPY;-0.00148928915763271;88
8;USD/JPY;0.000270101035337107;89
8;USD/JPY;0.00147883329966158;90
8;USD/JPY;0.00200491612745832;91
8;USD/JPY;0.00181950585857308;92
8;USD/JPY;0.00325493506468145;93
8;USD/JPY;0.00157030108432301;94
8;USD/JPY;0.00187158418988766;95
8;USD/JPY;0.00158997426842219;96
8;USD/JPY;0.00182440071247117;97
8;USD/JPY;0.000345068323813438;98
8;USD/JPY;-0.000215526677718685;99
8;USD/JPY;-0.000625158254561448;100
8;USD/JPY;-0.000874186699638717;101
8;USD/JPY;-0.000923735389435347;102
8;USD/JPY;-0.00271648717641817;103
8;USD/JPY;-0.00228404207587947;104
8;USD/JPY;-0.00292444967059093;105
8;USD/JPY;-0.00267926334799461;106
8;USD/JPY;-0.00197427250897975;107
8;USD/JPY;7.0669991508916E-05;108
8;USD/JPY;-0.000783619825079724;109
8;USD/JPY;0.000224814403903864;110
8;USD/JPY;0.00198692083477346;111
8;USD/JPY;0.00122009514385877;112
8;USD/JPY;0.000957468946317093;113
8;USD/JPY;0.00200606243544598;114
8;USD/JPY;0.00146690561624894;115
8;USD/JPY;-0.000205237482643813;116
8;USD/JPY;-0.000416306457940444;117
8;USD/JPY;-0.000287346541406666;118
8;USD/JPY;-0.000222773751366354;119
8;USD/JPY;0.00015059726213829;120
8;USD/JPY;-0.000438545146149446;121
8;USD/JPY;-0.000597632450336832;122
8;USD/JPY;-9.39169243813181E-05;123
8;USD/JPY;-0.000248470325573787;124
8;USD/JPY;0.00117933490192605;125
8;USD/JPY;0.00166682269724955;126
8;USD/JPY;0.00256208779945282;127
8;USD/JPY;0.00199018243171218;128
8;USD/JPY;0.00286113452919619;129
8;USD/JPY;0.00143503063043585;130
8;USD/JPY;0.00185727504678229;131
8;USD/JPY;0.00123610981504509;132
8;USD/JPY;0.00135372475909639;133
8;USD/JPY;0.000508837465843369;134
8;USD/JPY;-0.000585550095776988;135
8;USD/JPY;-0.00103678693800866;136
8;USD/JPY;-0.00148813086306843;137
8;USD/JPY;-0.00163682690733331;138
8;USD/JPY;-0.0039208366218991;139
8;USD/JPY;-0.00270053202811056;140
8;USD/JPY;-0.00250103084856068;141
8;USD/JPY;-0.00190230742335134;142
8;USD/JPY;-0.00317043197958167;143
8;USD/JPY;-0.000960282057735465;144
8;USD/JPY;-0.000943815348349961;145
8;USD/JPY;-0.00115585669108408;146
8;USD/JPY;-0.000474491418981852;147
8;USD/JPY;0.000916584676980176;148
8;USD/JPY;0.000903344791419549;149
8;USD/JPY;0.000794674373788689;150
8;USD/JPY;0.00145943753368806;151
8;USD/JPY;0.000644798324255162;152
8;USD/JPY;0.00104324404815055;153
8;USD/JPY;0.00118057971762226;154
8;USD/JPY;0.00109047574557745;155
8;USD/JPY;0.000716969183115131;156
8;USD/JPY;0.000798700489790112;157
8;USD/JPY;0.000458243956898527;158
8;USD/JPY;0.00032962914438968;159
8;USD/JPY;0.000376466109742652;160
8;USD/JPY;-0.000132650577893767;161
8;USD/JPY;-0.000245714650926499;162
8;USD/JPY;-0.000827552390323979;163
8;USD/JPY;-0.00061679044844141;164
8;USD/JPY;-0.000890617774318159;165
8;USD/JPY;-0.000756617632990088;166
8;USD/JPY;-2.14656135713022E-05;167
8;USD/JPY;0.000517621380526113;168
8;USD/JPY;0.000630432016252592;169
8;USD/JPY;0.000767807760468745;170
8;USD/JPY;0.00028969059068587;171
8;USD/JPY;-0.000498258795267698;172
8;USD/JPY;-0.00040617080939083;173
8;USD/JPY;-0.000687131611425814;174
8;USD/JPY;-0.000644525513611145;175
8;USD/JPY;-8.21668585668584E-05;176
8;USD/JPY;-0.000164404483407946;177
8;USD/JPY;-0.000344328449099559;178
8;USD/JPY;-0.00116491474832651;179
8;USD/JPY;-0.00100018839372026;180
8;USD/JPY;-0.000697820999603221;181
8;USD/JPY;-0.000535249832989454;182
8;USD/JPY;-0.0010660828140237;183
8;USD/JPY;-0.000184970201499923;184
8;USD/JPY;0.000237752578680534;185
8;USD/JPY;5.88991748556173E-05;186
8;USD/JPY;0.000635082957147529;187
8;USD/JPY;0.00116004937931671;188
8;USD/JPY;0.0012716522260368;189
8;USD/JPY;0.000760479547402718;190
8;USD/JPY;-0.00010013892029724;191
8;USD/JPY;-0.000813818366999582;192
8;USD/JPY;-0.00134715026495067;193
8;USD/JPY;-0.00147649964248147;194
8;USD/JPY;-0.0014174431593666;195
8;USD/JPY;-0.000572342123845338;196
8;USD/JPY;-0.000572634952936508;197
8;USD/JPY;-6.30628860436185E-05;198
8;USD/JPY;-0.000351091827671031;199
8;USD/JPY;-0.000479330350798188;200
8;USD/JPY;-0.000222691934660054;201
8;USD/JPY;-0.000110386157224578;202
8;USD/JPY;0.00060026121961019;203
8;USD/JPY;0.000923743683736016;204
8;USD/JPY;0.00135022606463083;205
8;USD/JPY;0.00107765026764447;206
8;USD/JPY;0.000963819369388973;207
8;USD/JPY;0.000269040283688662;208
8;USD/JPY;0.000402432397106318;209
8;USD/JPY;5.68791958369803E-05;210
8;USD/JPY;-0.000400490931370824;211
8;USD/JPY;-0.000398733221515372;212
8;USD/JPY;-0.000349626401363446;213
8;USD/JPY;-0.000498743582366559;214
8;USD/JPY;-0.000290449560913482;215
8;USD/JPY;0.000223902606120915;216
8;USD/JPY;0.00132863510375038;217
8;USD/JPY;0.0013889965074446;218
8;USD/JPY;0.00155690053932213;219
8;USD/JPY;0.00142269962598323;220
8;USD/JPY;0.00157591977758328;221
8;USD/JPY;0.000538342581979757;222
8;USD/JPY;-1.56190513458077E-05;223
8;USD/JPY;-0.000193218815803036;224
8;USD/JPY;7.60356206792518E-05;225
8;USD/JPY;-0.000122733453099922;226
8;USD/JPY;-0.000280693593046323;227
8;USD/JPY;9.95505605632821E-05;228
8;USD/JPY;-0.000230545323772179;229
8;USD/JPY;-0.000571950436885761;230
8;USD/JPY;-0.00127463678229829;231
8;USD/JPY;-0.00103847571862392;232
8;USD/JPY;-0.00155157992400127;233
8;USD/JPY;-0.00115869613337062;234
8;USD/JPY;-0.000599078337843576;235
8;USD/JPY;-7.84498313427959E-06;236
8;USD/JPY;-0.000327719333702078;237
8;USD/JPY;0.000371358364257044;238
8;USD/JPY;0.000906354852371103;239
8;USD/JPY;0.00034087244148911;240
8;USD/JPY;-8.23909067785513E-05;241
8;USD/JPY;0.000153133351285147;242
8;USD/JPY;9.81277250128457E-05;243
8;USD/JPY;-0.00051152677386001;244
8;USD/JPY;-0.000162527606815598;245
8;USD/JPY;0.000307811511541424;246
8;USD/JPY;-3.92537856628995E-05;247
8;USD/JPY;-9.81277250127952E-05;248
8;USD/JPY;4.12057591411557E-05;249
8;USD/JPY;-0.000341149796464777;250
8;USD/JPY;-0.000551259072767583;251
8;USD/JPY;-0.000135484731241894;252
8;USD/JPY;-0.000430367599630411;253
8;USD/JPY;-0.000577654614616133;254
8;USD/JPY;-0.000959904278790308;255
8;USD/JPY;-0.000736069163166508;256
8;USD/JPY;-0.0010022912157552;257
8;USD/JPY;-0.000699601152829012;258
8;USD/JPY;-0.000200801253173436;259
8;USD/JPY;0.00023646953776014;260
8;USD/JPY;0.000663370111874541;261
8;USD/JPY;0.00102389638137489;262
8;USD/JPY;0.00177868047324934;263
8;USD/JPY;0.0013016188510813;264
8;USD/JPY;0.00111355253715193;265
8;USD/JPY;0.000680763229065631;266
8;USD/JPY;-1.99493199737333E-18;267
8;USD/JPY;-0.000774385503287611;268
8;USD/JPY;-0.00134495536916168;269
8;USD/JPY;-0.00128299398162824;270
8;USD/JPY;-0.00100528377209958;271
8;USD/JPY;-0.000597948931351627;272
8;USD/JPY;-0.00109512687326655;273
8;USD/JPY;-0.000429933801953541;274
8;USD/JPY;-0.000211017290451706;275
8;USD/JPY;-0.000474944919729993;276
8;USD/JPY;2.95460253746314E-05;277
8;USD/JPY;0.000534524990628061;278
8;USD/JPY;0.000725223978141011;279
8;USD/JPY;0.000604846121913611;280
8;USD/JPY;0.000587111558999166;281
8;USD/JPY;0.000194894373821494;282
8;USD/JPY;-0.00080924623627209;283
8;USD/JPY;-0.000873350919820268;284
8;USD/JPY;-0.000608792490761106;285
8;USD/JPY;-0.000606843208581068;286
8;USD/JPY;-0.000484633806877129;287
8;USD/JPY;0.000604283761937539;288
8;USD/JPY;0.000479533720604614;289
8;USD/JPY;0.000252410753070651;290
8;USD/JPY;0.000360781396351206;291
8;USD/JPY;0.000246403768619303;292
8;USD/JPY;0.00070662757606634;293
8;USD/JPY;0.000584539648624122;294
8;USD/JPY;0.000590342433419431;295
8;USD/JPY;0.000423039052707876;296
8;USD/JPY;0.0006490510873981;297
8;USD/JPY;7.85785156804781E-05;298
8;USD/JPY;0.00066120302925554;299
8;USD/JPY;0.000565094067691078;300
9;USD/JPY;-1;301
8;USD/JPY;0.00217577248820137;301
9;USD/JPY;-1;302
8;USD/JPY;0.00194627818287251;302
9;USD/JPY;-1;303
8;USD/JPY;0.00190975624599332;303
9;USD/JPY;-1;304
8;USD/JPY;0.00130810021270264;304
9;USD/JPY;-1;305
8;USD/JPY;0.000973390113696293;305
9;USD/JPY;-1;306
8;USD/JPY;-0.000574385729469717;306
9;USD/JPY;-1;307
8;USD/JPY;-0.000556935270558812;307
9;USD/JPY;-1;308
8;USD/JPY;-0.000504497401710146;308
9;USD/JPY;-1;309
8;USD/JPY;-0.000278474278820519;309
9;USD/JPY;-1;310
8;USD/JPY;4.28920972954863E-05;310
9;USD/JPY;-1;311
8;USD/JPY;-0.000879371396953354;311
9;USD/JPY;-1;312
8;USD/JPY;-0.000816782274992864;312
9;USD/JPY;-1;313
8;USD/JPY;-0.000946192078079769;313
9;USD/JPY;-1;314
