8;USD/CAD;-0.0286312027335629;5
8;USD/CAD;-0.000246281139385914;6
8;USD/CAD;0.000229047787125095;7
8;USD/CAD;-0.000123776306414969;8
8;USD/CAD;0.00182492892643511;9
8;USD/CAD;0.00264199204464818;10
8;USD/CAD;0.0036276509496475;11
8;USD/CAD;0.003064894447582;12
8;USD/CAD;0.00331720820372677;13
8;USD/CAD;0.00146021848558647;14
8;USD/CAD;0.00242058210443434;15
8;USD/CAD;0.00146144585497092;16
8;USD/CAD;0.000883158306041349;17
8;USD/CAD;0.000778967059188141;18
8;USD/CAD;0.00193234672117528;19
8;USD/CAD;0.000774212227642168;20
8;USD/CAD;0.000651806316836418;21
8;USD/CAD;0.001413394577936;22
8;USD/CAD;0.00094065184606218;23
8;USD/CAD;-0.000334483388067225;24
8;USD/CAD;0.000266527965546951;25
8;USD/CAD;0.000454639018096738;26
8;USD/CAD;3.28785139651869E-05;27
8;USD/CAD;0.000398395584910142;28
8;USD/CAD;0.000648352065623211;29
8;USD/CAD;0.000138600144147027;30
8;USD/CAD;0.00228847482473682;31
8;USD/CAD;0.00277690291498204;32
8;USD/CAD;0.00267671695724985;33
8;USD/CAD;0.00261578976891048;34
8;USD/CAD;0.00170637108277074;35
8;USD/CAD;-0.000541643676965957;36
8;USD/CAD;0.000234025535482732;37
8;USD/CAD;0.000237645180539592;38
8;USD/CAD;0.00072934430929752;39
8;USD/CAD;0.00145700123437166;40
8;USD/CAD;0.00192339450237766;41
8;USD/CAD;0.00118571218501135;42
8;USD/CAD;0.000874332067207875;43
8;USD/CAD;6.81278299806361E-05;44
8;USD/CAD;-0.000485088272300047;45
8;USD/CAD;-0.000816397238231553;46
8;USD/CAD;-0.00127028981548886;47
8;USD/CAD;-0.00099131902649787;48
8;USD/CAD;-0.0014355807083066;49
8;USD/CAD;-0.000614334646584372;50
8;USD/CAD;-0.000864881796104951;51
8;USD/CAD;-0.000594852266333757;52
8;USD/CAD;-0.000708782511878447;53
8;USD/CAD;-0.000142681055208687;54
8;USD/CAD;-0.000851653736763878;55
8;USD/CAD;-0.000681924699370821;56
8;USD/CAD;-0.000442779934069659;57
8;USD/CAD;-0.000220541071002051;58
8;USD/CAD;-0.00107972254736959;59
8;USD/CAD;-0.000466236622030264;60
8;USD/CAD;-0.000791555366366383;61
8;USD/CAD;-0.00105759403996731;62
8;USD/CAD;-0.00141761533021674;63
8;USD/CAD;-0.000587596327684812;64
8;USD/CAD;-0.000684084794734704;65
8;USD/CAD;-0.000384197060048039;66
8;USD/CAD;-0.000736172555994021;67
8;USD/CAD;-0.000423052884333311;68
8;USD/CAD;-0.000499813286273863;69
8;USD/CAD;-0.000386741459874868;70
8;USD/CAD;0.0018233651485637;71
8;USD/CAD;0.00214084454058294;72
8;USD/CAD;0.00261150033956988;73
8;USD/CAD;0.00276066596965697;74
8;USD/CAD;0.00270963110808184;75
8;USD/CAD;0.000697722295081462;76
8;USD/CAD;-0.00018250237299755;77
8;USD/CAD;-0.000738277981076764;78
8;USD/CAD;-0.000376843194211868;79
8;USD/CAD;-0.000310088761908749;80
8;USD/CAD;0.000363221260162378;81
8;USD/CAD;0.00132252734167691;82
8;USD/CAD;0.00113786772467029;83
8;USD/CAD;0.000734996909030301;84
8;USD/CAD;-7.0377739706034E-05;85
8;USD/CAD;-0.00125066860368976;86
8;USD/CAD;-0.00103890725467474;87
8;USD/CAD;-0.000756655408658944;88
8;USD/CAD;-0.000511329644852876;89
8;USD/CAD;0.00011187095436125;90
8;USD/CAD;-0.000572070341882565;91
8;USD/CAD;-0.000893771332650755;92
8;USD/CAD;-0.00172211704809544;93
8;USD/CAD;-0.0019437766503887;94
8;USD/CAD;6.85351519890718E-05;95
8;USD/CAD;0.00102891210407142;96
8;USD/CAD;0.00144180578347447;97
8;USD/CAD;0.00236365729344943;98
8;USD/CAD;0.00221220767554673;99
8;USD/CAD;0.000329722378231675;100
8;USD/CAD;0.00057633294269946;101
8;USD/CAD;0.00015296505494316;102
8;USD/CAD;-0.00075528586447426;103
8;USD/CAD;-0.000557080825850621;104
8;USD/CAD;-0.000225161351873167;105
8;USD/CAD;-0.000453723153516711;106
8;USD/CAD;-0.00100450614902145;107
8;USD/CAD;-0.000283743106504918;108
8;USD/CAD;0.000990493308151326;109
8;USD/CAD;0.000554341040433173;110
8;USD/CAD;0.00260563755315298;111
8;USD/CAD;0.00324414316580016;112
8;USD/CAD;0.00326657215942414;113
8;USD/CAD;0.00192903109371417;114
8;USD/CAD;0.00175900425691054;115
8;USD/CAD;-0.000263495266713318;116
8;USD/CAD;-0.000855684916252558;117
8;USD/CAD;-0.000770123065835576;118
8;USD/CAD;-0.00132096160320098;119
8;USD/CAD;-0.00107897866154201;120
8;USD/CAD;-0.00224482920672344;121
8;USD/CAD;-0.00172783764078474;122
8;USD/CAD;-0.00301436829068121;123
8;USD/CAD;-0.0024615806246492;124
8;USD/CAD;-0.002016291290395;125
8;USD/CAD;-0.000904672515858364;126
8;USD/CAD;-0.000841498239295039;127
8;USD/CAD;0.000412994993376332;128
8;USD/CAD;-3.98937377221608E-05;129
8;USD/CAD;-0.000440159758149831;130
8;USD/CAD;-0.000416693238156871;131
8;USD/CAD;-0.000391254856967742;132
8;USD/CAD;-0.000267987328807105;133
8;USD/CAD;0.00012328221138021;134
8;USD/CAD;-0.00087230836219213;135
8;USD/CAD;-0.000865141298131625;136
8;USD/CAD;-0.00101794341139317;137
8;USD/CAD;-0.00111928047849984;138
8;USD/CAD;-0.00197620167612598;139
8;USD/CAD;-0.000940164479849276;140
8;USD/CAD;-0.00177650470743914;141
8;USD/CAD;-0.00172410127398495;142
8;USD/CAD;-0.000819804230793216;143
8;USD/CAD;0.000120770740554329;144
8;USD/CAD;0.000750661819012039;145
8;USD/CAD;0.00168723322500687;146
8;USD/CAD;0.00151441655674669;147
8;USD/CAD;0.000675805901515121;148
8;USD/CAD;0.000865217470873834;149
8;USD/CAD;0.000273263906098065;150
8;USD/CAD;0.000656761268221388;151
8;USD/CAD;0.000857405526452688;152
8;USD/CAD;0.000748025023514081;153
8;USD/CAD;0.000496628007215016;154
8;USD/CAD;0.00060712969023438;155
8;USD/CAD;0.000181547523449674;156
8;USD/CAD;9.08042548310535E-05;157
8;USD/CAD;0.000183393796527312;158
8;USD/CAD;0.00035398078684294;159
8;USD/CAD;0.000148774432173704;160
8;USD/CAD;0.00017413071786164;161
8;USD/CAD;0.000295735923652695;162
8;USD/CAD;9.25409305986304E-05;163
8;USD/CAD;-9.97773172433501E-05;164
8;USD/CAD;6.70937096872968E-05;165
8;USD/CAD;7.61345415289691E-05;166
8;USD/CAD;-0.000123321337591282;167
8;USD/CAD;-5.01551924991794E-17;168
8;USD/CAD;-0.00131444077087294;169
8;USD/CAD;-0.00141554223912746;170
8;USD/CAD;-0.00129094878060614;171
8;USD/CAD;-0.00107137429071312;172
8;USD/CAD;-0.00112609734679;173
8;USD/CAD;0.000262850505124028;174
8;USD/CAD;0.000485105146325513;175
8;USD/CAD;0.00022970696659388;176
8;USD/CAD;-0.000122235452997433;177
8;USD/CAD;-8.21126688570853E-05;178
8;USD/CAD;-0.00131404833939663;179
8;USD/CAD;-0.00164609982730312;180
8;USD/CAD;-0.00145010989888357;181
8;USD/CAD;-0.00112184547169292;182
8;USD/CAD;-0.00234433977195281;183
8;USD/CAD;-0.00112690877799126;184
8;USD/CAD;0.000150540207766577;185
8;USD/CAD;3.30323717994057E-05;186
8;USD/CAD;-2.38594495173639E-05;187
8;USD/CAD;0.00125544605822089;188
8;USD/CAD;0.00140214575455675;189
8;USD/CAD;0.00012842034252464;190
8;USD/CAD;-0.000198276115707894;191
8;USD/CAD;-0.000143216501722316;192
8;USD/CAD;-0.000418832932242733;193
8;USD/CAD;-0.000569241182318421;194
8;USD/CAD;-0.000733102954450884;195
8;USD/CAD;-0.000433955322090882;196
8;USD/CAD;-0.000316173630428131;197
8;USD/CAD;-6.06932832826621E-05;198
8;USD/CAD;0.000591243785982083;199
8;USD/CAD;0.000824781311713243;200
8;USD/CAD;0.000877967760662953;201
8;USD/CAD;0.000802325429842594;202
8;USD/CAD;0.000354702891540417;203
8;USD/CAD;-0.000280714675811743;204
8;USD/CAD;-0.000730926499701839;205
8;USD/CAD;-0.000769390624524627;206
8;USD/CAD;-0.00107294029143316;207
8;USD/CAD;-0.000643708312359612;208
8;USD/CAD;-0.000676800925411981;209
8;USD/CAD;-0.000278011800428655;210
8;USD/CAD;5.51929684192943E-06;211
8;USD/CAD;0.000287171229132924;212
8;USD/CAD;-0.000355847374547252;213
8;USD/CAD;-0.000330034599453577;214
8;USD/CAD;-0.00022121245100372;215
8;USD/CAD;-0.000493659128665257;216
8;USD/CAD;0.000479539431148367;217
8;USD/CAD;0.00117942336781662;218
8;USD/CAD;0.00131138362341416;219
8;USD/CAD;0.00137308512652003;220
8;USD/CAD;0.00182487038035618;221
8;USD/CAD;0.000809480437675191;222
8;USD/CAD;0.000408688901896919;223
8;USD/CAD;0.000214373093800558;224
8;USD/CAD;0.000230678421442558;225
8;USD/CAD;-0.000157229837887354;226
8;USD/CAD;-0.000675561893667837;227
8;USD/CAD;-0.000333486105667923;228
8;USD/CAD;-0.000337237300628873;229
8;USD/CAD;-0.000593711496615389;230
8;USD/CAD;-0.00124206338883825;231
8;USD/CAD;-0.000683371963264765;232
8;USD/CAD;-0.000941152256497358;233
8;USD/CAD;-0.000860327073896813;234
8;USD/CAD;-0.000724365364150222;235
8;USD/CAD;-0.00016201786764698;236
8;USD/CAD;-0.000423686041420121;237
8;USD/CAD;-9.39905934559087E-05;238
8;USD/CAD;9.76162320174818E-05;239
8;USD/CAD;5.5247092973039E-05;240
8;USD/CAD;-0.000381628489032571;241
8;USD/CAD;-0.000171571690125657;242
8;USD/CAD;-0.00055563026354814;243
8;USD/CAD;-0.000811846679589075;244
8;USD/CAD;-0.00196138053340749;245
8;USD/CAD;-0.00157847289569356;246
8;USD/CAD;-0.00196788270690662;247
8;USD/CAD;-0.00164452630482824;248
8;USD/CAD;-0.00136354677919327;249
8;USD/CAD;-0.000217675452536062;250
8;USD/CAD;-0.000618474612885448;251
8;USD/CAD;-0.00013424571197456;252
8;USD/CAD;-0.000745032814839217;253
8;USD/CAD;-0.000953497880522501;254
8;USD/CAD;-0.00148725963983172;255
8;USD/CAD;-0.000989429730352699;256
8;USD/CAD;-0.000985357221183367;257
8;USD/CAD;-0.00036325176398103;258
8;USD/CAD;-0.00112728133866766;259
8;USD/CAD;-0.000542720789744868;260
8;USD/CAD;-9.37527833027654E-06;261
8;USD/CAD;-5.24890104147395E-05;262
8;USD/CAD;-0.00061190253544571;263
8;USD/CAD;9.77866390280342E-05;264
8;USD/CAD;0.000302527855948619;265
8;USD/CAD;-0.000255176265700821;266
8;USD/CAD;0.000296007697775709;267
8;USD/CAD;0.000831056006933508;268
8;USD/CAD;0.000683171025189542;269
8;USD/CAD;0.000382671122850114;270
8;USD/CAD;-1.8775023586614E-06;271
8;USD/CAD;-0.000639400521161129;272
8;USD/CAD;-0.000618742759223483;273
8;USD/CAD;-0.00046708174991114;274
8;USD/CAD;0.0010504500699987;275
8;USD/CAD;0.001421842402381;276
8;USD/CAD;0.00118903631296506;277
8;USD/CAD;0.00122251257038885;278
8;USD/CAD;0.00197528317042632;279
8;USD/CAD;0.000571500763513932;280
8;USD/CAD;0.000216131637735436;281
8;USD/CAD;0.000464329378784352;282
8;USD/CAD;0.000843714146740138;283
8;USD/CAD;0.000135702241039943;284
8;USD/CAD;-0.000372127747138526;285
8;USD/CAD;-1.86228409278368E-05;286
8;USD/CAD;1.30378703616299E-05;287
8;USD/CAD;-0.000398132259248592;288
8;USD/CAD;-0.000422280564090137;289
8;USD/CAD;4.39562665779936E-17;290
8;USD/CAD;-0.000178867556778713;291
8;USD/CAD;-0.000134144415212715;292
8;USD/CAD;8.37852317511223E-05;293
8;USD/CAD;8.75057614160411E-05;294
8;USD/CAD;0.00132533177313194;295
8;USD/CAD;0.00152084926956426;296
8;USD/CAD;0.00128186512979684;297
8;USD/CAD;0.00101195527487873;298
8;USD/CAD;0.00195237352273105;299
8;USD/CAD;0.000762623199806441;300
9;USD/CAD;-1;301
8;USD/CAD;0.00169655675232125;301
9;USD/CAD;-1;302
8;USD/CAD;0.0019845472603669;302
9;USD/CAD;-1;303
8;USD/CAD;0.0019958424670516;303
9;USD/CAD;-1;304
8;USD/CAD;0.00103694811305573;304
9;USD/CAD;-1;305
8;USD/CAD;0.00131710548526735;305
9;USD/CAD;-1;306
8;USD/CAD;0.000355536100812859;306
9;USD/CAD;-1;307
8;USD/CAD;-1.83363435625796E-05;307
9;USD/CAD;-1;308
8;USD/CAD;-1.28364408261419E-05;308
9;USD/CAD;-1;309
8;USD/CAD;0.00100970590993408;309
9;USD/CAD;-1;310
8;USD/CAD;0.000718264875691255;310
9;USD/CAD;-1;311
8;USD/CAD;-0.00010256410481182;311
9;USD/CAD;-1;312
8;USD/CAD;0.000214430062739454;312
9;USD/CAD;-1;313
8;USD/CAD;0.000454275049910385;313
9;USD/CAD;-1;314
