8;USD/CHF;-0.00537875046114901;5
8;USD/CHF;0.00300275527144357;6
8;USD/CHF;0.00270970017911364;7
8;USD/CHF;0.00101379485346436;8
8;USD/CHF;0.00223166985140347;9
8;USD/CHF;0.00110938017058804;10
8;USD/CHF;0.00133217123695462;11
8;USD/CHF;0.00175630126147654;12
8;USD/CHF;0.000739903110524854;13
8;USD/CHF;-0.000537391991546286;14
8;USD/CHF;-0.00164753581843028;15
8;USD/CHF;-0.00203817800102032;16
8;USD/CHF;-0.00273032735975406;17
8;USD/CHF;-0.00174702607100572;18
8;USD/CHF;-0.000917336474122835;19
8;USD/CHF;0.000281438930437169;20
8;USD/CHF;0.00149097001193657;21
8;USD/CHF;0.00218547564857055;22
8;USD/CHF;0.00115532272726684;23
8;USD/CHF;0.000504503177258924;24
8;USD/CHF;0.00169134666574164;25
8;USD/CHF;0.00058012456210394;26
8;USD/CHF;0.000252837585546072;27
8;USD/CHF;0.00140354545644722;28
8;USD/CHF;0.00117883945000959;29
8;USD/CHF;-1.9763605336867E-05;30
8;USD/CHF;1.75532907047458E-05;31
8;USD/CHF;0.000441150021661;32
8;USD/CHF;-0.00298408999902921;33
8;USD/CHF;-0.0027184519470081;34
8;USD/CHF;-0.00366120633231051;35
8;USD/CHF;-0.00392169427767526;36
8;USD/CHF;-0.00355898200858533;37
8;USD/CHF;-0.000222990323022237;38
8;USD/CHF;0.000462685113484428;39
8;USD/CHF;0.0012152669997295;40
8;USD/CHF;0.000123025307947437;41
8;USD/CHF;-0.000241171048506132;42
8;USD/CHF;0.00136082173990805;43
8;USD/CHF;0.000539188548749722;44
8;USD/CHF;0.00149498218305376;45
8;USD/CHF;0.00268979183456557;46
8;USD/CHF;0.00137168334415366;47
8;USD/CHF;-0.000272756042075315;48
8;USD/CHF;0.000279008016905224;49
8;USD/CHF;-0.000525845134508965;50
8;USD/CHF;-0.000625349229779038;51
8;USD/CHF;0.000611546735747444;52
8;USD/CHF;-0.000110982867093712;53
8;USD/CHF;-0.000682707996485589;54
8;USD/CHF;-0.00120269748103852;55
8;USD/CHF;-0.00108295502271873;56
8;USD/CHF;-0.0016305041769824;57
8;USD/CHF;-0.0009101596244931;58
8;USD/CHF;-0.000558091290937008;59
8;USD/CHF;-4.6744834630355E-05;60
8;USD/CHF;0.000357934966952619;61
8;USD/CHF;0.000912410341568442;62
8;USD/CHF;-0.000753060894290892;63
8;USD/CHF;-0.0010559533389725;64
8;USD/CHF;-0.00146574820115595;65
8;USD/CHF;-0.00200914727762552;66
8;USD/CHF;-0.00210704476596445;67
8;USD/CHF;-0.00036077430583388;68
8;USD/CHF;-0.00127094333476231;69
8;USD/CHF;-0.000901302342926043;70
8;USD/CHF;-0.000588698324159296;71
8;USD/CHF;-0.000539247402949788;72
8;USD/CHF;-0.000507528989276527;73
8;USD/CHF;0.000342107419592118;74
8;USD/CHF;-9.91437604800131E-05;75
8;USD/CHF;-0.000313029638440802;76
8;USD/CHF;-2.25002250259383E-05;77
8;USD/CHF;-0.000170963253313124;78
8;USD/CHF;-0.000551712063601646;79
8;USD/CHF;-9.69380010297522E-05;80
8;USD/CHF;0.000731138858737008;81
8;USD/CHF;0.000422581273681636;82
8;USD/CHF;-8.3285032970015E-05;83
8;USD/CHF;0.000322204579423878;84
8;USD/CHF;-0.00187811825257161;85
8;USD/CHF;-0.00245820471280659;86
8;USD/CHF;-0.00169117991540659;87
8;USD/CHF;-0.00122627033440849;88
8;USD/CHF;-0.000180190338220438;89
8;USD/CHF;0.00196153284118857;90
8;USD/CHF;0.00165042281806751;91
8;USD/CHF;0.000946568204461753;92
8;USD/CHF;-0.000671644115590425;93
8;USD/CHF;-0.00166541290653292;94
8;USD/CHF;-0.00213232023834903;95
8;USD/CHF;-0.00208737750991614;96
8;USD/CHF;-0.00220731280873467;97
8;USD/CHF;-0.000491546113665237;98
8;USD/CHF;-0.000525576644698068;99
8;USD/CHF;-7.7471689623687E-05;100
8;USD/CHF;-0.000863054446731424;101
8;USD/CHF;-0.00078544293473599;102
8;USD/CHF;-0.00070300446708983;103
8;USD/CHF;-0.000659490462755692;104
8;USD/CHF;-0.0011267249161892;105
8;USD/CHF;-0.000389363628164912;106
8;USD/CHF;-0.000189973749842492;107
8;USD/CHF;-0.000269988943999677;108
8;USD/CHF;-0.000409566609018079;109
8;USD/CHF;0.000132885803291818;110
8;USD/CHF;0.00204823540504532;111
8;USD/CHF;0.00192342043738187;112
8;USD/CHF;0.00228110790111921;113
8;USD/CHF;0.00235212447297214;114
8;USD/CHF;0.0021414456453599;115
8;USD/CHF;0.000206394856178043;116
8;USD/CHF;-0.000251907780600975;117
8;USD/CHF;-0.000621195960587285;118
8;USD/CHF;-0.00017437681213806;119
8;USD/CHF;0.000106472752853033;120
8;USD/CHF;0.000645026784510984;121
8;USD/CHF;0.00095601826746361;122
8;USD/CHF;0.00129462009660052;123
8;USD/CHF;0.000852320581851601;124
8;USD/CHF;0.000912882469763903;125
8;USD/CHF;0.00040631609555148;126
8;USD/CHF;-0.00015826541935318;127
8;USD/CHF;-0.000494677949340087;128
8;USD/CHF;-0.000748129139048524;129
8;USD/CHF;-0.000865327852496085;130
8;USD/CHF;-5.41278096200747E-05;131
8;USD/CHF;0.000530824840221432;132
8;USD/CHF;0.00149384738801443;133
8;USD/CHF;0.00172708361439417;134
8;USD/CHF;0.00197370022815079;135
8;USD/CHF;0.00111567516441875;136
8;USD/CHF;0.000256999900100636;137
8;USD/CHF;-0.000728631026063267;138
8;USD/CHF;-0.00161389357662358;139
8;USD/CHF;-0.00185373168799994;140
8;USD/CHF;-0.0027054294472206;141
8;USD/CHF;-0.00174460164351825;142
8;USD/CHF;-0.00257360035277661;143
8;USD/CHF;-0.00172972331070604;144
8;USD/CHF;-0.00145123190358917;145
8;USD/CHF;-0.000614824576181706;146
8;USD/CHF;-6.81814307941274E-06;147
8;USD/CHF;0.000919866374115121;148
8;USD/CHF;0.00091559400101662;149
8;USD/CHF;0.000687184247355156;150
8;USD/CHF;0.00106903472995715;151
8;USD/CHF;0.000338353842046775;152
8;USD/CHF;0.000564847169263163;153
8;USD/CHF;0.000635259685789375;154
8;USD/CHF;0.000591994897872967;155
8;USD/CHF;0.000369419855389788;156
8;USD/CHF;0.00079932627951277;157
8;USD/CHF;0.000540666207932359;158
8;USD/CHF;0.000414099905246483;159
8;USD/CHF;0.000386910774852233;160
8;USD/CHF;9.05694554670716E-06;161
8;USD/CHF;-0.000355113328048822;162
8;USD/CHF;-0.00086259239312852;163
8;USD/CHF;-0.000683838764156437;164
8;USD/CHF;-0.000858550280066998;165
8;USD/CHF;-0.000560037097093124;166
8;USD/CHF;-0.000737116896145487;167
8;USD/CHF;-0.000265638963100016;168
8;USD/CHF;0.0004191852349962;169
8;USD/CHF;0.000523723723424974;170
8;USD/CHF;-0.000179452681398009;171
8;USD/CHF;-2.0451175676431E-05;172
8;USD/CHF;-0.000259167517567385;173
8;USD/CHF;-0.00100297471310792;174
8;USD/CHF;-0.00131075019225504;175
8;USD/CHF;-0.000543883639212914;176
8;USD/CHF;-0.000543858886398466;177
8;USD/CHF;-0.000300508872600278;178
8;USD/CHF;-0.00111551801924648;179
8;USD/CHF;-0.000762679891198734;180
8;USD/CHF;-0.000353520182820049;181
8;USD/CHF;-0.00033524338645653;182
8;USD/CHF;0.000514232689037061;183
8;USD/CHF;0.00131333410053868;184
8;USD/CHF;0.00283728145094771;185
8;USD/CHF;0.00238719392228054;186
8;USD/CHF;0.00260101741247181;187
8;USD/CHF;0.00171964268348944;188
8;USD/CHF;0.00223733674772512;189
8;USD/CHF;0.000666547185137339;190
8;USD/CHF;0.000677817897089538;191
8;USD/CHF;0.000393884786628999;192
8;USD/CHF;0.000650055961950325;193
8;USD/CHF;0.000141532488172808;194
8;USD/CHF;0.000597102478372499;195
8;USD/CHF;0.000529843265331153;196
8;USD/CHF;0.000615157136633807;197
8;USD/CHF;0.000293967548198021;198
8;USD/CHF;0.000318642918133291;199
8;USD/CHF;-0.000143500981514559;200
8;USD/CHF;0.000246482060416414;201
8;USD/CHF;0.000262101215286731;202
8;USD/CHF;0.00054192079017979;203
8;USD/CHF;0.000568703784217709;204
8;USD/CHF;0.000890730504920885;205
8;USD/CHF;0.000588087742394024;206
8;USD/CHF;0.000328820514621045;207
8;USD/CHF;5.81356353175318E-05;208
8;USD/CHF;0.000460047547524289;209
8;USD/CHF;0.000229870973969305;210
8;USD/CHF;0.000537379984258212;211
8;USD/CHF;0.000765151983666635;212
8;USD/CHF;0.000731955783899406;213
8;USD/CHF;0.000316505136822126;214
8;USD/CHF;-0.000196378177633292;215
8;USD/CHF;-0.000588740766117563;216
8;USD/CHF;2.00375146970438E-05;217
8;USD/CHF;0.000169217933835461;218
8;USD/CHF;-0.000365585986613293;219
8;USD/CHF;0.000211990893082763;220
8;USD/CHF;0.000316886545059753;221
8;USD/CHF;-0.000325301142312923;222
8;USD/CHF;-0.00163581814081918;223
8;USD/CHF;-0.00101106343205568;224
8;USD/CHF;-0.000759743494943463;225
8;USD/CHF;-0.000822264841207253;226
8;USD/CHF;4.6822481693929E-05;227
8;USD/CHF;0.00127940313498539;228
8;USD/CHF;0.00165040102629927;229
8;USD/CHF;0.00138992477576977;230
8;USD/CHF;0.00144786715909385;231
8;USD/CHF;0.000534337016749241;232
8;USD/CHF;0.000285182799219734;233
8;USD/CHF;-0.000215854174754368;234
8;USD/CHF;0.00017778371560794;235
8;USD/CHF;0.000100003891123685;236
8;USD/CHF;-0.000532107648162186;237
8;USD/CHF;-0.000278494171558357;238
8;USD/CHF;0.000209181762398605;239
8;USD/CHF;-0.00026895915763665;240
8;USD/CHF;-0.000863903374967879;241
8;USD/CHF;-0.000178428060723715;242
8;USD/CHF;-0.000683394856075427;243
8;USD/CHF;-0.00118230022182696;244
8;USD/CHF;-0.000889469958477808;245
8;USD/CHF;-0.000138392862664936;246
8;USD/CHF;-0.000457949814456869;247
8;USD/CHF;0.000114061428523874;248
8;USD/CHF;4.47467334902052E-06;249
8;USD/CHF;-0.000297371226549627;250
8;USD/CHF;-0.000693404412111861;251
8;USD/CHF;-0.000329030274482584;252
8;USD/CHF;-0.000259528187391465;253
8;USD/CHF;-9.17508198138064E-05;254
8;USD/CHF;-0.000658920102496834;255
8;USD/CHF;-0.000336383287048172;256
8;USD/CHF;-0.00135538879128879;257
8;USD/CHF;-0.00145826138542795;258
8;USD/CHF;-0.00137682964532451;259
8;USD/CHF;-0.000771493953051386;260
8;USD/CHF;-0.000483138159590186;261
8;USD/CHF;0.000549556084015988;262
8;USD/CHF;0.00143587249029652;263
8;USD/CHF;0.00134101302631758;264
8;USD/CHF;0.00163616158571399;265
8;USD/CHF;0.00133197788011715;266
8;USD/CHF;0.000888700841741608;267
8;USD/CHF;4.47797953579293E-06;268
8;USD/CHF;-0.00010076864293076;269
8;USD/CHF;-0.000485635396805561;270
8;USD/CHF;-0.000853328655302991;271
8;USD/CHF;-0.000538135015291162;272
8;USD/CHF;-0.00017471553839348;273
8;USD/CHF;-4.92831543712116E-05;274
8;USD/CHF;-8.51636050519389E-05;275
8;USD/CHF;0.000318464262493604;276
8;USD/CHF;0.000213184946888672;277
8;USD/CHF;-0.000177111193679376;278
8;USD/CHF;0.000673231866024582;279
8;USD/CHF;0.000736138124028515;280
8;USD/CHF;0.00125544922464196;281
8;USD/CHF;0.00139689564287862;282
8;USD/CHF;0.00129667344432003;283
8;USD/CHF;0.000479496201351434;284
8;USD/CHF;0.000533068973261233;285
8;USD/CHF;-4.00881941610613E-05;286
8;USD/CHF;8.90878517725576E-06;287
8;USD/CHF;0.000175967134456128;288
8;USD/CHF;0.000966641697277781;289
8;USD/CHF;0.000939996508167086;290
8;USD/CHF;0.00100866687913537;291
8;USD/CHF;0.000937654474868828;292
8;USD/CHF;0.000928498524519498;293
8;USD/CHF;7.09251304032684E-05;294
8;USD/CHF;0.000555694283048808;295
8;USD/CHF;0.000515695228919757;296
8;USD/CHF;0.000391976784034992;297
8;USD/CHF;0.000338782346972912;298
8;USD/CHF;0.000955035638863371;299
8;USD/CHF;0.000490207148056089;300
9;USD/CHF;-1;301
8;USD/CHF;0.000866819110107703;301
9;USD/CHF;-1;302
8;USD/CHF;0.00106794013812525;302
9;USD/CHF;-1;303
8;USD/CHF;0.00105033450431106;303
9;USD/CHF;-1;304
8;USD/CHF;0.000387784900934844;304
9;USD/CHF;-1;305
8;USD/CHF;-0.000183135041783118;305
9;USD/CHF;-1;306
8;USD/CHF;-0.000588498267339264;306
9;USD/CHF;-1;307
8;USD/CHF;-0.000469279497064947;307
9;USD/CHF;-1;308
8;USD/CHF;-0.00045608546576557;308
9;USD/CHF;-1;309
8;USD/CHF;0.000195809904040256;309
9;USD/CHF;-1;310
8;USD/CHF;0.000720538869259186;310
9;USD/CHF;-1;311
8;USD/CHF;0.000324218885618753;311
9;USD/CHF;-1;312
8;USD/CHF;0.000244691493325188;312
9;USD/CHF;-1;313
8;USD/CHF;0.000493495585311907;313
9;USD/CHF;-1;314
