5;AUD/JPY;0;-109
12;AUD/JPY;0;-109
8;AUD/JPY;0.795843199358947;0
5;AUD/JPY;0;-108
12;AUD/JPY;0;-108
8;AUD/JPY;0.596433827570081;1
5;AUD/JPY;0;-107
12;AUD/JPY;0;-107
8;AUD/JPY;0.395751356792576;2
5;AUD/JPY;0;-106
12;AUD/JPY;0;-106
8;AUD/JPY;0.195092271852577;3
5;AUD/JPY;0;-105
12;AUD/JPY;0;-105
8;AUD/JPY;-0.00390071865984465;4
5;AUD/JPY;95.627;-104
12;AUD/JPY;0;-104
8;AUD/JPY;-0.000881718636531212;5
5;AUD/JPY;0;-103
12;AUD/JPY;0;-103
8;AUD/JPY;-0.00121941830912853;6
5;AUD/JPY;0;-102
12;AUD/JPY;0;-102
8;AUD/JPY;-0.000877832951254019;7
5;AUD/JPY;0;-101
12;AUD/JPY;0;-101
8;AUD/JPY;0.00061421626081906;8
5;AUD/JPY;0;-100
12;AUD/JPY;0;-100
8;AUD/JPY;2.13263951465677E-06;9
5;AUD/JPY;0;-99
12;AUD/JPY;0;-99
8;AUD/JPY;0.00124440474584373;10
5;AUD/JPY;0;-98
12;AUD/JPY;0;-98
8;AUD/JPY;0.00118747946130781;11
5;AUD/JPY;0;-97
12;AUD/JPY;0;-97
8;AUD/JPY;0.00179861937620603;12
5;AUD/JPY;0;-96
12;AUD/JPY;0;-96
8;AUD/JPY;-0.000374297633001573;13
5;AUD/JPY;0;-95
12;AUD/JPY;0;-95
8;AUD/JPY;-0.000589473211666046;14
5;AUD/JPY;0;-94
12;AUD/JPY;0;-94
8;AUD/JPY;-0.00041180595664719;15
5;AUD/JPY;0;-93
12;AUD/JPY;0;-93
8;AUD/JPY;-0.000533066405108648;16
5;AUD/JPY;0;-92
12;AUD/JPY;0;-92
8;AUD/JPY;-0.00124791752669075;17
5;AUD/JPY;0;-91
12;AUD/JPY;0;-91
8;AUD/JPY;7.70556201271404E-05;18
5;AUD/JPY;0;-90
12;AUD/JPY;0;-90
8;AUD/JPY;-0.000316811402954581;19
5;AUD/JPY;0;-89
12;AUD/JPY;0;-89
8;AUD/JPY;-0.00106866804927221;20
5;AUD/JPY;0;-88
12;AUD/JPY;0;-88
8;AUD/JPY;-0.00107900069033187;21
5;AUD/JPY;0;-87
12;AUD/JPY;0;-87
8;AUD/JPY;-0.000334097265707547;22
5;AUD/JPY;0;-86
12;AUD/JPY;0;-86
8;AUD/JPY;-0.000522848104062023;23
5;AUD/JPY;0;-85
12;AUD/JPY;0;-85
8;AUD/JPY;3.64160210076595E-05;24
5;AUD/JPY;0;-84
12;AUD/JPY;0;-84
8;AUD/JPY;0.000957569991699582;25
5;AUD/JPY;0;-83
12;AUD/JPY;0;-83
8;AUD/JPY;0.00105978377943548;26
5;AUD/JPY;0;-82
12;AUD/JPY;0;-82
8;AUD/JPY;0.00047741661192985;27
5;AUD/JPY;0;-81
12;AUD/JPY;0;-81
8;AUD/JPY;0.000839320783454147;28
5;AUD/JPY;0;-80
12;AUD/JPY;0;-80
8;AUD/JPY;-2.57047382754285E-05;29
5;AUD/JPY;0;-79
12;AUD/JPY;0;-79
8;AUD/JPY;-0.000858816219338612;30
5;AUD/JPY;0;-78
12;AUD/JPY;0;-78
8;AUD/JPY;-0.00116929340452432;31
5;AUD/JPY;0;-77
12;AUD/JPY;0;-77
8;AUD/JPY;-0.000878641877775373;32
5;AUD/JPY;0;-76
12;AUD/JPY;0;-76
8;AUD/JPY;-0.000873653705591949;33
5;AUD/JPY;0;-75
12;AUD/JPY;0;-75
8;AUD/JPY;-0.000581380167293148;34
5;AUD/JPY;0;-74
12;AUD/JPY;0;-74
8;AUD/JPY;-0.000182518009478339;35
5;AUD/JPY;0;-73
12;AUD/JPY;0;-73
8;AUD/JPY;0.000285458310921019;36
5;AUD/JPY;0;-72
12;AUD/JPY;0;-72
8;AUD/JPY;0.000538358333142332;37
5;AUD/JPY;0;-71
12;AUD/JPY;0;-71
8;AUD/JPY;0.000420172725417786;38
5;AUD/JPY;0;-70
12;AUD/JPY;0;-70
8;AUD/JPY;0.000585664519767036;39
5;AUD/JPY;0;-69
12;AUD/JPY;0;-69
8;AUD/JPY;0.000617741233041637;40
5;AUD/JPY;0;-68
12;AUD/JPY;0;-68
8;AUD/JPY;0.000633847079708944;41
5;AUD/JPY;0;-67
12;AUD/JPY;0;-67
8;AUD/JPY;0.000605260665012425;42
5;AUD/JPY;0;-66
12;AUD/JPY;0;-66
8;AUD/JPY;2.14137347899236E-05;43
5;AUD/JPY;0;-65
12;AUD/JPY;0;-65
8;AUD/JPY;0.00010065587148608;44
5;AUD/JPY;0;-64
12;AUD/JPY;0;-64
8;AUD/JPY;0.00058808162168725;45
5;AUD/JPY;0;-63
12;AUD/JPY;0;-63
8;AUD/JPY;9.19122574756292E-05;46
5;AUD/JPY;0;-62
12;AUD/JPY;0;-62
8;AUD/JPY;-0.000924669077176234;47
5;AUD/JPY;0;-61
12;AUD/JPY;0;-61
8;AUD/JPY;-0.000237821073042677;48
5;AUD/JPY;0;-60
12;AUD/JPY;0;-60
8;AUD/JPY;0.000194743024166119;49
5;AUD/JPY;0;-59
12;AUD/JPY;0;-59
8;AUD/JPY;-0.000645913876423679;50
5;AUD/JPY;0;-58
12;AUD/JPY;0;-58
8;AUD/JPY;-0.000888828478948179;51
5;AUD/JPY;0;-57
12;AUD/JPY;0;-57
8;AUD/JPY;-6.00800356415972E-05;52
5;AUD/JPY;0;-56
12;AUD/JPY;0;-56
8;AUD/JPY;8.35909841074622E-05;53
5;AUD/JPY;0;-55
12;AUD/JPY;0;-55
8;AUD/JPY;-0.000314679204580626;54
5;AUD/JPY;0;-54
12;AUD/JPY;0;-54
8;AUD/JPY;-0.000486881785604269;55
5;AUD/JPY;0;-53
12;AUD/JPY;0;-53
8;AUD/JPY;-0.000440521712617828;56
5;AUD/JPY;0;-52
12;AUD/JPY;0;-52
8;AUD/JPY;-0.000433970136110992;57
5;AUD/JPY;0;-51
12;AUD/JPY;0;-51
8;AUD/JPY;-0.00020797043119658;58
5;AUD/JPY;0;-50
12;AUD/JPY;0;-50
8;AUD/JPY;-0.000381704059420749;59
5;AUD/JPY;0;-49
12;AUD/JPY;0;-49
8;AUD/JPY;-6.44250334263686E-06;60
5;AUD/JPY;0;-48
12;AUD/JPY;0;-48
8;AUD/JPY;-0.00123431873278581;61
5;AUD/JPY;0;-47
12;AUD/JPY;0;-47
8;AUD/JPY;-0.00162173264205117;62
5;AUD/JPY;0;-46
12;AUD/JPY;0;-46
8;AUD/JPY;-0.00265173394377378;63
5;AUD/JPY;0;-45
12;AUD/JPY;0;-45
8;AUD/JPY;-0.00300168907629708;64
5;AUD/JPY;0;-44
12;AUD/JPY;0;-44
8;AUD/JPY;-0.00253070819817639;65
5;AUD/JPY;0;-43
12;AUD/JPY;0;-43
8;AUD/JPY;-0.000900320971069061;66
5;AUD/JPY;0;-42
12;AUD/JPY;0;-42
8;AUD/JPY;-0.000521048469954501;67
5;AUD/JPY;0;-41
12;AUD/JPY;0;-41
8;AUD/JPY;-0.000134819249465071;68
5;AUD/JPY;0;-40
12;AUD/JPY;0;-40
8;AUD/JPY;8.71545140733185E-06;69
5;AUD/JPY;0;-39
12;AUD/JPY;0;-39
8;AUD/JPY;-0.000780127378324477;70
5;AUD/JPY;0;-38
12;AUD/JPY;0;-38
8;AUD/JPY;-0.00112293084817901;71
5;AUD/JPY;0;-37
12;AUD/JPY;0;-37
8;AUD/JPY;-0.00119265358305889;72
5;AUD/JPY;0;-36
12;AUD/JPY;0;-36
8;AUD/JPY;-0.00146493611396184;73
5;AUD/JPY;0;-35
12;AUD/JPY;0;-35
8;AUD/JPY;-0.000252902415559859;74
5;AUD/JPY;0;-34
12;AUD/JPY;0;-34
8;AUD/JPY;0.000392623175245895;75
5;AUD/JPY;0;-33
12;AUD/JPY;0;-33
8;AUD/JPY;0.000201064346592232;76
5;AUD/JPY;0;-32
12;AUD/JPY;0;-32
8;AUD/JPY;0.000493622476683387;77
5;AUD/JPY;0;-31
12;AUD/JPY;0;-31
8;AUD/JPY;0.00110352039853702;78
5;AUD/JPY;0;-30
12;AUD/JPY;0;-30
8;AUD/JPY;0.00124831861046738;79
5;AUD/JPY;0;-29
12;AUD/JPY;0;-29
8;AUD/JPY;0.000776429729097004;80
5;AUD/JPY;0;-28
12;AUD/JPY;0;-28
8;AUD/JPY;0.000778308653576008;81
5;AUD/JPY;0;-27
12;AUD/JPY;0;-27
8;AUD/JPY;0.000261606080399057;82
5;AUD/JPY;0;-26
12;AUD/JPY;0;-26
8;AUD/JPY;8.71649596997298E-06;83
5;AUD/JPY;0;-25
12;AUD/JPY;0;-25
8;AUD/JPY;-0.0011261878613475;84
5;AUD/JPY;0;-24
12;AUD/JPY;0;-24
8;AUD/JPY;0.000238629859207737;85
5;AUD/JPY;0;-23
12;AUD/JPY;0;-23
8;AUD/JPY;0.00154111186661851;86
5;AUD/JPY;0;-22
12;AUD/JPY;0;-22
8;AUD/JPY;0.00163165251834245;87
5;AUD/JPY;0;-21
12;AUD/JPY;0;-21
8;AUD/JPY;0.0012317356494216;88
5;AUD/JPY;0;-20
12;AUD/JPY;0;-20
8;AUD/JPY;0.00135369821864201;89
5;AUD/JPY;0;-19
12;AUD/JPY;0;-19
8;AUD/JPY;0.000647204222891504;90
5;AUD/JPY;0;-18
12;AUD/JPY;0;-18
8;AUD/JPY;-0.0016891278068544;91
5;AUD/JPY;0;-17
12;AUD/JPY;0;-17
8;AUD/JPY;-0.00193689289983859;92
5;AUD/JPY;0;-16
12;AUD/JPY;0;-16
8;AUD/JPY;-0.00214685914397448;93
5;AUD/JPY;0;-15
12;AUD/JPY;0;-15
8;AUD/JPY;-0.00288571932286122;94
5;AUD/JPY;0;-14
12;AUD/JPY;0;-14
8;AUD/JPY;-0.00473651105331433;95
5;AUD/JPY;0;-13
12;AUD/JPY;0;-13
8;AUD/JPY;-0.00286424106871085;96
5;AUD/JPY;0;-12
12;AUD/JPY;0;-12
8;AUD/JPY;-0.00223806791805311;97
5;AUD/JPY;0;-11
12;AUD/JPY;0;-11
8;AUD/JPY;-0.00311510097485838;98
5;AUD/JPY;0;-10
12;AUD/JPY;0;-10
8;AUD/JPY;-0.00464752124855926;99
5;AUD/JPY;0;-9
12;AUD/JPY;0;-9
8;AUD/JPY;-0.00251628864758595;100
5;AUD/JPY;0;-8
12;AUD/JPY;0;-8
8;AUD/JPY;-0.00313010763389938;101
5;AUD/JPY;0;-7
12;AUD/JPY;0;-7
8;AUD/JPY;-0.00417608492463778;102
5;AUD/JPY;0;-6
12;AUD/JPY;0;-6
8;AUD/JPY;-0.00113046929924559;103
5;AUD/JPY;0;-5
12;AUD/JPY;0;-5
8;AUD/JPY;0.00152327073131115;104
5;AUD/JPY;0;-4
12;AUD/JPY;0;-4
8;AUD/JPY;0.00135560429431515;105
5;AUD/JPY;0;-3
12;AUD/JPY;0;-3
8;AUD/JPY;0.00103840534048504;106
5;AUD/JPY;0;-2
12;AUD/JPY;0;-2
8;AUD/JPY;0.00254324193549521;107
5;AUD/JPY;0;-1
12;AUD/JPY;0;-1
8;AUD/JPY;0.000435552402110802;108
5;AUD/JPY;0;0
12;AUD/JPY;0;0
8;AUD/JPY;0.00143643955069072;109
5;AUD/JPY;0;1
12;AUD/JPY;0;1
8;AUD/JPY;0.00096585829759307;110
5;AUD/JPY;0;2
12;AUD/JPY;0;2
8;AUD/JPY;0.00257487158793839;111
5;AUD/JPY;0;3
12;AUD/JPY;0;3
8;AUD/JPY;0.000586432513987027;112
5;AUD/JPY;0;4
12;AUD/JPY;0;4
8;AUD/JPY;0.00128769411287735;113
5;AUD/JPY;0;5
12;AUD/JPY;0;5
8;AUD/JPY;0.0009504565703316;114
5;AUD/JPY;0;6
12;AUD/JPY;0;6
8;AUD/JPY;0.00124978325783393;115
5;AUD/JPY;0;7
12;AUD/JPY;0;7
8;AUD/JPY;-0.000288878770777267;116
5;AUD/JPY;0;8
12;AUD/JPY;0;8
8;AUD/JPY;-0.000655406855103514;117
5;AUD/JPY;0;9
12;AUD/JPY;0;9
8;AUD/JPY;-0.00164947093722096;118
5;AUD/JPY;0;10
12;AUD/JPY;0;10
8;AUD/JPY;-0.00332188490629009;119
5;AUD/JPY;0;11
12;AUD/JPY;0;11
8;AUD/JPY;-0.00310345126455602;120
5;AUD/JPY;0;12
12;AUD/JPY;0;12
8;AUD/JPY;-0.00277766811227697;121
5;AUD/JPY;94.069;13
12;AUD/JPY;94.069;13
8;AUD/JPY;-0.00110459915597238;122
5;AUD/JPY;0;14
12;AUD/JPY;0;14
8;AUD/JPY;0.00097440978514416;123
5;AUD/JPY;0;15
12;AUD/JPY;0;15
8;AUD/JPY;0.00171230291068732;124
5;AUD/JPY;0;16
12;AUD/JPY;0;16
8;AUD/JPY;0.00165865198001284;125
5;AUD/JPY;0;17
12;AUD/JPY;0;17
8;AUD/JPY;0.00216988246896437;126
5;AUD/JPY;0;18
12;AUD/JPY;0;18
8;AUD/JPY;0.00155139756571425;127
5;AUD/JPY;0;19
12;AUD/JPY;0;19
8;AUD/JPY;-7.34169479030455E-05;128
5;AUD/JPY;0;20
12;AUD/JPY;0;20
8;AUD/JPY;-0.00212526651912001;129
5;AUD/JPY;92.991;21
12;AUD/JPY;92.991;21
8;AUD/JPY;-0.00274363749191163;130
5;AUD/JPY;0;22
12;AUD/JPY;0;22
8;AUD/JPY;-0.00193730350009386;131
5;AUD/JPY;0;23
12;AUD/JPY;0;23
8;AUD/JPY;-0.00127635126204433;132
5;AUD/JPY;0;24
12;AUD/JPY;0;24
8;AUD/JPY;-0.000648573318290762;133
5;AUD/JPY;0;25
12;AUD/JPY;0;25
8;AUD/JPY;0.00103304973069796;134
5;AUD/JPY;0;26
12;AUD/JPY;0;26
8;AUD/JPY;0.0013709423990032;135
5;AUD/JPY;0;27
12;AUD/JPY;0;27
8;AUD/JPY;-0.000608855732789335;136
5;AUD/JPY;93.822;28
12;AUD/JPY;93.822;28
8;AUD/JPY;-0.00274497789686995;137
5;AUD/JPY;0;29
12;AUD/JPY;0;29
8;AUD/JPY;-0.00241885454558113;138
5;AUD/JPY;0;30
12;AUD/JPY;0;30
8;AUD/JPY;0.000109490480973337;139
5;AUD/JPY;0;31
12;AUD/JPY;0;31
8;AUD/JPY;0.000808739036380655;140
5;AUD/JPY;0;32
12;AUD/JPY;0;32
8;AUD/JPY;0.0021229349268005;141
5;AUD/JPY;0;33
12;AUD/JPY;0;33
8;AUD/JPY;0.0042853819634447;142
5;AUD/JPY;0;34
12;AUD/JPY;0;34
8;AUD/JPY;0.0050226594674884;143
5;AUD/JPY;92.933;35
12;AUD/JPY;92.933;35
8;AUD/JPY;0.00242244192472653;144
5;AUD/JPY;0;36
12;AUD/JPY;0;36
8;AUD/JPY;0.000364310964528233;145
5;AUD/JPY;0;37
12;AUD/JPY;0;37
8;AUD/JPY;-0.00033744790884284;146
5;AUD/JPY;0;38
12;AUD/JPY;0;38
8;AUD/JPY;0.000361120901881445;147
5;AUD/JPY;0;39
12;AUD/JPY;0;39
8;AUD/JPY;-0.00116685413856924;148
5;AUD/JPY;0;40
12;AUD/JPY;0;40
8;AUD/JPY;-0.000835988478337934;149
5;AUD/JPY;0;41
12;AUD/JPY;0;41
8;AUD/JPY;0.00101390458887209;150
5;AUD/JPY;0;42
12;AUD/JPY;0;42
8;AUD/JPY;0.00213714317585301;151
5;AUD/JPY;0;43
12;AUD/JPY;0;43
8;AUD/JPY;0.00125551352560482;152
5;AUD/JPY;0;44
12;AUD/JPY;0;44
8;AUD/JPY;0.00160487398051355;153
5;AUD/JPY;0;45
12;AUD/JPY;0;45
8;AUD/JPY;0.00226103161761429;154
5;AUD/JPY;93.854;46
12;AUD/JPY;93.854;46
8;AUD/JPY;0.00210212640151186;155
5;AUD/JPY;0;47
12;AUD/JPY;0;47
8;AUD/JPY;0.000671553982141822;156
5;AUD/JPY;0;48
12;AUD/JPY;0;48
8;AUD/JPY;0.000625909863802898;157
5;AUD/JPY;0;49
12;AUD/JPY;0;49
8;AUD/JPY;0.000763686368504877;158
5;AUD/JPY;0;50
12;AUD/JPY;0;50
8;AUD/JPY;0.000186175905856216;159
5;AUD/JPY;0;51
12;AUD/JPY;0;51
8;AUD/JPY;-7.64922834075042E-05;160
5;AUD/JPY;0;52
12;AUD/JPY;0;52
8;AUD/JPY;0.000826465526593312;161
5;AUD/JPY;0;53
12;AUD/JPY;0;53
8;AUD/JPY;0.0010170347530645;162
5;AUD/JPY;0;54
12;AUD/JPY;0;54
8;AUD/JPY;0.00051187847865973;163
5;AUD/JPY;0;55
12;AUD/JPY;0;55
8;AUD/JPY;-0.0001138752658655;164
5;AUD/JPY;0;56
12;AUD/JPY;0;56
8;AUD/JPY;-0.000773119224622103;165
5;AUD/JPY;0;57
12;AUD/JPY;0;57
8;AUD/JPY;-0.000990853601274661;166
5;AUD/JPY;0;58
12;AUD/JPY;0;58
8;AUD/JPY;-0.000635861105148752;167
5;AUD/JPY;0;59
12;AUD/JPY;0;59
8;AUD/JPY;-0.000400203515583536;168
5;AUD/JPY;0;60
12;AUD/JPY;0;60
8;AUD/JPY;0.0016470514498217;169
5;AUD/JPY;0;61
12;AUD/JPY;0;61
8;AUD/JPY;0.00232563296755401;170
5;AUD/JPY;0;62
12;AUD/JPY;0;62
8;AUD/JPY;0.00249939243458508;171
5;AUD/JPY;0;63
12;AUD/JPY;0;63
8;AUD/JPY;0.00236060895625372;172
5;AUD/JPY;0;64
12;AUD/JPY;0;64
8;AUD/JPY;0.00299836146231718;173
5;AUD/JPY;0;65
12;AUD/JPY;0;65
8;AUD/JPY;0.000884448824339715;174
5;AUD/JPY;0;66
12;AUD/JPY;0;66
8;AUD/JPY;0.00148027968960091;175
5;AUD/JPY;0;67
12;AUD/JPY;0;67
8;AUD/JPY;0.00102598111480016;176
5;AUD/JPY;0;68
12;AUD/JPY;0;68
8;AUD/JPY;-0.000138472695039026;177
5;AUD/JPY;0;69
12;AUD/JPY;0;69
8;AUD/JPY;-0.000274065764710041;178
5;AUD/JPY;0;70
12;AUD/JPY;0;70
8;AUD/JPY;0.000157835286538484;179
5;AUD/JPY;0;71
12;AUD/JPY;0;71
8;AUD/JPY;-0.000958230405066904;180
5;AUD/JPY;0;72
12;AUD/JPY;0;72
8;AUD/JPY;-0.00319892156009602;181
5;AUD/JPY;91.05;73
12;AUD/JPY;91.05;73
8;AUD/JPY;-0.00210617583766437;182
5;AUD/JPY;0;74
12;AUD/JPY;0;74
8;AUD/JPY;-0.00284035134187954;183
5;AUD/JPY;0;75
12;AUD/JPY;0;75
8;AUD/JPY;-0.00170165765098343;184
5;AUD/JPY;0;76
12;AUD/JPY;0;76
8;AUD/JPY;-0.00112376909172887;185
5;AUD/JPY;0;77
12;AUD/JPY;0;77
8;AUD/JPY;0.000897729338481701;186
5;AUD/JPY;0;78
12;AUD/JPY;0;78
8;AUD/JPY;0.000266672535082477;187
5;AUD/JPY;92.433;79
12;AUD/JPY;0;79
8;AUD/JPY;0.00062109813614509;188
5;AUD/JPY;0;80
12;AUD/JPY;0;80
8;AUD/JPY;0.000348454908799794;189
5;AUD/JPY;0;81
12;AUD/JPY;0;81
8;AUD/JPY;-0.000152346137774659;190
5;AUD/JPY;0;82
12;AUD/JPY;0;82
8;AUD/JPY;0.000583217683480715;191
