5;AUD/USD;0;-109
12;AUD/USD;0;-109
8;AUD/USD;0.8;0
5;AUD/USD;0;-108
12;AUD/USD;0;-108
8;AUD/USD;0.629177866469811;1
5;AUD/USD;0;-107
12;AUD/USD;0;-107
8;AUD/USD;0.429862679461016;2
5;AUD/USD;0;-106
12;AUD/USD;0;-106
8;AUD/USD;0.229013612046241;3
5;AUD/USD;0;-105
12;AUD/USD;0;-105
8;AUD/USD;0.0282987738994771;4
5;AUD/USD;0.76852;-104
12;AUD/USD;0;-104
8;AUD/USD;0.0300262383317171;5
5;AUD/USD;0;-103
12;AUD/USD;0;-103
8;AUD/USD;0.00031912270518793;6
5;AUD/USD;0;-102
12;AUD/USD;0;-102
8;AUD/USD;-0.000392638713505155;7
5;AUD/USD;0;-101
12;AUD/USD;0;-101
8;AUD/USD;0.00122303952062464;8
5;AUD/USD;0;-100
12;AUD/USD;0;-100
8;AUD/USD;0.00257671311862934;9
5;AUD/USD;0;-99
12;AUD/USD;0;-99
8;AUD/USD;0.00113895524207087;10
5;AUD/USD;0;-98
12;AUD/USD;0;-98
8;AUD/USD;0.00167933858240601;11
5;AUD/USD;0;-97
12;AUD/USD;0;-97
8;AUD/USD;0.00153475181517316;12
5;AUD/USD;0;-96
12;AUD/USD;0;-96
8;AUD/USD;0.000558534768721434;13
5;AUD/USD;0;-95
12;AUD/USD;0;-95
8;AUD/USD;-0.000453228890257297;14
5;AUD/USD;0;-94
12;AUD/USD;0;-94
8;AUD/USD;-0.00050614592637146;15
5;AUD/USD;0;-93
12;AUD/USD;0;-93
8;AUD/USD;-0.000675853405396657;16
5;AUD/USD;0;-92
12;AUD/USD;0;-92
8;AUD/USD;-0.000287707257349422;17
5;AUD/USD;0;-91
12;AUD/USD;0;-91
8;AUD/USD;-1.78489753690778E-05;18
5;AUD/USD;0;-90
12;AUD/USD;0;-90
8;AUD/USD;0.000433156742018794;19
5;AUD/USD;0;-89
12;AUD/USD;0;-89
8;AUD/USD;-0.000641767982651229;20
5;AUD/USD;0;-88
12;AUD/USD;0;-88
8;AUD/USD;-0.000597452880254145;21
5;AUD/USD;0;-87
12;AUD/USD;0;-87
8;AUD/USD;-0.000874579901618768;22
5;AUD/USD;0;-86
12;AUD/USD;0;-86
8;AUD/USD;-0.00107386411889349;23
5;AUD/USD;0;-85
12;AUD/USD;0;-85
8;AUD/USD;-0.00103532747231797;24
5;AUD/USD;0;-84
12;AUD/USD;0;-84
8;AUD/USD;-0.000289132373220164;25
5;AUD/USD;0;-83
12;AUD/USD;0;-83
8;AUD/USD;-8.51760130327315E-05;26
5;AUD/USD;0;-82
12;AUD/USD;0;-82
8;AUD/USD;-0.000154735415777006;27
5;AUD/USD;0;-81
12;AUD/USD;0;-81
8;AUD/USD;0.00017489574638018;28
5;AUD/USD;0;-80
12;AUD/USD;0;-80
8;AUD/USD;0.000197192267215384;29
5;AUD/USD;0;-79
12;AUD/USD;0;-79
8;AUD/USD;-0.00020645858075408;30
5;AUD/USD;0;-78
12;AUD/USD;0;-78
8;AUD/USD;-0.000718714276270643;31
5;AUD/USD;0;-77
12;AUD/USD;0;-77
8;AUD/USD;-0.000730440480411736;32
5;AUD/USD;0;-76
12;AUD/USD;0;-76
8;AUD/USD;-0.000993104249167724;33
5;AUD/USD;0;-75
12;AUD/USD;0;-75
8;AUD/USD;-0.00112075309426307;34
5;AUD/USD;0;-74
12;AUD/USD;0;-74
8;AUD/USD;-0.000501323824135837;35
5;AUD/USD;0;-73
12;AUD/USD;0;-73
8;AUD/USD;-1.35005906559559E-05;36
5;AUD/USD;0;-72
12;AUD/USD;0;-72
8;AUD/USD;0.000290248055485856;37
5;AUD/USD;0;-71
12;AUD/USD;0;-71
8;AUD/USD;0.000472451793414166;38
5;AUD/USD;0;-70
12;AUD/USD;0;-70
8;AUD/USD;0.000445459535989027;39
5;AUD/USD;0;-69
12;AUD/USD;0;-69
8;AUD/USD;0.000123761683957789;40
5;AUD/USD;0;-68
12;AUD/USD;0;-68
8;AUD/USD;0.0017809357202364;41
5;AUD/USD;0;-67
12;AUD/USD;0;-67
8;AUD/USD;0.0021668732787305;42
5;AUD/USD;0;-66
12;AUD/USD;0;-66
8;AUD/USD;0.00246555520423933;43
5;AUD/USD;0;-65
12;AUD/USD;0;-65
8;AUD/USD;0.00300442253090288;44
5;AUD/USD;0;-64
12;AUD/USD;0;-64
8;AUD/USD;0.00315800146039875;45
5;AUD/USD;0;-63
12;AUD/USD;0;-63
8;AUD/USD;0.00207888011356388;46
5;AUD/USD;0;-62
12;AUD/USD;0;-62
8;AUD/USD;0.0013786432230266;47
5;AUD/USD;0;-61
12;AUD/USD;0;-61
8;AUD/USD;0.00106036453438694;48
5;AUD/USD;0;-60
12;AUD/USD;0;-60
8;AUD/USD;0.000292006378676049;49
5;AUD/USD;0;-59
12;AUD/USD;0;-59
8;AUD/USD;9.961758124163E-05;50
5;AUD/USD;0;-58
12;AUD/USD;0;-58
8;AUD/USD;-0.000822755174542338;51
5;AUD/USD;0;-57
12;AUD/USD;0;-57
8;AUD/USD;-0.00131860085935276;52
5;AUD/USD;0;-56
12;AUD/USD;0;-56
8;AUD/USD;-0.00138690972624555;53
5;AUD/USD;0;-55
12;AUD/USD;0;-55
8;AUD/USD;-0.00202625623666982;54
5;AUD/USD;0;-54
12;AUD/USD;0;-54
8;AUD/USD;-0.00170474835956642;55
5;AUD/USD;0;-53
12;AUD/USD;0;-53
8;AUD/USD;-0.00225777035372406;56
5;AUD/USD;0;-52
12;AUD/USD;0;-52
8;AUD/USD;-0.00180242770392188;57
5;AUD/USD;0;-51
12;AUD/USD;0;-51
8;AUD/USD;-0.00167439723308459;58
5;AUD/USD;0;-50
12;AUD/USD;0;-50
8;AUD/USD;-0.000718101495716755;59
5;AUD/USD;0;-49
12;AUD/USD;0;-49
8;AUD/USD;-0.00116183735339531;60
5;AUD/USD;0;-48
12;AUD/USD;0;-48
8;AUD/USD;-0.000424078377761631;61
5;AUD/USD;0;-47
12;AUD/USD;0;-47
8;AUD/USD;-0.00228576495307272;62
5;AUD/USD;0;-46
12;AUD/USD;0;-46
8;AUD/USD;-0.00257905050027697;63
5;AUD/USD;0;-45
12;AUD/USD;0;-45
8;AUD/USD;-0.00311232326036572;64
5;AUD/USD;0;-44
12;AUD/USD;0;-44
8;AUD/USD;-0.0023168636289646;65
5;AUD/USD;0;-43
12;AUD/USD;0;-43
8;AUD/USD;-0.00201369739595583;66
5;AUD/USD;0;-42
12;AUD/USD;0;-42
8;AUD/USD;0.000154257981423326;67
5;AUD/USD;0;-41
12;AUD/USD;0;-41
8;AUD/USD;0.000301814917687697;68
5;AUD/USD;0;-40
12;AUD/USD;0;-40
8;AUD/USD;0.000595488819947187;69
5;AUD/USD;0;-39
12;AUD/USD;0;-39
8;AUD/USD;-0.000320507424917686;70
5;AUD/USD;0;-38
12;AUD/USD;0;-38
8;AUD/USD;-0.000677281070880814;71
5;AUD/USD;0;-37
12;AUD/USD;0;-37
8;AUD/USD;-0.00115072237395337;72
5;AUD/USD;0;-36
12;AUD/USD;0;-36
8;AUD/USD;-0.0010640499827133;73
5;AUD/USD;0;-35
12;AUD/USD;0;-35
8;AUD/USD;-0.000764001929532675;74
5;AUD/USD;0;-34
12;AUD/USD;0;-34
8;AUD/USD;0.000127355223024583;75
5;AUD/USD;0;-33
12;AUD/USD;0;-33
8;AUD/USD;0.000647783047762124;76
5;AUD/USD;0;-32
12;AUD/USD;0;-32
8;AUD/USD;0.000723953847360286;77
5;AUD/USD;0;-31
12;AUD/USD;0;-31
8;AUD/USD;0.000662286173173178;78
5;AUD/USD;0;-30
12;AUD/USD;0;-30
8;AUD/USD;0.000561916343859949;79
5;AUD/USD;0;-29
12;AUD/USD;0;-29
8;AUD/USD;0.000440568829652368;80
5;AUD/USD;0;-28
12;AUD/USD;0;-28
