8;EUR/GBP;0.1514662436255;0
8;EUR/GBP;0.00121580562088995;1
8;EUR/GBP;-0.000577624295534293;2
8;EUR/GBP;-0.00329159855178944;3
8;EUR/GBP;0.000410533820470132;4
8;EUR/GBP;0.00335040988311532;5
8;EUR/GBP;-0.000938910691906024;6
8;EUR/GBP;-0.000542080518252334;7
8;EUR/GBP;0.000481863858693161;8
8;EUR/GBP;-0.00562817012603715;9
8;EUR/GBP;-0.000496701789252324;10
8;EUR/GBP;-0.000181781825953665;11
8;EUR/GBP;0.000775372278097051;12
8;EUR/GBP;0.00420559673370795;13
8;EUR/GBP;-0.000422177598290111;14
8;EUR/GBP;0.00646986803783071;15
8;EUR/GBP;-0.000263747858577623;16
8;EUR/GBP;-0.00255716234452805;17
8;EUR/GBP;-0.000288541305487256;18
8;EUR/GBP;-0.000938334645274237;19
8;EUR/GBP;0.000361002145866489;20
8;EUR/GBP;0.0014066644539843;21
8;EUR/GBP;0.000684581921346402;22
8;EUR/GBP;-0.0107429273543049;23
8;EUR/GBP;-0.000133502436617759;24
8;EUR/GBP;0.00190375776712123;25
8;EUR/GBP;-0.00104237379747527;26
8;EUR/GBP;-0.00208801289821462;27
8;EUR/GBP;4.86079887325251E-05;28
8;EUR/GBP;-0.00692609677738829;29
8;EUR/GBP;0.000648306169994609;30
8;EUR/GBP;0.00707948148919152;31
8;EUR/GBP;-0.000813842657476413;32
8;EUR/GBP;0.00685440164724631;33
8;EUR/GBP;0.00151951887029646;34
8;EUR/GBP;-0.00639512814879352;35
8;EUR/GBP;0.000618327988129344;36
8;EUR/GBP;-0.00107929165294666;37
8;EUR/GBP;-8.4937540623815E-05;38
8;EUR/GBP;0.000157735405252054;39
8;EUR/GBP;0.00070343960597267;40
8;EUR/GBP;-0.00301128243381406;41
8;EUR/GBP;-0.000669055015195595;42
8;EUR/GBP;-0.00174164087066156;43
8;EUR/GBP;0.000195019685417437;44
8;EUR/GBP;0.0112465585831938;45
8;EUR/GBP;-0.000856004440798822;46
8;EUR/GBP;-0.00114650539649479;47
8;EUR/GBP;-0.000591869661008817;48
8;EUR/GBP;0.0024497541379935;49
8;EUR/GBP;-0.000759626493231745;50
8;EUR/GBP;0.0041047551148992;51
8;EUR/GBP;0.000276254708596447;52
8;EUR/GBP;-0.00270577577277396;53
8;EUR/GBP;-0.00059022990565371;54
8;EUR/GBP;0.00190194223910163;55
8;EUR/GBP;0.000252517662547304;56
8;EUR/GBP;-0.00320327826892993;57
8;EUR/GBP;2.41231244283566E-05;58
8;EUR/GBP;-0.0121591634919975;59
8;EUR/GBP;-0.00120941895449065;60
8;EUR/GBP;0.00359951825703791;61
8;EUR/GBP;6.08972602509871E-05;62
8;EUR/GBP;-0.00347707617398586;63
8;EUR/GBP;-0.000941498764287416;64
8;EUR/GBP;0.00357786503722034;65
8;EUR/GBP;-0.000926818031978569;66
8;EUR/GBP;0.00609390854805363;67
8;EUR/GBP;0.000181881013942286;68
8;EUR/GBP;-0.00209970644852052;69
8;EUR/GBP;0.00021867217483724;70
8;EUR/GBP;0.000230768764650157;71
8;EUR/GBP;2.42883513078487E-05;72
8;EUR/GBP;0.00271656909365208;73
8;EUR/GBP;0.000326945784403679;74
8;EUR/GBP;-0.00212099438972754;75
8;EUR/GBP;0.00046094129879699;76
8;EUR/GBP;-0.000764308065474268;77
8;EUR/GBP;0.000388292971922202;78
8;EUR/GBP;-0.00381665934736211;79
8;EUR/GBP;-0.000377595210245339;80
8;EUR/GBP;0.0011201890881456;81
8;EUR/GBP;-0.000754772143350049;82
8;EUR/GBP;0.00449586409423791;83
8;EUR/GBP;-0.00212390319598632;84
8;EUR/GBP;0.00148114001995142;85
8;EUR/GBP;-0.000181989141816841;86
8;EUR/GBP;-0.000497606039796472;87
8;EUR/GBP;0.000970708936368169;88
8;EUR/GBP;-0.00364502736386488;89
8;EUR/GBP;-2.43448200320976E-05;90
8;EUR/GBP;0.007760248469878;91
8;EUR/GBP;0.000157007675582319;92
8;EUR/GBP;0.00146019780849042;93
8;EUR/GBP;0.000253205767209807;94
8;EUR/GBP;0.00506269307297188;95
8;EUR/GBP;0.000323812839010055;96
8;EUR/GBP;0.000155872496613615;97
8;EUR/GBP;-0.000455695603228092;98
8;EUR/GBP;0.00375926789887997;99
8;EUR/GBP;-0.000286834307349507;100
8;EUR/GBP;-0.0028968525985911;101
8;EUR/GBP;-8.39182636604766E-05;102
8;EUR/GBP;0.00221547690420402;103
8;EUR/GBP;-0.000179450522981648;104
8;EUR/GBP;0.00135106880512985;105
8;EUR/GBP;-9.55908711446007E-05;106
8;EUR/GBP;0.00348316031135859;107
8;EUR/GBP;-0.000583656445425205;108
8;EUR/GBP;-0.00336564026109944;109
8;EUR/GBP;-0.000825235508038132;110
8;EUR/GBP;-0.00106544091195905;111
8;EUR/GBP;-0.000263542491762264;112
8;EUR/GBP;0.00214226383892291;113
8;EUR/GBP;1.19550728365795E-05;114
8;EUR/GBP;0.00260280007487593;115
8;EUR/GBP;4.76945640212422E-05;116
8;EUR/GBP;-0.0028059217349352;117
8;EUR/GBP;-0.000550166857952737;118
8;EUR/GBP;-0.00539809139218372;119
8;EUR/GBP;0.000180406637048054;120
8;EUR/GBP;-0.00528132030373654;121
8;EUR/GBP;0.00029011084855384;122
8;EUR/GBP;-0.00116094872213922;123
8;EUR/GBP;-0.000363073054286084;124
8;EUR/GBP;0.000169450496653302;125
8;EUR/GBP;0.000278320639271913;126
8;EUR/GBP;0.00343028648278121;127
8;EUR/GBP;6.02870871271489E-05;128
8;EUR/GBP;-0.00187059183332283;129
8;EUR/GBP;0.000193255387595293;130
8;EUR/GBP;-0.00161966844298895;131
8;EUR/GBP;0.000108865919631433;132
8;EUR/GBP;-0.00027823646649822;133
8;EUR/GBP;2.41975487894528E-05;134
8;EUR/GBP;0.00100368226768929;135
8;EUR/GBP;2.41726896961551E-05;136
8;EUR/GBP;-0.0042876933981386;137
8;EUR/GBP;-0.000376352902056;138
8;EUR/GBP;0.00195306638819235;139
8;EUR/GBP;-0.0007637891585919;140
8;EUR/GBP;0.00354728363396733;141
8;EUR/GBP;0.000290005681310384;142
8;EUR/GBP;0.00217236595647533;143
8;EUR/GBP;-0.00216028421138801;144
8;EUR/GBP;-0.00206810298118701;145
8;EUR/GBP;-8.47503799140674E-05;146
8;EUR/GBP;-0.000157412621184618;147
8;EUR/GBP;-3.63295086473282E-05;148
8;EUR/GBP;-0.00408943930651815;149
8;EUR/GBP;0.000328257502719486;150
8;EUR/GBP;6.07766034575817E-05;151
8;EUR/GBP;0.000218765192899648;152
8;EUR/GBP;-0.000461893772646181;153
8;EUR/GBP;0.000607710651208176;154
8;EUR/GBP;-0.00204337373603107;155
8;EUR/GBP;3.65254552024522E-05;156
8;EUR/GBP;-0.00115728769075951;157
8;EUR/GBP;0.000377788479507539;158
8;EUR/GBP;0.00322367059578387;159
8;EUR/GBP;-0.000133606214102346;160
8;EUR/GBP;-0.000255115988044785;161
8;EUR/GBP;-0.000315948089927038;162
8;EUR/GBP;0.000668234003956188;163
8;EUR/GBP;0.000194311530571767;164
8;EUR/GBP;0.000534162106616303;165
8;EUR/GBP;0.000133495955877506;166
8;EUR/GBP;-0.00396391657376751;167
8;EUR/GBP;0.000255818346006611;168
8;EUR/GBP;0.000900933866654271;169
8;EUR/GBP;3.6507231478153E-05;170
8;EUR/GBP;-0.0010227066088938;171
8;EUR/GBP;0;172
8;EUR/GBP;0.00126605409814017;173
8;EUR/GBP;-0.000170337024380798;174
8;EUR/GBP;0.000802763495479738;175
8;EUR/GBP;6.078916495793E-05;176
8;EUR/GBP;-0.00260508747763836;177
8;EUR/GBP;0.000134071948083236;178
8;EUR/GBP;0.000134053975205858;179
8;EUR/GBP;-0.000219370407811877;180
8;EUR/GBP;-0.00338194949078473;181
8;EUR/GBP;-0.00033026109274113;182
8;EUR/GBP;-0.00138338854262212;183
8;EUR/GBP;-0.000134768412938466;184
8;EUR/GBP;-0.000612812706851796;185
8;EUR/GBP;-0.000539586003477567;186
8;EUR/GBP;-0.00112916699120148;187
8;EUR/GBP;0.00011051826939625;188
8;EUR/GBP;0.00386046449551821;189
8;EUR/GBP;0.000623628191085571;190
8;EUR/GBP;-0.00209252457976242;191
8;EUR/GBP;0.000538845903113424;192
8;EUR/GBP;-0.00293041400995472;193
8;EUR/GBP;7.36720611320483E-05;194
8;EUR/GBP;0.000724152987478139;195
8;EUR/GBP;0.000588754800639402;196
8;EUR/GBP;-0.0024554351088496;197
8;EUR/GBP;0.000393275002610921;198
8;EUR/GBP;-0.00512467860484718;199
8;EUR/GBP;0;200
8;EUR/GBP;-9.88093474445682E-05;201
8;EUR/GBP;-0.000185293845686283;202
8;EUR/GBP;0.000728624475732724;203
8;EUR/GBP;-0.000592738965242799;204
8;EUR/GBP;0.000642118023594292;205
8;EUR/GBP;0.000444301836351391;206
8;EUR/GBP;0.000974304343662396;207
8;EUR/GBP;-0.000295890818447568;208
8;EUR/GBP;0.00286891245897575;209
8;EUR/GBP;-0.000159851461444332;210
8;EUR/GBP;0.000528641955746619;211
8;EUR/GBP;-0.000282727213148206;212
8;EUR/GBP;-0.000270509543258799;213
8;EUR/GBP;0.000209036526820129;214
8;EUR/GBP;-0.00189522190205902;215
8;EUR/GBP;0.000307910215814582;216
8;EUR/GBP;0.00161190134629358;217
8;EUR/GBP;0.000344191767380808;218
8;EUR/GBP;-0.0015990359992119;219
8;EUR/GBP;0.000270785896171174;220
8;EUR/GBP;-0.000147692307960619;221
8;EUR/GBP;0.000369189878545709;222
8;EUR/GBP;-0.0010710263794567;223
8;EUR/GBP;0.000123164843982752;224
8;EUR/GBP;-0.0035655939814618;225
8;EUR/GBP;-0.000222499660987941;226
8;EUR/GBP;-0.00048225249943857;227
8;EUR/GBP;-0.000173173025023259;228
8;EUR/GBP;-0.00325876467830616;229
8;EUR/GBP;0.000483910002184478;230
8;EUR/GBP;-0.000682504943631094;231
8;EUR/GBP;-0.00796380013614321;232
8;EUR/GBP;-0.00185359186392251;233
8;EUR/GBP;-0.000539188346532113;234
8;EUR/GBP;0.00231770137764513;235
8;EUR/GBP;0.000550447252279677;236
8;EUR/GBP;-0.0014518331941025;237
8;EUR/GBP;0.00047583271621582;238
8;EUR/GBP;0.00103853213455828;239
8;EUR/GBP;-0.0002126235882612;240
8;EUR/GBP;-0.00121407085309841;241
8;EUR/GBP;0.000313045876298838;242
8;EUR/GBP;0.000413070559575717;243
8;EUR/GBP;-0.000751164339992583;244
8;EUR/GBP;0.000438247767255146;245
8;EUR/GBP;0;246
8;EUR/GBP;0.00265043224654786;247
8;EUR/GBP;0.00034953250383943;248
8;EUR/GBP;0.00175829154369454;249
8;EUR/GBP;-0.000161982668208651;250
8;EUR/GBP;-0.00409565409876583;251
8;EUR/GBP;0.000462850038598402;252
8;EUR/GBP;0.00162453330405439;253
8;EUR/GBP;-1.24863430624705E-05;254
8;EUR/GBP;-0.00106190941273331;255
8;EUR/GBP;0.000287451494539953;256
8;EUR/GBP;-0.00358028473881544;257
8;EUR/GBP;0.000501510811800287;258
8;EUR/GBP;-0.00289969888165674;259
8;EUR/GBP;8.7993312565055E-05;260
8;EUR/GBP;-0.00279442304595417;261
8;EUR/GBP;0.000100835675747439;262
8;EUR/GBP;-0.00145049121396776;263
8;EUR/GBP;-0.000151476900062398;264
8;EUR/GBP;0.00257199193677713;265
8;EUR/GBP;-0.000125923967275088;266
8;EUR/GBP;0.000478426740589823;267
8;EUR/GBP;7.55201450344574E-05;268
8;EUR/GBP;0.000855496617609286;269
8;EUR/GBP;-5.03030760438097E-05;270
8;EUR/GBP;-0.00144729664005603;271
8;EUR/GBP;0.00020148849694796;272
8;EUR/GBP;0.000792966554449359;273
8;EUR/GBP;-0.00050339794669889;274
8;EUR/GBP;0.00368153306070432;275
8;EUR/GBP;-0.000263413717851512;276
8;EUR/GBP;-0.00739125861542967;277
8;EUR/GBP;0.000391708422316949;278
8;EUR/GBP;-0.00303659325393428;279
8;EUR/GBP;0.000164718553383353;280
8;EUR/GBP;0.00184805500560607;281
8;EUR/GBP;0.000164387372891135;282
8;EUR/GBP;0.000821531760489057;283
8;EUR/GBP;0.000240012633396088;284
8;EUR/GBP;6.31516460686618E-05;285
8;EUR/GBP;0.000517693120561819;286
8;EUR/GBP;-0.00370551128106365;287
8;EUR/GBP;-7.60244292198869E-05;288
8;EUR/GBP;0.00111444612170186;289
8;EUR/GBP;-0.000139237862797276;290
8;EUR/GBP;0.00328590139698931;291
8;EUR/GBP;-8.83252894804416E-05;292
8;EUR/GBP;-0.00176814605481226;293
8;EUR/GBP;-0.000442525436629311;294
8;EUR/GBP;0.000227608968775817;295
8;EUR/GBP;0.000328677077732877;296
8;EUR/GBP;0.00035383915852186;297
8;EUR/GBP;-0.000252729479711698;298
8;EUR/GBP;0.00088427387932595;299
8;EUR/GBP;0.000202010000181998;300
8;EUR/GBP;0.00121120378168186;301
8;EUR/GBP;-0.000554952969367045;302
8;EUR/GBP;0.0068021058275728;303
8;EUR/GBP;-3.75923361802824E-05;304
8;EUR/GBP;-0.00239629254072078;305
8;EUR/GBP;-0.000464867929344046;306
8;EUR/GBP;-0.00430714870620055;307
8;EUR/GBP;-8.83520450918426E-05;308
8;EUR/GBP;0.00234499212327987;309
8;EUR/GBP;-0.000327464170789447;310
8;EUR/GBP;-0.000151173484458636;311
8;EUR/GBP;1.25986632818729E-05;312
8;EUR/GBP;0.00710549457487934;313
8;EUR/GBP;-0.000538048149519407;314
8;EUR/GBP;-0.00234325669382623;315
8;EUR/GBP;0.000376293513377192;316
8;EUR/GBP;-0.00296400709324421;317
8;EUR/GBP;0.000264102775242991;318
8;EUR/GBP;0.00677985691323;319
8;EUR/GBP;0.000299707787153123;320
8;EUR/GBP;0.000149820216021367;321
8;EUR/GBP;-0.000337127056390425;322
8;EUR/GBP;0.00205844815845824;323
8;EUR/GBP;-0.00192108637853305;324
8;EUR/GBP;-0.00265066421763378;325
8;EUR/GBP;0.000187778146931116;326
8;EUR/GBP;0.00331161303128571;327
8;EUR/GBP;-9.98128509875259E-05;328
8;EUR/GBP;-0.00287388834704013;329
8;EUR/GBP;-0.000538209777118251;330
8;EUR/GBP;0.00297529972463166;331
8;EUR/GBP;-0.000262170649624969;332
8;EUR/GBP;-0.0023250882382281;333
8;EUR/GBP;-0.00202949094376614;334
8;EUR/GBP;-0.00220955723007959;335
8;EUR/GBP;0.000150806816753937;336
8;EUR/GBP;0.000263857217083154;337
8;EUR/GBP;-0.000138202240352598;338
8;EUR/GBP;0.000238700965359757;339
8;EUR/GBP;-0.000288961061367094;340
8;EUR/GBP;-0.00142089238328425;341
8;EUR/GBP;2.51660962365411E-05;342
8;EUR/GBP;-0.00419890537666824;343
8;EUR/GBP;-0.000290666449660125;344
8;EUR/GBP;-0.00077130740422387;345
8;EUR/GBP;-0.000328934886510263;346
8;EUR/GBP;0.00847969902520379;347
8;EUR/GBP;0.00040140995784798;348
8;EUR/GBP;0.00164159409300162;349
8;EUR/GBP;0.000112682404761577;350
8;EUR/GBP;-0.00829723787069266;351
8;EUR/GBP;0.00180358621914194;352
8;EUR/GBP;-0.000630254769832027;353
8;EUR/GBP;0.00717398341477057;354
8;EUR/GBP;0.00245070580413522;355
8;EUR/GBP;0.000349611061259327;356
8;EUR/GBP;0.00250612635609673;357
8;EUR/GBP;-0.000498231289266195;358
8;EUR/GBP;-0.00756617730035241;359
8;EUR/GBP;0.000953611876976295;360
8;EUR/GBP;-0.0012172703278154;361
8;EUR/GBP;-0.00141992823691241;362
8;EUR/GBP;0.0014701542539999;363
8;EUR/GBP;0.000765634352880065;364
8;EUR/GBP;2.50928435222776E-05;365
8;EUR/GBP;0.000413941038129052;366
8;EUR/GBP;-0.00165679322967419;367
8;EUR/GBP;0.000728323005761997;368
8;EUR/GBP;-0.00723134536850098;369
8;EUR/GBP;-0.00134114422217746;370
8;EUR/GBP;-0.00127955828362289;371
8;EUR/GBP;-0.00294539804389891;372
8;EUR/GBP;0.00127063205618998;373
8;EUR/GBP;-0.000381020122471916;374
8;EUR/GBP;-0.00258205804900573;375
8;EUR/GBP;-0.000229273077976309;376
8;EUR/GBP;-0.00119816974807368;377
8;EUR/GBP;-0.000472014041613239;378
8;EUR/GBP;-0.00176245256349619;379
8;EUR/GBP;0.000345072181021289;380
8;EUR/GBP;-0.0017521538704003;381
8;EUR/GBP;-0.000268849900160466;382
8;EUR/GBP;-0.000294537610099861;383
8;EUR/GBP;-0.000333060056368405;384
8;EUR/GBP;0.000883646829306036;385
8;EUR/GBP;0.000102401310826187;386
8;EUR/GBP;-0.00293539149547142;387
8;EUR/GBP;-0.000282456863011822;388
8;EUR/GBP;0.00123195395754497;389
8;EUR/GBP;-0.000128257746943725;390
8;EUR/GBP;0.00646928716304145;391
8;EUR/GBP;-0.00082869587143518;392
8;EUR/GBP;-0.00116132915034784;393
8;EUR/GBP;0.00090620758353809;394
8;EUR/GBP;0.00336237516840408;395
8;EUR/GBP;0.000101713878946559;396
8;EUR/GBP;0.000177974397581295;397
8;EUR/GBP;0.000698878645937288;398
8;EUR/GBP;0.000838010155951674;399
8;EUR/GBP;0.000444114538092735;400
8;EUR/GBP;-0.00147267952677376;401
8;EUR/GBP;-0.000101644093295146;402
8;EUR/GBP;-0.00216238302456114;403
8;EUR/GBP;0.000101864113360913;404
8;EUR/GBP;0.00535867493523026;405
8;EUR/GBP;0.00289593191454923;406
8;EUR/GBP;0.00471164166250417;407
8;EUR/GBP;-0.00018854287835127;408
8;EUR/GBP;0.00768878150738599;409
8;EUR/GBP;0.000286870679418619;410
8;EUR/GBP;-0.00782481504035748;411
8;EUR/GBP;-0.00021369267304;412
8;EUR/GBP;-0.00294606649099154;413
8;EUR/GBP;-0.00113541757713013;414
8;EUR/GBP;-0.000492414926333924;415
8;EUR/GBP;0.000113655736895691;416
8;EUR/GBP;-0.00366875395690296;417
8;EUR/GBP;0;418
8;EUR/GBP;-0.0015855200972391;419
8;EUR/GBP;0.000177703312095844;420
8;EUR/GBP;0.00216797442775768;421
8;EUR/GBP;-0.000456025241299145;422
8;EUR/GBP;-0.00227055167914772;423
8;EUR/GBP;0.000406287301492902;424
8;EUR/GBP;5.07743082108615E-05;425
8;EUR/GBP;-0.000101551194583173;426
8;EUR/GBP;0.00196572100607802;427
8;EUR/GBP;-0.000291443598223505;428
8;EUR/GBP;0.000570136278010745;429
8;EUR/GBP;-0.000266023145582414;430
8;EUR/GBP;-0.00171184064627643;431
8;EUR/GBP;0.000152282331736686;432
8;EUR/GBP;-0.00612222133334565;433
8;EUR/GBP;-0.000702440050084091;434
8;EUR/GBP;-0.00125284463218224;435
8;EUR/GBP;0.00024302113763953;436
8;EUR/GBP;0.00345983556647263;437
8;EUR/GBP;-0.000484422017529784;438
8;EUR/GBP;-0.00408867879376973;439
8;EUR/GBP;0.000691138101540015;440
8;EUR/GBP;0.000601157566149042;441
8;EUR/GBP;-0.000729110070354075;442
8;EUR/GBP;0.0034107272868845;443
8;EUR/GBP;0.000458984632072785;444
8;EUR/GBP;-0.0010712920295072;445
8;EUR/GBP;0.000293444078681669;446
8;EUR/GBP;-0.000421055323957853;447
8;EUR/GBP;-0.000331865469891187;448
8;EUR/GBP;0.00560139971535997;449
8;EUR/GBP;0.000583793404485829;450
8;EUR/GBP;0.00779767999755127;451
8;EUR/GBP;5.03543688816948E-05;452
8;EUR/GBP;0.00538584038378265;453
8;EUR/GBP;0.00075095750606645;454
8;EUR/GBP;-0.00404932448274948;455
8;EUR/GBP;6.28081525189005E-05;456
8;EUR/GBP;0.00690987402461966;457
8;EUR/GBP;0.000336761233234141;458
8;EUR/GBP;-0.00227221751236088;459
8;EUR/GBP;3.74960160529036E-05;460
8;EUR/GBP;-0.000850255127746139;461
8;EUR/GBP;-0.000200165136905721;462
8;EUR/GBP;-0.00957955656864661;463
8;EUR/GBP;-0.00115017360076322;464
8;EUR/GBP;0.00171845229992308;465
8;EUR/GBP;-7.5751837018245E-05;466
8;EUR/GBP;0.00230785339745322;467
8;EUR/GBP;-6.29853811138493E-05;468
8;EUR/GBP;-0.0021564914310268;469
8;EUR/GBP;-0.000189387961804676;470
8;EUR/GBP;0.000479713191212795;471
8;EUR/GBP;-0.000100973128611904;472
8;EUR/GBP;0.00484780752350249;473
8;EUR/GBP;0.000615311222472328;474
8;EUR/GBP;-0.00492050801799271;475
8;EUR/GBP;-0.0002144853306565;476
8;EUR/GBP;-0.00116154296248633;477
8;EUR/GBP;0.000126320044632654;478
8;EUR/GBP;-0.00881744832138597;479
8;EUR/GBP;-7.64613679310613E-05;480
8;EUR/GBP;0.00560439142044396;481
8;EUR/GBP;0.00106395115861681;482
8;EUR/GBP;-0.0016597514183644;483
8;EUR/GBP;0.00139386973414678;484
8;EUR/GBP;-0.00362811038732583;485
8;EUR/GBP;-7.62553537982022E-05;486
8;EUR/GBP;0.00414746261567875;487
8;EUR/GBP;-0.000367123465211501;488
8;EUR/GBP;0.00307208251775553;489
8;EUR/GBP;0.000138842432995078;490
8;EUR/GBP;-0.00459200938473403;491
8;EUR/GBP;-0.000355082116469368;492
8;EUR/GBP;0.00540135018409375;493
8;EUR/GBP;-6.30791454247718E-05;494
8;EUR/GBP;0.00285979042547955;495
8;EUR/GBP;0.000440210050186551;496
8;EUR/GBP;-0.00174940734687883;497
8;EUR/GBP;0.00104497821979616;498
8;EUR/GBP;-0.0026460375299442;499
8;EUR/GBP;-0.000555296151174703;500
8;EUR/GBP;-0.0105458499307873;501
8;EUR/GBP;0.000561181556956466;502
8;EUR/GBP;-0.00294972280915065;503
8;EUR/GBP;0.00030687005572664;504
8;EUR/GBP;0.00213270071705638;505
8;EUR/GBP;0.000905340935428192;506
8;EUR/GBP;-7.64759865776302E-05;507
8;EUR/GBP;-0.000127472975901694;508
8;EUR/GBP;-0.000127489227332948;509
8;EUR/GBP;-0.000497363346923045;510
8;EUR/GBP;0.00239527175982034;511
8;EUR/GBP;-0.00170668066644346;512
8;EUR/GBP;-0.00257827500605762;513
8;EUR/GBP;-0.000140592148799192;514
8;EUR/GBP;0.000996499558660179;515
8;EUR/GBP;0.00022982048567733;516
8;EUR/GBP;-0.00271013269106353;517
8;EUR/GBP;2.56016385060599E-05;518
8;EUR/GBP;-0.00630495632821182;519
8;EUR/GBP;-0.000605619393176278;520
8;EUR/GBP;0.00898213473437132;521
8;EUR/GBP;-0.00157245802425676;522
8;EUR/GBP;0.00131694207228346;523
8;EUR/GBP;-0.000332268373664007;524
8;EUR/GBP;0.0040436049509468;525
8;EUR/GBP;-0.00143953653955639;526
8;EUR/GBP;-0.00104591846269511;527
8;EUR/GBP;-0.000293563932035888;528
8;EUR/GBP;-0.00279956463647847;529
8;EUR/GBP;0.000614274215959879;530
8;EUR/GBP;-0.00102400008947836;531
8;EUR/GBP;0.000704112687115258;532
8;EUR/GBP;-0.00192147628451779;533
8;EUR/GBP;-3.84672099139713E-05;534
8;EUR/GBP;-0.00408593876772633;535
8;EUR/GBP;-0.000386329105688391;536
8;EUR/GBP;-0.00358710062054417;537
8;EUR/GBP;-0.000142200619458738;538
8;EUR/GBP;-0.0112720831038237;539
8;EUR/GBP;0.00208978303134977;540
8;EUR/GBP;-0.00360761125863262;541
8;EUR/GBP;-0.000130955187322044;542
8;EUR/GBP;0.00552447907200525;543
8;EUR/GBP;0.000755119878607703;544
8;EUR/GBP;-0.00829847745489998;545
8;EUR/GBP;0.000354254003822788;546
8;EUR/GBP;0.0053379512885124;547
8;EUR/GBP;0.000704363167450476;548
8;EUR/GBP;-0.0120685691901128;549
8;EUR/GBP;-0.00214028169585378;550
8;EUR/GBP;-0.00956817930890282;551
8;EUR/GBP;-0.00781521032388215;552
8;EUR/GBP;0.00567645800480512;553
8;EUR/GBP;-0.00218356785152939;554
8;EUR/GBP;0.0032134133988576;555
8;EUR/GBP;0.000400951597149209;556
8;EUR/GBP;-0.00311829001147524;557
8;EUR/GBP;-0.00113999864816936;558
8;EUR/GBP;0.00880450853524016;559
8;EUR/GBP;-0.000172937882473988;560
8;EUR/GBP;-0.00234426096676137;561
8;EUR/GBP;-0.000453502648758299;562
8;EUR/GBP;0.00659550547221932;563
8;EUR/GBP;3.97601139842242E-05;564
8;EUR/GBP;0.00380962920075273;565
8;EUR/GBP;-0.00104355876185515;566
8;EUR/GBP;-0.00866783150783431;567
8;EUR/GBP;-0.00612456949819064;568
8;EUR/GBP;0.00378882149775593;569
8;EUR/GBP;0.000494298873845067;570
8;EUR/GBP;-0.00762866109575944;571
8;EUR/GBP;-0.000902120043137798;572
8;EUR/GBP;0.0024755152024183;573
8;EUR/GBP;0.000107492206918612;574
8;EUR/GBP;-0.00363426294774677;575
8;EUR/GBP;0.000188768287488364;576
8;EUR/GBP;-0.00072830268240502;577
8;EUR/GBP;0.00106530030639113;578
8;EUR/GBP;-0.00187514809927611;579
8;EUR/GBP;0.000458994270629964;580
8;EUR/GBP;-0.00136410007443774;581
8;EUR/GBP;5.40591677722374E-05;582
8;EUR/GBP;-0.00216464942807405;583
8;EUR/GBP;-0.00040639393677717;584
8;EUR/GBP;0.00661717471935066;585
8;EUR/GBP;-0.000228843734382254;586
8;EUR/GBP;-0.00736435079973717;587
8;EUR/GBP;0.00159908967292782;588
8;EUR/GBP;-0.00168046767378657;589
8;EUR/GBP;-0.000284875165560094;590
8;EUR/GBP;0.00415654644290859;591
8;EUR/GBP;-0.000797475154958006;592
8;EUR/GBP;-0.0084871132664985;593
8;EUR/GBP;0.000231805012116971;594
8;EUR/GBP;5.45345476496069E-05;595
8;EUR/GBP;0.000122691859548861;596
8;EUR/GBP;-0.00281205820340084;597
8;EUR/GBP;0.0004373436907714;598
8;EUR/GBP;-0.00700679547555959;599
8;EUR/GBP;-1.37601739288884E-05;600
8;EUR/GBP;-0.00230060922940862;601
8;EUR/GBP;-0.000883075367153228;602
8;EUR/GBP;0.00513573624468384;603
8;EUR/GBP;-0.000604453743349843;604
8;EUR/GBP;-0.000384842700297874;605
8;EUR/GBP;0.00032987423843906;606
8;EUR/GBP;-0.0028349683195154;607
8;EUR/GBP;0.00034447835983125;608
8;EUR/GBP;-0.00322896967409152;609
8;EUR/GBP;-5.52868002905807E-05;610
8;EUR/GBP;-0.00285141033392309;611
8;EUR/GBP;-0.00173419670402088;612
8;EUR/GBP;-0.00379797480763016;613
8;EUR/GBP;-0.000376408923941484;614
8;EUR/GBP;-0.00973813032594165;615
8;EUR/GBP;-0.000183058628557094;616
8;EUR/GBP;-0.00608814836489516;617
8;EUR/GBP;0.000665708260245831;618
8;EUR/GBP;0.0101851232294519;619
8;EUR/GBP;0.000126134333232012;620
8;EUR/GBP;-0.0040301401904852;621
8;EUR/GBP;-0.000239229401027001;622
8;EUR/GBP;0.00342817336093933;623
8;EUR/GBP;0.000140248520608043;624
8;EUR/GBP;0.00725202817796357;625
8;EUR/GBP;-1.39226319344775E-05;626
8;EUR/GBP;0.00931257682878358;627
8;EUR/GBP;0.000179301689364332;628
8;EUR/GBP;-0.00323235953391706;629
8;EUR/GBP;2.76713200621123E-05;630
8;EUR/GBP;0.000567093385046554;631
8;EUR/GBP;0.00168554889312331;632
8;EUR/GBP;0.0110238958316511;633
8;EUR/GBP;-0.00060091231220153;634
8;EUR/GBP;0.00532731468174113;635
8;EUR/GBP;-0.00112849181582919;636
8;EUR/GBP;0.0035985671739352;637
8;EUR/GBP;-0.0011935603418867;638
8;EUR/GBP;-0.00514314837864442;639
8;EUR/GBP;-0.000518502358521771;640
8;EUR/GBP;-0.000109192656902298;641
8;EUR/GBP;-0.00200854038489312;642
8;EUR/GBP;-0.000341990249771304;643
8;EUR/GBP;0.000478753608345495;644
8;EUR/GBP;-0.00924615895090441;645
8;EUR/GBP;-0.000566059893204986;646
8;EUR/GBP;0.00216586163837508;647
8;EUR/GBP;0.000413325623805968;648
8;EUR/GBP;0.0108095830703704;649
8;EUR/GBP;-0.00110436234305321;650
8;EUR/GBP;0.00320065648289817;651
8;EUR/GBP;0.00187477129725736;652
8;EUR/GBP;-0.00259572734336704;653
8;EUR/GBP;-0.000707858621190644;654
8;EUR/GBP;-0.00651672809617489;655
8;EUR/GBP;0.000739878090887067;656
8;EUR/GBP;-0.00672005827100452;657
8;EUR/GBP;-0.00042754198492871;658
8;EUR/GBP;-0.000455326290541461;659
8;EUR/GBP;0.000275980075990433;660
8;EUR/GBP;-0.00084197745438085;661
8;EUR/GBP;0.000579798191258456;662
8;EUR/GBP;-0.00535519120017443;663
8;EUR/GBP;-2.77500277517989E-05;664
8;EUR/GBP;-0.000277542639269235;665
8;EUR/GBP;0.000291417749403341;666
8;EUR/GBP;-0.00179148053329278;667
8;EUR/GBP;0.000736423101386735;668
8;EUR/GBP;0.00122154373879186;669
8;EUR/GBP;-0.0001803614170199;670
8;EUR/GBP;0.00297872855450593;671
8;EUR/GBP;-0.000858072158385573;672
8;EUR/GBP;-0.00302295175776577;673
8;EUR/GBP;0.00112427402485816;674
8;EUR/GBP;-0.00241666784283465;675
8;EUR/GBP;0.000125143393634909;676
8;EUR/GBP;-0.00839138424398089;677
8;EUR/GBP;-7.01080365129611E-05;678
8;EUR/GBP;0.00784953120437201;679
8;EUR/GBP;-0.00048705478937522;680
8;EUR/GBP;-0.00352778317942719;681
8;EUR/GBP;0.000279329610754716;682
8;EUR/GBP;-0.0013974289585438;683
8;EUR/GBP;-0.00085339158362995;684
8;EUR/GBP;0.00213909806070138;685
8;EUR/GBP;-0.000866272706504146;686
8;EUR/GBP;0.00667323926152389;687
8;EUR/GBP;0.000166608816768719;688
8;EUR/GBP;0.0151147484423535;689
8;EUR/GBP;-0.0014505647428883;690
8;EUR/GBP;0.0132232432272107;691
8;EUR/GBP;-0.00223240048604975;692
8;EUR/GBP;-0.00140965364845061;693
8;EUR/GBP;2.71274719925442E-05;694
8;EUR/GBP;0.000488168699097168;695
8;EUR/GBP;-0.000881589087417485;696
8;EUR/GBP;0.00946683910348964;697
8;EUR/GBP;4.03223096672213E-05;698
8;EUR/GBP;-0.00767703706396607;699
8;EUR/GBP;-0.0109354705021849;700
8;EUR/GBP;-0.00713204114240106;701
8;EUR/GBP;0.000151689615757593;702
8;EUR/GBP;-0.0138569063924183;703
8;EUR/GBP;0.000293564645741764;704
8;EUR/GBP;0.000125787042702826;705
8;EUR/GBP;0.000572829724568509;706
8;EUR/GBP;0.00648774342214018;707
8;EUR/GBP;0.000624276033509272;708
8;EUR/GBP;0.0030740708534464;709
8;EUR/GBP;-0.000470191265870907;710
8;EUR/GBP;0.00620529025441734;711
8;EUR/GBP;-0.000453748589820681;712
8;EUR/GBP;-0.00640187619468155;713
8;EUR/GBP;0.00070566262570587;714
8;EUR/GBP;-0.00556192702583474;715
8;EUR/GBP;-0.000946245008889433;716
8;EUR/GBP;-0.00489858418481208;717
8;EUR/GBP;-0.000741761928442186;718
8;EUR/GBP;-0.0065879814901437;719
8;EUR/GBP;-0.000126847212702518;720
8;EUR/GBP;0.00257606933143326;721
8;EUR/GBP;-0.00135055308786977;722
8;EUR/GBP;-0.000929564439268381;723
8;EUR/GBP;-0.00102916202876455;724
8;EUR/GBP;-0.00289578900665853;725
8;EUR/GBP;0.000381876432257488;726
8;EUR/GBP;0.00441632639459844;727
8;EUR/GBP;-0.000408361560546702;728
8;EUR/GBP;0.00673771867144941;729
8;EUR/GBP;0.00100675372402808;730
8;EUR/GBP;0.00404474874287108;731
8;EUR/GBP;-0.00234117081808727;732
8;EUR/GBP;0.00275866087397175;733
8;EUR/GBP;-0.000125228716499736;734
8;EUR/GBP;0.0109330030733787;735
8;EUR/GBP;0.000467862016763299;736
8;EUR/GBP;0.0114899770387609;737
8;EUR/GBP;-0.000816348789519881;738
8;EUR/GBP;-0.00437882226111382;739
8;EUR/GBP;-0.00253235733410672;740
8;EUR/GBP;-0.0027449167683582;741
8;EUR/GBP;-0.000302401343866795;742
8;EUR/GBP;0.0111419861433321;743
8;EUR/GBP;-0.000462346006223528;744
8;EUR/GBP;-0.00307868595395726;745
8;EUR/GBP;0.00124078799128655;746
8;EUR/GBP;-0.00649366246929262;747
8;EUR/GBP;0.000617000437762801;748
8;EUR/GBP;-0.00534624666264683;749
8;EUR/GBP;-0.00125480046524335;750
8;EUR/GBP;-0.00214092915190974;751
8;EUR/GBP;-0.00297728484033234;752
8;EUR/GBP;0.00288048945877914;753
8;EUR/GBP;-0.000428777920357258;754
8;EUR/GBP;-0.00585527258381821;755
8;EUR/GBP;0.000222627281109937;756
8;EUR/GBP;-0.00363781212787262;757
8;EUR/GBP;0.00110249747754246;758
8;EUR/GBP;-0.00131196981748601;759
8;EUR/GBP;0.000111724041733449;760
8;EUR/GBP;-0.00181706412513483;761
8;EUR/GBP;0.00134215071806379;762
8;EUR/GBP;0.00118686089262909;763
8;EUR/GBP;0.000334858804334585;764
8;EUR/GBP;-0.00985533508640645;765
8;EUR/GBP;0.000253556840349892;766
8;EUR/GBP;0.00455306361237602;767
8;EUR/GBP;0.000322424636035215;768
8;EUR/GBP;-0.00211868945053887;769
8;EUR/GBP;-0.000702543235303167;770
8;EUR/GBP;-0.00281511903837807;771
8;EUR/GBP;-0.0141528201078637;772
8;EUR/GBP;0.0215116803978804;773
8;EUR/GBP;-0.00200287191853582;774
8;EUR/GBP;-0.00529960825673245;775
8;EUR/GBP;0.000310033824354779;776
8;EUR/GBP;-0.00300573856249196;777
8;EUR/GBP;-0.000409931660238848;778
8;EUR/GBP;0.00428888511723537;779
8;EUR/GBP;-0.000239354026866198;780
8;EUR/GBP;0.00307906690317667;781
8;EUR/GBP;-0.00755284213826895;782
8;EUR/GBP;0.00196415134823025;783
8;EUR/GBP;-0.000268253600089472;784
8;EUR/GBP;0.00581482937401297;785
8;EUR/GBP;-0.000617890765340406;786
8;EUR/GBP;0.0122997285534286;787
8;EUR/GBP;-0.000360830469108792;788
8;EUR/GBP;-0.00498164227382782;789
8;EUR/GBP;0.00375940292390575;790
8;EUR/GBP;-0.00171086440362954;791
8;EUR/GBP;-0.00136522596187638;792
8;EUR/GBP;-0.0102427035868437;793
8;EUR/GBP;-0.000732631730362284;794
8;EUR/GBP;-0.00810878361372839;795
8;EUR/GBP;0.000213112076447125;796
8;EUR/GBP;-0.0052700668919841;797
8;EUR/GBP;-0.000471384808711505;798
8;EUR/GBP;-0.00449644908623292;799
8;EUR/GBP;0.000516543759870955;800
8;EUR/GBP;-0.00327595913540927;801
8;EUR/GBP;-0.0011952336088279;802
8;EUR/GBP;0.00273397200339385;803
8;EUR/GBP;-0.000158078910447025;804
8;EUR/GBP;0.0104510891140512;805
8;EUR/GBP;-7.1115156803314E-05;806
8;EUR/GBP;-0.00506214674607833;807
8;EUR/GBP;0.000157240571250282;808
8;EUR/GBP;0.0123021652377547;809
8;EUR/GBP;-0.000423651030865725;810
8;EUR/GBP;-0.000324920715141424;811
8;EUR/GBP;-0.00125829750592593;812
8;EUR/GBP;0.00856463891462836;813
8;EUR/GBP;-0.000631388444117846;814
8;EUR/GBP;-0.00586990797276267;815
8;EUR/GBP;0.000776183895755461;816
8;EUR/GBP;-0.00732002390708306;817
8;EUR/GBP;0.000355201936032995;818
8;EUR/GBP;-0.00491296513147463;819
8;EUR/GBP;0.000870427634668055;820
8;EUR/GBP;0.00301921416527614;821
8;EUR/GBP;-0.00177909398553347;822
8;EUR/GBP;0.00145197821919233;823
8;EUR/GBP;-0.000839612689051548;824
8;EUR/GBP;-0.00455185107038446;825
8;EUR/GBP;2.86028917543866E-05;826
8;EUR/GBP;-0.00041482202584559;827
8;EUR/GBP;-0.000286184447828552;828
8;EUR/GBP;0.00776938225164327;829
8;EUR/GBP;-0.000198826921820144;830
8;EUR/GBP;0.00501538248649829;831
8;EUR/GBP;-0.000127198592507142;832
8;EUR/GBP;-0.00104646897012046;833
8;EUR/GBP;1.41487743625629E-05;834
8;EUR/GBP;0.00279752079250336;835
8;EUR/GBP;-0.000310449448623362;836
8;EUR/GBP;0.00934172681740032;837
8;EUR/GBP;-0.000895267730841808;838
8;EUR/GBP;-0.00048993876745585;839
8;EUR/GBP;0.000545916488337363;840
8;EUR/GBP;-0.00669753488199823;841
8;EUR/GBP;-0.00125462571523487;842
8;EUR/GBP;0.00291563875178856;843
8;EUR/GBP;-0.0003094712286793;844
8;EUR/GBP;-0.00922955181807953;845
8;EUR/GBP;-0.000142005112422708;846
8;EUR/GBP;0.00717437294798081;847
8;EUR/GBP;-0.000423089405101152;848
8;EUR/GBP;0.00816216381216176;849
8;EUR/GBP;0.00192893744638391;850
8;EUR/GBP;0.0112614271851977;851
8;EUR/GBP;0.00209661032966176;852
8;EUR/GBP;0.0128691333046825;853
8;EUR/GBP;-0.000517041987163195;854
8;EUR/GBP;-0.00331268323307808;855
8;EUR/GBP;0.00494453738110725;856
8;EUR/GBP;-0.00468512515314475;857
8;EUR/GBP;-5.46075085458586E-05;858
8;EUR/GBP;-0.00424117856264507;859
8;EUR/GBP;0.000205632973286187;860
8;EUR/GBP;-0.00429966388775952;861
8;EUR/GBP;0.00118322042339215;862
8;EUR/GBP;0.00518413010448563;863
8;EUR/GBP;-0.000615750927687812;864
8;EUR/GBP;0.010511363715673;865
8;EUR/GBP;-0.000243829753856361;866
8;EUR/GBP;-0.00604699459840148;867
8;EUR/GBP;-0.00155501934186973;868
8;EUR/GBP;-0.0044876255364602;869
8;EUR/GBP;-0.000329154897779375;870
8;EUR/GBP;0.00698495817412899;871
8;EUR/GBP;-0.000204344361828428;872
8;EUR/GBP;-0.00450617287839699;873
8;EUR/GBP;-0.000191620701096886;874
8;EUR/GBP;-0.00437619448791505;875
8;EUR/GBP;0.000659712224479088;876
8;EUR/GBP;0.00219590278046731;877
8;EUR/GBP;0.00141106545137403;878
8;EUR/GBP;-0.000575145513971475;879
8;EUR/GBP;0.00087628024666306;880
8;EUR/GBP;0.00612615757737003;881
8;EUR/GBP;-0.00121133772340342;882
8;EUR/GBP;-0.000572152535122903;883
8;EUR/GBP;-0.00117257284067516;884
8;EUR/GBP;0.00222126921663729;885
8;EUR/GBP;-0.000190590285917904;886
8;EUR/GBP;-0.00835349078184689;887
8;EUR/GBP;-0.00075538559157383;888
8;EUR/GBP;0.00759648057327639;889
8;EUR/GBP;-0.00126890584144743;890
8;EUR/GBP;-0.00790886360523476;891
8;EUR/GBP;0.000605310239970743;892
8;EUR/GBP;-0.00696943870873091;893
8;EUR/GBP;-0.000817429299785486;894
8;EUR/GBP;0.00370770464317412;895
8;EUR/GBP;0.00020711509459803;896
8;EUR/GBP;0.0132078038643231;897
8;EUR/GBP;-0.000422467077700914;898
8;EUR/GBP;0.00340191923994735;899
8;EUR/GBP;-0.00287045736664016;900
8;EUR/GBP;0.0046348922552998;901
8;EUR/GBP;-0.00104471242601613;902
8;EUR/GBP;0.00506412467035865;903
8;EUR/GBP;0.000229579263248752;904
8;EUR/GBP;0.00258924261010102;905
8;EUR/GBP;4.04037683301984E-05;906
8;EUR/GBP;-0.00507670133331186;907
8;EUR/GBP;-0.000121833183448648;908
8;EUR/GBP;0.0010012990661221;909
8;EUR/GBP;-0.00014877832732987;910
8;EUR/GBP;-0.00177351818988705;911
8;EUR/GBP;0.00102929434714079;912
8;EUR/GBP;-0.000880251944301302;913
8;EUR/GBP;0.00086671547366497;914
8;EUR/GBP;0.00159603999633301;915
8;EUR/GBP;5.40584371837307E-05;916
8;EUR/GBP;-0.00880943373207243;917
8;EUR/GBP;0.000368045478217553;918
8;EUR/GBP;0.000367910070578265;919
8;EUR/GBP;0.00147028819625242;920
8;EUR/GBP;0.00825057008061321;921
8;EUR/GBP;0.00103834467535807;922
8;EUR/GBP;-0.00176717816917507;923
8;EUR/GBP;-0.000580747559962681;924
8;EUR/GBP;0.00763079963289503;925
8;EUR/GBP;0.00037532506271542;926
8;EUR/GBP;-0.00617049405964408;927
8;EUR/GBP;-0.000377648602467818;928
8;EUR/GBP;-0.00920191614256414;929
8;EUR/GBP;0.000258645921983122;930
8;EUR/GBP;0.00115628179904278;931
8;EUR/GBP;0.000367009892997119;932
8;EUR/GBP;-0.00484994752011215;933
8;EUR/GBP;0;934
8;EUR/GBP;0.00252327340889291;935
8;EUR/GBP;0.00133407771048799;936
8;EUR/GBP;0.000340041216271637;937
8;EUR/GBP;0.00055741740449597;938
8;EUR/GBP;-0.0194474018431907;939
8;EUR/GBP;-0.00178936830349575;940
8;EUR/GBP;-0.00169522182690307;941
8;EUR/GBP;0.000583925385368282;942
8;EUR/GBP;0.000611365865923062;943
8;EUR/GBP;0.000472163210593928;944
8;EUR/GBP;0.0017478399211657;945
8;EUR/GBP;-0.00141468241787595;946
8;EUR/GBP;-0.00701972296737719;947
8;EUR/GBP;-0.000125801108613479;948
8;EUR/GBP;0.00201092109267882;949
8;EUR/GBP;0.000571815110104613;950
8;EUR/GBP;-0.00549455772734746;951
8;EUR/GBP;0.000882841405145713;952
8;EUR/GBP;0.000742104670811515;953
8;EUR/GBP;-0.000405989043872447;954
8;EUR/GBP;-0.00557448700194362;955
8;EUR/GBP;0.00102736602262795;956
8;EUR/GBP;-0.00717132297794167;957
8;EUR/GBP;0.000226654579392709;958
8;EUR/GBP;0.0135899563503338;959
8;EUR/GBP;-0.00018166700488054;960
8;EUR/GBP;-0.00156649961401543;961
8;EUR/GBP;-0.00236839081229147;962
8;EUR/GBP;-0.00144621307000537;963
8;EUR/GBP;-7.02577758082117E-05;964
8;EUR/GBP;-0.00430919820188674;965
8;EUR/GBP;0.000973304728244923;966
8;EUR/GBP;-0.00496103573630321;967
8;EUR/GBP;0.00178371768296968;968
8;EUR/GBP;0.00278246802070495;969
8;EUR/GBP;0.000789544220242095;970
8;EUR/GBP;-0.0064473479660405;971
8;EUR/GBP;-0.00271293496980844;972
8;EUR/GBP;-0.000796812791162756;973
8;EUR/GBP;0.000739918642710514;974
8;EUR/GBP;-0.004433459153174;975
8;EUR/GBP;-0.000700315170435971;976
8;EUR/GBP;-0.000557744438801957;977
8;EUR/GBP;0.00164373808673176;978
8;EUR/GBP;0.00232520093634339;979
8;EUR/GBP;-0.000270757481329368;980
8;EUR/GBP;-0.000798448770604244;981
8;EUR/GBP;-0.00109890905099617;982
8;EUR/GBP;0.00340696404417283;983
8;EUR/GBP;0.000654403733538215;984
8;EUR/GBP;0.00411575778615437;985
8;EUR/GBP;-0.000467491632622659;986
8;EUR/GBP;-0.00575526844209587;987
8;EUR/GBP;0.000997108468294063;988
8;EUR/GBP;0.000327404468436701;989
8;EUR/GBP;-0.000441309414882214;990
8;EUR/GBP;0.00255972836011272;991
8;EUR/GBP;-0.000539841754242068;992
8;EUR/GBP;-0.00233319212403462;993
8;EUR/GBP;-0.000170935301404805;994
8;EUR/GBP;0.0041511532130683;995
8;EUR/GBP;-0.000156067109173502;996
8;EUR/GBP;0.0083226072612847;997
8;EUR/GBP;-0.00118269894389835;998
8;EUR/GBP;0.0201528342753958;999
8;EUR/GBP;-0.00398434460384803;1000
8;EUR/GBP;-0.00226208332937164;1001
8;EUR/GBP;0.000458381089388635;1002
8;EUR/GBP;-0.000208328993899476;1003
8;EUR/GBP;-0.000111126545467867;1004
8;EUR/GBP;0.00854836106689228;1005
8;EUR/GBP;-0.000495963419088314;1006
8;EUR/GBP;0.00188610465280603;1007
8;EUR/GBP;-0.0019412268863729;1008
8;EUR/GBP;-0.0055276244885196;1009
8;EUR/GBP;0.000526439755588095;1010
8;EUR/GBP;-0.000595728780927007;1011
8;EUR/GBP;0.00132951118507635;1012
8;EUR/GBP;0.00532797196781008;1013
8;EUR/GBP;-0.00183260011743141;1014
8;EUR/GBP;0.00103383403078189;1015
8;EUR/GBP;0.00122543129169356;1016
8;EUR/GBP;0.00296785048840928;1017
8;EUR/GBP;-0.00390399967982604;1018
8;EUR/GBP;-0.000371949501811936;1019
8;EUR/GBP;0.000633608836624327;1020
8;EUR/GBP;0.00305222003941547;1021
8;EUR/GBP;0.000837044048570479;1022
8;EUR/GBP;0.00663037214419322;1023
8;EUR/GBP;-0.00175925529339344;1024
8;EUR/GBP;0.00902253586525692;1025
8;EUR/GBP;-0.000771338716818291;1026
8;EUR/GBP;-0.00675086270166351;1027
8;EUR/GBP;-0.000558952455879797;1028
8;EUR/GBP;0.00266924670597428;1029
8;EUR/GBP;-0.00121117287626032;1030
8;EUR/GBP;-0.00107631637739888;1031
8;EUR/GBP;0.00134861787129368;1032
8;EUR/GBP;0.00362814038150651;1033
8;EUR/GBP;-0.000488420376838799;1034
8;EUR/GBP;0.00107149891233896;1035
8;EUR/GBP;-0.000772991447435832;1036
8;EUR/GBP;-0.000882211285731681;1037
8;EUR/GBP;0.00193983850296196;1038
8;EUR/GBP;-0.000962666252898326;1039
8;EUR/GBP;-0.00108580591031005;1040
8;EUR/GBP;-0.000611284327366701;1041
8;EUR/GBP;-0.000326171161207075;1042
8;EUR/GBP;-0.00420898400418419;1043
8;EUR/GBP;-8.19034358949586E-05;1044
8;EUR/GBP;0.00670746251168328;1045
8;EUR/GBP;-0.00111252826713896;1046
8;EUR/GBP;0.0149424428135742;1047
8;EUR/GBP;-0.000829509165475027;1048
8;EUR/GBP;0.00507330665469908;1049
8;EUR/GBP;0.00267314053516144;1050
8;EUR/GBP;-0.00731822750662274;1051
8;EUR/GBP;-0.00135219283323502;1052
8;EUR/GBP;0.00750096944975714;1053
8;EUR/GBP;-0.00129064037661193;1054
8;EUR/GBP;0.0024866538082181;1055
8;EUR/GBP;0.00315591531461027;1056
8;EUR/GBP;-0.00173584699233052;1057
8;EUR/GBP;-0.00179200812545457;1058
8;EUR/GBP;0.0161051479083135;1059
8;EUR/GBP;2.61472087869985E-05;1060
8;EUR/GBP;-0.000470754392593879;1061
8;EUR/GBP;-0.000418634472812896;1062
8;EUR/GBP;0.00828766422539308;1063
8;EUR/GBP;-0.00150647422680431;1064
8;EUR/GBP;0.000233912050136272;1065
8;EUR/GBP;-0.00491062239197456;1066
8;EUR/GBP;-0.00108436500157357;1067
8;EUR/GBP;-0.00234258039507041;1068
8;EUR/GBP;-0.0101135998607098;1069
8;EUR/GBP;0.0025248032235887;1070
8;EUR/GBP;0.00354509823768445;1071
8;EUR/GBP;0.00244392884462931;1072
8;EUR/GBP;-0.00831531651185038;1073
8;EUR/GBP;0.00212823694498112;1074
8;EUR/GBP;0.0104431017057449;1075
8;EUR/GBP;0.000117601709280519;1076
8;EUR/GBP;-0.00340296647955436;1077
8;EUR/GBP;-0.00156138299373498;1078
8;EUR/GBP;-0.00166904357887615;1079
8;EUR/GBP;-0.000434144840166541;1080
8;EUR/GBP;-0.00764809455457522;1081
8;EUR/GBP;0.00151047423150733;1082
8;EUR/GBP;0.00261804483853551;1083
8;EUR/GBP;0.000739215409341293;1084
8;EUR/GBP;0.00237235527876523;1085
8;EUR/GBP;0.00113147485330321;1086
8;EUR/GBP;0.00980060053021943;1087
8;EUR/GBP;0.000195295971665051;1088
8;EUR/GBP;0.000533614469709191;1089
8;EUR/GBP;-0.000676827786188582;1090
8;EUR/GBP;0.0109292120574489;1091
8;EUR/GBP;-0.00176595365473583;1092
8;EUR/GBP;0.00735259623746308;1093
8;EUR/GBP;-0.000397097351711033;1094
8;EUR/GBP;-0.00551156701535223;1095
8;EUR/GBP;0.000927142150938086;1096
8;EUR/GBP;0.00718191200987596;1097
8;EUR/GBP;-0.00131709363370495;1098
8;EUR/GBP;-0.00792630285916255;1099
8;EUR/GBP;-0.00311315461311328;1100
8;EUR/GBP;-0.000750673052438866;1101
8;EUR/GBP;0.00107406531065957;1102
8;EUR/GBP;0.00880767990963353;1103
8;EUR/GBP;-0.00128284089842475;1104
8;EUR/GBP;0.000808381548766098;1105
8;EUR/GBP;-0.00139904143573657;1106
8;EUR/GBP;-0.00449271174000428;1107
8;EUR/GBP;6.45082215953058E-05;1108
8;EUR/GBP;0.000219296832039657;1109
8;EUR/GBP;0.00572337787361135;1110
8;EUR/GBP;-0.00101367182396212;1111
8;EUR/GBP;0.000295225689346231;1112
8;EUR/GBP;0.00798925386365535;1113
8;EUR/GBP;0.00200961630554215;1114
8;EUR/GBP;0.00572682650215686;1115
8;EUR/GBP;-0.00107444660540944;1116
8;EUR/GBP;-0.000898364657262642;1117
8;EUR/GBP;-0.00105122515395924;1118
8;EUR/GBP;-0.00121725473402566;1119
8;EUR/GBP;-0.000190329969296995;1120
8;EUR/GBP;-0.00786046381431475;1121
8;EUR/GBP;-0.000358184520024514;1122
8;EUR/GBP;-0.00367880744834758;1123
8;EUR/GBP;0.00039801506563068;1124
8;EUR/GBP;-0.0092335330529939;1125
8;EUR/GBP;0.000142502736941581;1126
8;EUR/GBP;0.00133335942134601;1127
8;EUR/GBP;-0.000918921432172995;1128
8;EUR/GBP;0.00184992387864793;1129
8;EUR/GBP;-0.000387812355391171;1130
8;EUR/GBP;-0.00139737109996135;1131
8;EUR/GBP;-0.000168333819309245;1132
8;EUR/GBP;0.00214736706752641;1133
8;EUR/GBP;0.00056840937338913;1134
8;EUR/GBP;-0.00148629726159926;1135
8;EUR/GBP;0.000116398626627618;1136
8;EUR/GBP;0.0137428312412805;1137
8;EUR/GBP;-0.00205581414302356;1138
8;EUR/GBP;-0.00874276207554109;1139
8;EUR/GBP;0.00121134035430672;1140
8;EUR/GBP;-0.000128796270238052;1141
8;EUR/GBP;0.0011585696823862;1142
8;EUR/GBP;0.00984498071577472;1143
8;EUR/GBP;-0.000445982027945557;1144
8;EUR/GBP;0.00288897998564887;1145
8;EUR/GBP;0.000177902027281543;1146
8;EUR/GBP;-0.00760168958241382;1147
8;EUR/GBP;0.000780685122806012;1148
8;EUR/GBP;-0.00330608466387108;1149
8;EUR/GBP;0.000615913688904499;1150
8;EUR/GBP;0.00352137838348446;1151
8;EUR/GBP;-0.00042191126425742;1152
8;EUR/GBP;0.0094438782577471;1153
8;EUR/GBP;-0.000658936854609594;1154
8;EUR/GBP;0.00404812757903996;1155
8;EUR/GBP;-0.000227272728250924;1156
8;EUR/GBP;-0.00246543772590314;1157
8;EUR/GBP;-6.32963471889362E-05;1158
8;EUR/GBP;-5.06399625373006E-05;1159
8;EUR/GBP;-0.000329222278659245;1160
8;EUR/GBP;-0.0050150238101289;1161
8;EUR/GBP;-0.000305522318235721;1162
8;EUR/GBP;-0.000178264468543665;1163
8;EUR/GBP;-0.000675146360429067;1164
8;EUR/GBP;0.00452621778915405;1165
8;EUR/GBP;0.000228310503274966;1166
8;EUR/GBP;0.00468153801867162;1167
8;EUR/GBP;-0.000201992148242028;1168
8;EUR/GBP;0.0107996478675757;1169
8;EUR/GBP;0.000424575430953469;1170
8;EUR/GBP;-0.00286312826475384;1171
8;EUR/GBP;-0.000463371726335516;1172
8;EUR/GBP;0.00747534071766209;1173
8;EUR/GBP;-0.000547209246566722;1174
8;EUR/GBP;0.00430738195378992;1175
8;EUR/GBP;-0.000830240631584856;1176
8;EUR/GBP;0.00297081395928353;1177
8;EUR/GBP;-0.000284320938443669;1178
8;EUR/GBP;-0.00232705052467008;1179
8;EUR/GBP;9.91338183441793E-05;1180
8;EUR/GBP;-0.00727520137624793;1181
8;EUR/GBP;0.000573988361299955;1182
8;EUR/GBP;-0.00415010970917045;1183
8;EUR/GBP;-0.000538776239218847;1184
8;EUR/GBP;-0.00481171819409591;1185
8;EUR/GBP;0.000956648781482831;1186
8;EUR/GBP;0.000566005712901358;1187
8;EUR/GBP;0.00169609749873927;1188
8;EUR/GBP;-0.00248859522876513;1189
8;EUR/GBP;0.00252625362941726;1190
8;EUR/GBP;-0.00567729166688925;1191
8;EUR/GBP;-0.00071982878760919;1192
8;EUR/GBP;-0.00304922645525078;1193
8;EUR/GBP;0.000380078807580662;1194
8;EUR/GBP;-0.0021429983537834;1195
8;EUR/GBP;0.000697929715086912;1196
8;EUR/GBP;-0.00052022865856738;1197
8;EUR/GBP;0.000367994623817607;1198
8;EUR/GBP;-0.0122929610229956;1199
8;EUR/GBP;-0.00138812150356574;1200
8;EUR/GBP;0.000462921298788581;1201
8;EUR/GBP;-0.000244292869791811;1202
8;EUR/GBP;-0.00368447913049788;1203
8;EUR/GBP;0.000322611868462408;1204
8;EUR/GBP;0.00424875108055498;1205
8;EUR/GBP;0.000860425000269891;1206
8;EUR/GBP;-0.00250628308225915;1207
8;EUR/GBP;0.000270209413938606;1208
8;EUR/GBP;0.00811080178821736;1209
8;EUR/GBP;0.00144100512709111;1210
8;EUR/GBP;0.00057327398332943;1211
8;EUR/GBP;0.000891106813556027;1212
8;EUR/GBP;0.00707514236037793;1213
8;EUR/GBP;-0.00125161999967206;1214
8;EUR/GBP;0.00271617426688011;1215
8;EUR/GBP;-0.000593138540474577;1216
8;EUR/GBP;-0.00607781449544493;1217
8;EUR/GBP;-0.000876730486963719;1218
8;EUR/GBP;0.0046290801055143;1219
8;EUR/GBP;-0.00138014013233918;1220
8;EUR/GBP;0.000949842081024804;1221
8;EUR/GBP;-0.000202557286424983;1222
8;EUR/GBP;-0.00322110480774903;1223
8;EUR/GBP;-0.000330305535620676;1224
8;EUR/GBP;0.00491787647026218;1225
8;EUR/GBP;0.000606719436160752;1226
8;EUR/GBP;-0.00543565675979919;1227
8;EUR/GBP;0.000381078201857771;1228
8;EUR/GBP;-0.000279443147840176;1229
8;EUR/GBP;0.000165134934670459;1230
8;EUR/GBP;-0.00124553593204759;1231
8;EUR/GBP;-0.00378423941887791;1232
8;EUR/GBP;-0.00112401181827989;1233
8;EUR/GBP;0.000178904593213692;1234
8;EUR/GBP;-0.0175955350663258;1235
8;EUR/GBP;-0.000299150025967767;1236
8;EUR/GBP;-0.00200531344870104;1237
8;EUR/GBP;0.000208531547668573;1238
8;EUR/GBP;0.00861593298851976;1239
8;EUR/GBP;0.00045210001222161;1240
8;EUR/GBP;0.000129133899119157;1241
8;EUR/GBP;-3.87384188316728E-05;1242
8;EUR/GBP;-0.0166405756444702;1243
8;EUR/GBP;0.000472558783291549;1244
8;EUR/GBP;-0.00530281843954045;1245
8;EUR/GBP;0.00141068850479617;1246
8;EUR/GBP;0.00521672897824714;1247
8;EUR/GBP;0.00015726155249569;1248
8;EUR/GBP;-0.00339973418389094;1249
8;EUR/GBP;-0.00123674462517935;1250
8;EUR/GBP;0.0018282622795107;1251
8;EUR/GBP;0.000998213805699342;1252
8;EUR/GBP;0.00836671808813941;1253
8;EUR/GBP;0.000767794320904232;1254
8;EUR/GBP;0.0102886226041167;1255
8;EUR/GBP;-0.00110789061251566;1256
8;EUR/GBP;-0.0037579222002275;1257
8;EUR/GBP;0.00146093952743671;1258
8;EUR/GBP;0.0103462715961409;1259
8;EUR/GBP;0.00864439458698616;1260
8;EUR/GBP;-0.00401372315799812;1261
8;EUR/GBP;0.00025451121259268;1262
8;EUR/GBP;-0.00629266041826654;1263
8;EUR/GBP;-0.000192082365508625;1264
8;EUR/GBP;0.00600111608324618;1265
8;EUR/GBP;8.91067053386367E-05;1266
8;EUR/GBP;-0.00523254039850304;1267
8;EUR/GBP;0.000486120004455795;1268
8;EUR/GBP;0.00914097111967201;1269
8;EUR/GBP;0.00368110216122026;1270
8;EUR/GBP;0.00203081611449759;1271
8;EUR/GBP;0.00127188829567803;1272
8;EUR/GBP;-0.000490933475787534;1273
8;EUR/GBP;-0.00027704319532442;1274
8;EUR/GBP;-0.001209814768676;1275
8;EUR/GBP;0.00034040836724665;1276
8;EUR/GBP;-0.00318166017602835;1277
8;EUR/GBP;-0.00302690885059871;1278
8;EUR/GBP;-0.00405442887902406;1279
8;EUR/GBP;-0.00909626368053923;1280
8;EUR/GBP;-0.0107374389838542;1281
8;EUR/GBP;0.0022578352548937;1282
8;EUR/GBP;-0.00314159492979812;1283
8;EUR/GBP;-0.002616865292753;1284
8;EUR/GBP;0.0024088082843824;1285
8;EUR/GBP;-0.00407884585695216;1286
8;EUR/GBP;-0.00138511416667245;1287
8;EUR/GBP;0.0175373735721625;1288
8;EUR/GBP;0.043755447924731;1289
8;EUR/GBP;0.00998576527091407;1290
8;EUR/GBP;0.0151180213620841;1291
8;EUR/GBP;-0.00130818594894191;1292
8;EUR/GBP;-0.00371785659110493;1293
8;EUR/GBP;-0.000337577163699555;1294
8;EUR/GBP;-0.00350305365172928;1295
8;EUR/GBP;0.000362954453201189;1296
8;EUR/GBP;0.00791584704140608;1297
8;EUR/GBP;-0.00058821765748723;1298
8;EUR/GBP;0.00642758043473811;1299
8;EUR/GBP;-0.000668361465199066;1300
8;EUR/GBP;0.00177733291850127;1301
8;EUR/GBP;8.34212235993726E-05;1302
8;EUR/GBP;0.0121642888802726;1303
8;EUR/GBP;0.004744911655282;1304
8;EUR/GBP;0.00589965320359325;1305
8;EUR/GBP;0.00048910006564733;1306
8;EUR/GBP;-0.00222617301064184;1307
8;EUR/GBP;-0.000163370091967333;1308
8;EUR/GBP;-0.00378832621060414;1309
8;EUR/GBP;-0.000456971458953705;1310
8;EUR/GBP;-0.00305182465866963;1311
8;EUR/GBP;0.00099873697459623;1312
8;EUR/GBP;-0.0198672212789791;1313
8;EUR/GBP;-0.00160656086732199;1314
8;EUR/GBP;0.0130413826217034;1315
8;EUR/GBP;0.00152663654878606;1316
8;EUR/GBP;-0.0141841281908117;1317
8;EUR/GBP;-0.00237769403753353;1318
8;EUR/GBP;0.00661468421810052;1319
8;EUR/GBP;-0.00224791743887869;1320
8;EUR/GBP;0.000155603832956209;1321
8;EUR/GBP;-0.00142527796083352;1322
8;EUR/GBP;0.00898472208402906;1323
8;EUR/GBP;-0.00185475869978705;1324
8;EUR/GBP;-0.00762149643774696;1325
8;EUR/GBP;-0.00268972304330015;1326
8;EUR/GBP;0.00363660768402409;1327
8;EUR/GBP;-0.0015346436764467;1328
8;EUR/GBP;0.00488348846574142;1329
8;EUR/GBP;-0.00206778336859415;1330
8;EUR/GBP;0.00119577189357128;1331
8;EUR/GBP;0.00205338881184223;1332
8;EUR/GBP;-0.00194583944359099;1333
8;EUR/GBP;-0.00153067965741218;1334
8;EUR/GBP;0.00225932065480024;1335
8;EUR/GBP;-0.00109913752672725;1336
8;EUR/GBP;0.00598283215218256;1337
8;EUR/GBP;0.00039204272579777;1338
8;EUR/GBP;0.00326105935368729;1339
