8;EUR/AUD;0.00968939158668759;5
8;EUR/AUD;-0.00196337165169839;6
8;EUR/AUD;-0.00106339665653793;7
8;EUR/AUD;-0.00229476893623231;8
8;EUR/AUD;-0.00312778330804452;9
8;EUR/AUD;-0.0014252028813563;10
8;EUR/AUD;-0.00224923471056241;11
8;EUR/AUD;-0.00251578944031335;12
8;EUR/AUD;-0.00146766263962771;13
8;EUR/AUD;-0.000530258235700061;14
8;EUR/AUD;-0.000359872362215704;15
8;EUR/AUD;0.000560078645196499;16
8;EUR/AUD;0.000936294923848314;17
8;EUR/AUD;0.000580731589402797;18
8;EUR/AUD;0.000238329614319137;19
8;EUR/AUD;0.00128622881222331;20
8;EUR/AUD;0.00079197101093391;21
8;EUR/AUD;0.000786726335856588;22
8;EUR/AUD;0.000660324394791239;23
8;EUR/AUD;0.000854856478376813;24
8;EUR/AUD;0.000174279388732712;25
8;EUR/AUD;0.000141515002562946;26
8;EUR/AUD;-0.00012435898256135;27
8;EUR/AUD;-0.000522303153760607;28
8;EUR/AUD;-0.000439446736488877;29
8;EUR/AUD;-0.00029885771154344;30
8;EUR/AUD;-3.01290637963116E-05;31
8;EUR/AUD;0.000166230920011076;32
8;EUR/AUD;0.00126142888420055;33
8;EUR/AUD;0.00112880714506791;34
8;EUR/AUD;0.000548873288261818;35
8;EUR/AUD;0.000293237909015083;36
8;EUR/AUD;0.00010725684346425;37
8;EUR/AUD;-0.000316246921392781;38
8;EUR/AUD;-0.000277028263275533;39
8;EUR/AUD;2.87775431014808E-05;40
8;EUR/AUD;-0.000571163215441321;41
8;EUR/AUD;-0.001365927454391;42
8;EUR/AUD;-0.00157559702510247;43
8;EUR/AUD;-0.00198699323432688;44
8;EUR/AUD;-0.00200335564869427;45
8;EUR/AUD;-0.00217640050972124;46
8;EUR/AUD;-0.00149069013091619;47
8;EUR/AUD;-0.00104010992331014;48
8;EUR/AUD;-0.000491904326675435;49
8;EUR/AUD;-0.000297478429818339;50
8;EUR/AUD;0.000739993894349298;51
8;EUR/AUD;0.00166572411249676;52
8;EUR/AUD;0.00157326278319642;53
8;EUR/AUD;0.00206787575261924;54
8;EUR/AUD;0.0017900717832745;55
8;EUR/AUD;0.00188980269229229;56
8;EUR/AUD;0.00131769624972482;57
8;EUR/AUD;0.000656258997132954;58
8;EUR/AUD;-0.000406616176471279;59
8;EUR/AUD;0.000186120900258799;60
8;EUR/AUD;-9.95018382540012E-05;61
8;EUR/AUD;0.00190928512737842;62
8;EUR/AUD;0.0024536190158394;63
8;EUR/AUD;0.0033604607947684;64
8;EUR/AUD;0.00230165327972302;65
8;EUR/AUD;0.00224114961388376;66
8;EUR/AUD;-0.000196847860277578;67
8;EUR/AUD;-0.000207209617519489;68
8;EUR/AUD;-0.000795620613722308;69
8;EUR/AUD;0.00027566842622722;70
8;EUR/AUD;-0.000171008832919352;71
8;EUR/AUD;-9.33113895699501E-05;72
8;EUR/AUD;-0.000235962221559852;73
8;EUR/AUD;-0.000277594056835749;74
8;EUR/AUD;-0.000861916665393711;75
8;EUR/AUD;-0.000719317813726263;76
8;EUR/AUD;-0.000230873518637014;77
8;EUR/AUD;-9.60203477771246E-05;78
8;EUR/AUD;-0.000290979052775149;79
8;EUR/AUD;-0.000459042389837252;80
8;EUR/AUD;0.000172924349873526;81
8;EUR/AUD;-0.000284418402656882;82
8;EUR/AUD;-0.000331234508505607;83
8;EUR/AUD;0.000229960496818824;84
8;EUR/AUD;0.000509693549727381;85
8;EUR/AUD;-0.00112603663822139;86
8;EUR/AUD;-0.00167704649600186;87
8;EUR/AUD;-0.00139327930600757;88
8;EUR/AUD;-0.00121907123985526;89
8;EUR/AUD;-0.00114472441669382;90
8;EUR/AUD;0.000139795734082896;91
8;EUR/AUD;0.00181216320169503;92
8;EUR/AUD;0.00247070116192972;93
8;EUR/AUD;0.00305058468700832;94
8;EUR/AUD;0.0033928749183849;95
8;EUR/AUD;0.00413116050145003;96
8;EUR/AUD;0.0029586624426199;97
8;EUR/AUD;0.00188924683695211;98
8;EUR/AUD;0.00233696382020297;99
8;EUR/AUD;0.00257333859784922;100
8;EUR/AUD;0.00075466728115749;101
8;EUR/AUD;0.00086575246759119;102
8;EUR/AUD;0.001618884237264;103
8;EUR/AUD;-0.000700651047476128;104
8;EUR/AUD;-0.00120790973469714;105
8;EUR/AUD;-0.000793051313517853;106
8;EUR/AUD;-0.000852955989177646;107
8;EUR/AUD;-0.00161632246656799;108
8;EUR/AUD;-0.000141702284334429;109
8;EUR/AUD;-0.00160826506529607;110
8;EUR/AUD;-0.00100700948757846;111
8;EUR/AUD;-0.0016188386555603;112
8;EUR/AUD;-0.000514292410298598;113
8;EUR/AUD;-0.00106533751686722;114
8;EUR/AUD;-0.000198084768168465;115
8;EUR/AUD;-0.000562794767896838;116
8;EUR/AUD;0.000541070102239287;117
8;EUR/AUD;0.000445113081416985;118
8;EUR/AUD;0.000148873509315697;119
8;EUR/AUD;0.00106528645525915;120
8;EUR/AUD;0.00135087449277703;121
8;EUR/AUD;0.00102273788617489;122
8;EUR/AUD;-0.00010381388070851;123
8;EUR/AUD;-0.00114764642756819;124
8;EUR/AUD;-0.00181696103889865;125
8;EUR/AUD;-0.00240473012229299;126
8;EUR/AUD;-0.00274117241785082;127
8;EUR/AUD;-0.00224318766590555;128
8;EUR/AUD;-0.00068632428608327;129
8;EUR/AUD;0.000934331221175412;130
8;EUR/AUD;0.00037433425755558;131
8;EUR/AUD;1.29761854552246E-06;132
8;EUR/AUD;-0.00027373717076321;133
8;EUR/AUD;-0.000474434563228388;134
8;EUR/AUD;-0.00220686723034191;135
8;EUR/AUD;-0.0012670101569968;136
8;EUR/AUD;-0.000929952934334059;137
8;EUR/AUD;0.000646765281907348;138
8;EUR/AUD;0.000589632619695565;139
8;EUR/AUD;-0.00149929750071124;140
8;EUR/AUD;-0.00209853700325945;141
8;EUR/AUD;-0.00209154288588052;142
8;EUR/AUD;-0.00351027048036208;143
8;EUR/AUD;-0.00425426918869681;144
8;EUR/AUD;-0.00136682575377638;145
8;EUR/AUD;0.000174954545997928;146
8;EUR/AUD;0.000143541463634073;147
8;EUR/AUD;-0.000652950893081787;148
8;EUR/AUD;0.000560980565190693;149
8;EUR/AUD;0.000357064132497664;150
8;EUR/AUD;-0.000651923255247788;151
8;EUR/AUD;-0.00142150952804777;152
8;EUR/AUD;-0.000550395944198677;153
8;EUR/AUD;-0.00123358834623751;154
8;EUR/AUD;-0.000218642593854845;155
8;EUR/AUD;-3.82594586134248E-05;156
8;EUR/AUD;0.00139122953681062;157
8;EUR/AUD;0.00129946049023107;158
8;EUR/AUD;0.00147992218603496;159
8;EUR/AUD;-8.69966401379843E-05;160
8;EUR/AUD;0.000691497582062071;161
8;EUR/AUD;0.000235536415292006;162
8;EUR/AUD;0.000401071850633317;163
8;EUR/AUD;0.000592853985482034;164
8;EUR/AUD;0.00123548862665503;165
8;EUR/AUD;0.000792605148664001;166
8;EUR/AUD;0.000712811994117787;167
8;EUR/AUD;0.000364867803842431;168
8;EUR/AUD;0.000216459466140588;169
8;EUR/AUD;-0.00127240772777971;170
8;EUR/AUD;-0.00166362410714178;171
8;EUR/AUD;-0.00163284472362309;172
8;EUR/AUD;-0.00148197571997439;173
8;EUR/AUD;-0.00215135214374405;174
8;EUR/AUD;-0.000626024072860795;175
8;EUR/AUD;-0.00134093519412547;176
8;EUR/AUD;-0.00116997753213282;177
8;EUR/AUD;-0.00159421518394131;178
8;EUR/AUD;-0.000657124578503774;179
8;EUR/AUD;-0.000904187043907174;180
8;EUR/AUD;0.000201979952054619;181
8;EUR/AUD;0.00229374252251171;182
8;EUR/AUD;0.00255756438197058;183
8;EUR/AUD;0.00275995769960259;184
8;EUR/AUD;0.00212141525249324;185
8;EUR/AUD;0.00204941622747076;186
8;EUR/AUD;1.4450534840234E-05;187
8;EUR/AUD;-0.000110463819333029;188
8;EUR/AUD;-0.000127254424580434;189
8;EUR/AUD;-0.000326328743266275;190
8;EUR/AUD;-0.000510718112502701;191
8;EUR/AUD;-0.000855692308697949;192
8;EUR/AUD;-0.0010048615720015;193
8;EUR/AUD;-0.00131664311405773;194
8;EUR/AUD;-0.000217409228359313;195
8;EUR/AUD;-8.96417640159485E-05;196
8;EUR/AUD;0.000287394254109337;197
8;EUR/AUD;0.000678373874432157;198
8;EUR/AUD;0.000282491516118699;199
8;EUR/AUD;-0.000528035685094706;200
8;EUR/AUD;0.000208223529614777;201
8;EUR/AUD;0.000321181595822591;202
8;EUR/AUD;0.000553924034981476;203
8;EUR/AUD;0.000877924667107693;204
8;EUR/AUD;0.00169662648455421;205
8;EUR/AUD;0.00118851369022121;206
8;EUR/AUD;0.000635575671290334;207
8;EUR/AUD;3.94170222421915E-06;208
8;EUR/AUD;-2.49550972751725E-05;209
8;EUR/AUD;1.83485036268704E-05;210
8;EUR/AUD;-0.000129670686852433;211
8;EUR/AUD;0.00155153939623275;212
8;EUR/AUD;0.00103528717889533;213
8;EUR/AUD;0.000119493534818261;214
8;EUR/AUD;9.43371522430382E-05;215
8;EUR/AUD;-0.000235980493438486;216
8;EUR/AUD;-0.00189402657925073;217
8;EUR/AUD;-0.000586441586252799;218
8;EUR/AUD;4.06902912400123E-05;219
8;EUR/AUD;-0.000372366337618883;220
8;EUR/AUD;0.00117712794435485;221
8;EUR/AUD;0.0011719947242544;222
8;EUR/AUD;0.00059166993435653;223
8;EUR/AUD;0.00115294460029328;224
8;EUR/AUD;0.000778032718070592;225
8;EUR/AUD;-0.000727693969729769;226
8;EUR/AUD;-0.00126394935283407;227
8;EUR/AUD;-0.00139031540181782;228
8;EUR/AUD;-0.00166545876134088;229
8;EUR/AUD;-0.00101834081404467;230
8;EUR/AUD;-0.00040483854678328;231
8;EUR/AUD;-4.73074196008303E-05;232
8;EUR/AUD;0.000255177573731927;233
8;EUR/AUD;0.000513826613266174;234
8;EUR/AUD;0.000427889069601518;235
8;EUR/AUD;9.44045646400386E-05;236
8;EUR/AUD;0.000294175639089938;237
8;EUR/AUD;0.000762275544996078;238
8;EUR/AUD;0.000149563125229813;239
8;EUR/AUD;0.000243723495751814;240
8;EUR/AUD;8.12571274988032E-05;241
8;EUR/AUD;0.000940032235725759;242
8;EUR/AUD;0.00102142332774035;243
8;EUR/AUD;0.00054744320736506;244
8;EUR/AUD;0.000100809423232979;245
8;EUR/AUD;0.000428020438695984;246
8;EUR/AUD;-0.000201250645889456;247
8;EUR/AUD;-0.000649868118862872;248
8;EUR/AUD;9.67598543939123E-05;249
8;EUR/AUD;0.00148528929409879;250
8;EUR/AUD;0.00179759818142761;251
8;EUR/AUD;0.00237332115168615;252
8;EUR/AUD;0.00220460958012391;253
8;EUR/AUD;0.00203415832522675;254
8;EUR/AUD;0.000241505151590962;255
8;EUR/AUD;2.59149600947851E-05;256
8;EUR/AUD;-0.000791008659600727;257
8;EUR/AUD;-0.0011499686498086;258
8;EUR/AUD;-0.000853283448003437;259
8;EUR/AUD;-0.000454687371061538;260
8;EUR/AUD;-0.000795823307752783;261
8;EUR/AUD;-0.000593690048006637;262
8;EUR/AUD;-0.000301875065443672;263
8;EUR/AUD;-0.000416290096243135;264
8;EUR/AUD;-0.000472670317762248;265
8;EUR/AUD;-0.000582317891647729;266
8;EUR/AUD;-0.00081349680639056;267
8;EUR/AUD;-0.000839051655202067;268
8;EUR/AUD;-0.0007959612264855;269
8;EUR/AUD;-0.00074447120814053;270
8;EUR/AUD;-0.000446679477776812;271
8;EUR/AUD;-0.00114763648275341;272
8;EUR/AUD;-0.000899060516381055;273
8;EUR/AUD;-0.00151188766665812;274
8;EUR/AUD;-0.000440147941537838;275
8;EUR/AUD;-0.00077162762871072;276
8;EUR/AUD;6.17415726014995E-05;277
8;EUR/AUD;0.000225800335116385;278
8;EUR/AUD;0.000875453254558222;279
8;EUR/AUD;-0.000246696528975707;280
8;EUR/AUD;0.000432687748664636;281
8;EUR/AUD;0.000934302529558866;282
8;EUR/AUD;0.00105081228026982;283
8;EUR/AUD;0.00140504627978744;284
8;EUR/AUD;0.00201580500856053;285
8;EUR/AUD;0.00102682908629805;286
8;EUR/AUD;0.00113675185439192;287
8;EUR/AUD;0.000750372157668981;288
8;EUR/AUD;0.000329246029544151;289
8;EUR/AUD;-0.000318718947641006;290
8;EUR/AUD;-0.00030253640769207;291
8;EUR/AUD;-0.000415103941228576;292
8;EUR/AUD;-9.624451494461E-05;293
8;EUR/AUD;0.00100649373566696;294
8;EUR/AUD;0.00123690727127265;295
8;EUR/AUD;0.00169196291890319;296
8;EUR/AUD;0.00126733097327187;297
8;EUR/AUD;0.00172922378610196;298
8;EUR/AUD;0.000494901030093136;299
8;EUR/AUD;0.000172015207435065;300
8;EUR/AUD;-4.91791612254402E-05;301
8;EUR/AUD;-0.00149933141636634;302
8;EUR/AUD;-0.0015874743450528;303
8;EUR/AUD;-0.00116100674528172;304
8;EUR/AUD;-0.00123974305385046;305
8;EUR/AUD;-0.00125165954238829;306
8;EUR/AUD;0.000282796078850229;307
8;EUR/AUD;-0.000356515610636691;308
8;EUR/AUD;-0.000414518692892473;309
8;EUR/AUD;-4.94376470197594E-05;310
8;EUR/AUD;0.000620316832599728;311
8;EUR/AUD;0.000642297217682909;312
8;EUR/AUD;0.000607256986894154;313
8;EUR/AUD;0.000215812861804681;314
8;EUR/AUD;-0.000804426073792747;315
8;EUR/AUD;-0.00153151582397773;316
8;EUR/AUD;-0.00117042004898488;317
8;EUR/AUD;-0.00108055592380919;318
8;EUR/AUD;-0.000818982235581436;319
8;EUR/AUD;0.000306767546705845;320
8;EUR/AUD;0.000615318775396474;321
8;EUR/AUD;3.9171522304439E-06;322
8;EUR/AUD;-0.00116125262008146;323
8;EUR/AUD;-0.000786980556576741;324
8;EUR/AUD;-0.00101609024648382;325
8;EUR/AUD;-0.000806439529813356;326
8;EUR/AUD;-0.000439198639304108;327
8;EUR/AUD;0.000489150100067204;328
8;EUR/AUD;0.000137487197827635;329
8;EUR/AUD;0.00058648381087521;330
8;EUR/AUD;0.000421270377052423;331
8;EUR/AUD;0.000691041003623286;332
8;EUR/AUD;0.000758240224209727;333
8;EUR/AUD;-0.000112601557137695;334
8;EUR/AUD;-0.000722878153173556;335
8;EUR/AUD;-0.000794875611294522;336
8;EUR/AUD;-0.00119154242108658;337
8;EUR/AUD;-0.00151805125114551;338
8;EUR/AUD;-0.00111766252152717;339
8;EUR/AUD;-0.000657043765243998;340
8;EUR/AUD;-0.00107224754007794;341
8;EUR/AUD;-0.000828180306716424;342
8;EUR/AUD;-0.000518694340231871;343
8;EUR/AUD;0.000147452825068545;344
8;EUR/AUD;-0.000188312151156168;345
8;EUR/AUD;-0.000839434779905125;346
8;EUR/AUD;-0.000975859690601514;347
8;EUR/AUD;-0.000209702380341723;348
8;EUR/AUD;-0.000490173716700082;349
8;EUR/AUD;-0.00054882749023727;350
8;EUR/AUD;0.000653344671157988;351
8;EUR/AUD;-0.000294086530309663;352
8;EUR/AUD;-0.00125222957081513;353
8;EUR/AUD;-0.00102109195348734;354
8;EUR/AUD;-0.000730584750141657;355
8;EUR/AUD;-0.00119987646002907;356
8;EUR/AUD;-0.00112735523601698;357
8;EUR/AUD;-0.00174978777129199;358
8;EUR/AUD;-0.00184772664669894;359
8;EUR/AUD;-0.00190648290655123;360
8;EUR/AUD;-0.0014264064515124;361
8;EUR/AUD;-0.00103723441217749;362
8;EUR/AUD;-0.000206394217835765;363
8;EUR/AUD;-0.000515928739560666;364
8;EUR/AUD;-0.00131619183682106;365
8;EUR/AUD;-0.00151482302642672;366
8;EUR/AUD;-0.00135406853891001;367
8;EUR/AUD;-0.00139808484817304;368
8;EUR/AUD;-0.000945520131739349;369
8;EUR/AUD;-3.90807929254284E-05;370
8;EUR/AUD;0.00062316457599004;371
8;EUR/AUD;0.000635819219408953;372
8;EUR/AUD;0.000569024951679816;373
8;EUR/AUD;0.000742804939274302;374
8;EUR/AUD;0.000819097247460363;375
8;EUR/AUD;0.000802002053724517;376
8;EUR/AUD;-0.000209920088168545;377
8;EUR/AUD;2.69278670170442E-05;378
8;EUR/AUD;-0.000395280959566118;379
8;EUR/AUD;-0.000448810304038184;380
8;EUR/AUD;-0.000616639004263021;381
8;EUR/AUD;0.00103802860310081;382
8;EUR/AUD;0.000879889921876164;383
8;EUR/AUD;0.0007844200787547;384
8;EUR/AUD;0.000857774125869919;385
8;EUR/AUD;0.000565771240095585;386
8;EUR/AUD;4.95508618693087E-05;387
8;EUR/AUD;-0.000249468570472683;388
8;EUR/AUD;-0.000253525411637768;389
8;EUR/AUD;-0.000502942476981056;390
8;EUR/AUD;-0.000685297302684141;391
8;EUR/AUD;-0.000146009363139476;392
8;EUR/AUD;0.000219977756137719;393
8;EUR/AUD;0.00016637038493337;394
8;EUR/AUD;-0.000319858147952261;395
8;EUR/AUD;-0.000360353189732683;396
8;EUR/AUD;-0.00084465652799613;397
8;EUR/AUD;-0.00106996693125559;398
8;EUR/AUD;-0.0012093326012497;399
8;EUR/AUD;-0.000700634655505319;400
8;EUR/AUD;-0.00152793672248199;401
8;EUR/AUD;-0.00138276156774445;402
8;EUR/AUD;-0.00117466501945506;403
8;EUR/AUD;-0.000738063086260489;404
8;EUR/AUD;-0.000625906672233139;405
8;EUR/AUD;0.000961894794499947;406
8;EUR/AUD;0.00103392231234596;407
8;EUR/AUD;0.00107894962935733;408
8;EUR/AUD;0.00083518713716285;409
8;EUR/AUD;0.000470626637157627;410
8;EUR/AUD;-0.000663767520281759;411
8;EUR/AUD;-0.000941801361329654;412
8;EUR/AUD;-0.00108301683312103;413
8;EUR/AUD;-0.00117810903703456;414
8;EUR/AUD;-0.000713133838782199;415
8;EUR/AUD;-0.000791010925518905;416
8;EUR/AUD;-0.000683789180058785;417
8;EUR/AUD;-0.000365029225634085;418
8;EUR/AUD;8.27345825394657E-05;419
8;EUR/AUD;4.60854480460326E-05;420
8;EUR/AUD;0.000826214803452361;421
8;EUR/AUD;0.000111410775759237;422
8;EUR/AUD;-0.000643474498122284;423
8;EUR/AUD;-0.000286325951559578;424
8;EUR/AUD;-0.000197971486577426;425
8;EUR/AUD;-0.000303498418807785;426
8;EUR/AUD;0.000718600994078517;427
8;EUR/AUD;0.00178384272119333;428
8;EUR/AUD;0.00111989730125663;429
8;EUR/AUD;0.00051215376332877;430
8;EUR/AUD;0.00045642793996358;431
8;EUR/AUD;-1.2181133458208E-05;432
8;EUR/AUD;-0.000729248863910438;433
8;EUR/AUD;-0.000952937087136011;434
8;EUR/AUD;-0.000560998782397171;435
8;EUR/AUD;-0.00114779101300946;436
8;EUR/AUD;-0.00113473941461611;437
8;EUR/AUD;-0.00121953669894551;438
8;EUR/AUD;-0.000838923412205612;439
8;EUR/AUD;-0.000346327488168271;440
8;EUR/AUD;-9.79891823215132E-05;441
8;EUR/AUD;-6.80612415116847E-06;442
8;EUR/AUD;0.00154187057381314;443
8;EUR/AUD;0.00116971712119412;444
8;EUR/AUD;0.000927622802920325;445
8;EUR/AUD;0.000904573296560266;446
8;EUR/AUD;0.00144720296446726;447
8;EUR/AUD;-7.44427797406982E-05;448
8;EUR/AUD;-0.000409505550029453;449
8;EUR/AUD;-0.000623365864504635;450
8;EUR/AUD;-0.000134204992987844;451
8;EUR/AUD;-0.000514205193905574;452
8;EUR/AUD;5.95564403185226E-05;453
8;EUR/AUD;0.00130424068331746;454
8;EUR/AUD;0.00101806192804683;455
8;EUR/AUD;0.000779569788020439;456
8;EUR/AUD;0.000552041753594057;457
8;EUR/AUD;0.000338052627372252;458
8;EUR/AUD;-0.00030905545191757;459
8;EUR/AUD;-8.23892905574883E-05;460
8;EUR/AUD;2.16114000345407E-05;461
8;EUR/AUD;3.64784761114897E-05;462
8;EUR/AUD;-2.02670522084071E-05;463
8;EUR/AUD;2.70124257158294E-06;464
8;EUR/AUD;0.000156645631045502;465
8;EUR/AUD;0.000114771422365722;466
8;EUR/AUD;-0.000480156585765326;467
8;EUR/AUD;-0.0002068413285663;468
8;EUR/AUD;-0.000497643887116745;469
8;EUR/AUD;-0.000901036496603881;470
8;EUR/AUD;-0.0010421060538107;471
8;EUR/AUD;-0.000158501693222926;472
8;EUR/AUD;-0.000635379204496501;473
8;EUR/AUD;-0.000424244431609773;474
8;EUR/AUD;-0.000212999067063244;475
8;EUR/AUD;0.00191087911814001;476
8;EUR/AUD;0.00189512230538289;477
8;EUR/AUD;0.00214995609066128;478
8;EUR/AUD;0.00190272493712947;479
8;EUR/AUD;0.00193038522131743;480
8;EUR/AUD;-7.12454176903275E-05;481
8;EUR/AUD;-0.000302284318946704;482
8;EUR/AUD;9.39458620701458E-05;483
8;EUR/AUD;0.000544922893676386;484
8;EUR/AUD;0.000806336392189266;485
8;EUR/AUD;0.000762217523584543;486
8;EUR/AUD;0.000633600100353286;487
8;EUR/AUD;0.000128768322076733;488
8;EUR/AUD;1.34034332892942E-06;489
8;EUR/AUD;-0.000725690687832468;490
8;EUR/AUD;-0.000109859195431208;491
8;EUR/AUD;2.14428347632971E-05;492
8;EUR/AUD;0.000115284595272282;493
8;EUR/AUD;-0.00034342141943068;494
8;EUR/AUD;0.000469786262015053;495
8;EUR/AUD;3.21601576540772E-05;496
8;EUR/AUD;0.000473835543784383;497
8;EUR/AUD;0.000457800882574064;498
8;EUR/AUD;0.00100579109824051;499
8;EUR/AUD;0.000946949934332816;500
8;EUR/AUD;0.000907728264289786;501
8;EUR/AUD;6.6845590035813E-06;502
8;EUR/AUD;-0.000736742826070928;503
8;EUR/AUD;-0.000969543040600782;504
8;EUR/AUD;-0.0012152640899105;505
8;EUR/AUD;-0.00159896932618893;506
8;EUR/AUD;-0.00116783368110153;507
8;EUR/AUD;0.000573553945963117;508
8;EUR/AUD;0.000629934444720361;509
8;EUR/AUD;0.000469313810696221;510
8;EUR/AUD;0.000878738983021061;511
8;EUR/AUD;0.000810565283623605;512
8;EUR/AUD;-0.00031739554874981;513
8;EUR/AUD;0.000302199696461463;514
8;EUR/AUD;0.000254309917549978;515
8;EUR/AUD;0.000152547143122361;516
8;EUR/AUD;0.000277038940157183;517
8;EUR/AUD;0.00031471921158479;518
8;EUR/AUD;-0.000386522654635576;519
8;EUR/AUD;0.000395544904997156;520
8;EUR/AUD;0.000352820988119603;521
8;EUR/AUD;9.09242870415075E-05;522
8;EUR/AUD;0.00014714538627247;523
8;EUR/AUD;0.000597524129849593;524
8;EUR/AUD;-0.00039420728682695;525
8;EUR/AUD;2.93736732306378E-05;526
8;EUR/AUD;9.355537312079E-05;527
8;EUR/AUD;0.000110956265357673;528
8;EUR/AUD;-0.000522568633797566;529
8;EUR/AUD;-1.33765842942237E-05;530
8;EUR/AUD;-0.000339395316551942;531
8;EUR/AUD;-0.000517776260773634;532
8;EUR/AUD;-0.00118358213775957;533
8;EUR/AUD;-0.00074141939862403;534
8;EUR/AUD;-0.000714269722317745;535
8;EUR/AUD;-0.000695284758608139;536
8;EUR/AUD;-0.000269452388913837;537
8;EUR/AUD;0.000468640586653051;538
8;EUR/AUD;0.000232240509102403;539
8;EUR/AUD;0.000142253243600305;540
8;EUR/AUD;0.000232030257015901;541
8;EUR/AUD;-0.000799767184549621;542
8;EUR/AUD;-0.000938381872970908;543
8;EUR/AUD;-0.000606002029031761;544
8;EUR/AUD;-0.00177194431104613;545
8;EUR/AUD;-0.00207093771817059;546
8;EUR/AUD;-0.00101133406829956;547
8;EUR/AUD;-0.000862940531250222;548
8;EUR/AUD;-0.00123920482841229;549
8;EUR/AUD;-0.000858588718526033;550
8;EUR/AUD;-0.000797970849712546;551
8;EUR/AUD;-0.00104232641614273;552
8;EUR/AUD;-0.000995850428054153;553
8;EUR/AUD;-0.00105626399526525;554
8;EUR/AUD;-0.000330581960602576;555
8;EUR/AUD;-0.000377020898833055;556
8;EUR/AUD;-3.81043106653599E-05;557
8;EUR/AUD;-0.000148308911113031;558
8;EUR/AUD;5.58037616716595E-05;559
8;EUR/AUD;0.000212288242017467;560
8;EUR/AUD;0.000852386984564413;561
8;EUR/AUD;-0.00064479026911639;562
8;EUR/AUD;-0.000797854355387623;563
8;EUR/AUD;-0.000711642639548274;564
8;EUR/AUD;-0.000899686627372498;565
8;EUR/AUD;-0.00195759237765243;566
8;EUR/AUD;-0.000718118891692074;567
8;EUR/AUD;-0.000518604711034177;568
8;EUR/AUD;-0.000235043346082511;569
8;EUR/AUD;-0.000239233660672521;570
8;EUR/AUD;0.000571808081546253;571
8;EUR/AUD;0.000675787236673549;572
8;EUR/AUD;-0.000191909652700962;573
8;EUR/AUD;-0.000610762763504997;574
8;EUR/AUD;0.000693672307414041;575
8;EUR/AUD;0.000172043021361546;576
8;EUR/AUD;0.000227938917940513;577
8;EUR/AUD;0.00101775820844647;578
8;EUR/AUD;0.00138999073149027;579
8;EUR/AUD;-0.000509095402656679;580
8;EUR/AUD;-0.000264953159801607;581
8;EUR/AUD;-0.000450669024210475;582
8;EUR/AUD;-0.000352345991012966;583
8;EUR/AUD;-0.000653472749101393;584
8;EUR/AUD;0.000330445425382918;585
8;EUR/AUD;0.000200795686782829;586
8;EUR/AUD;0.000743741325777958;587
8;EUR/AUD;0.000897394565118939;588
8;EUR/AUD;0.000767849501059499;589
8;EUR/AUD;0.00113057295526257;590
8;EUR/AUD;0.0016005035117445;591
8;EUR/AUD;0.00155223606689952;592
8;EUR/AUD;0.00137237625048053;593
8;EUR/AUD;0.00151610392144241;594
8;EUR/AUD;0.00134399294281791;595
8;EUR/AUD;0.00097548646728017;596
8;EUR/AUD;0.000816049636464382;597
8;EUR/AUD;0.000306546583850056;598
8;EUR/AUD;0.00021468718833059;599
8;EUR/AUD;-0.00039522905452036;600
8;EUR/AUD;-0.00031023442403314;601
8;EUR/AUD;-0.00142383969260849;602
8;EUR/AUD;-0.000633867830667815;603
8;EUR/AUD;-0.000240357053632804;604
8;EUR/AUD;-0.000118856281945849;605
8;EUR/AUD;-0.000197181402589204;606
8;EUR/AUD;0.000617251017852653;607
8;EUR/AUD;-0.000116449906135415;608
8;EUR/AUD;-0.000481582419556165;609
8;EUR/AUD;-0.000259568233922635;610
8;EUR/AUD;-0.000615753616744311;611
8;EUR/AUD;-0.000464114247722783;612
8;EUR/AUD;-0.000207340270020723;613
8;EUR/AUD;-0.000283267928638325;614
8;EUR/AUD;-0.000299191494318318;615
8;EUR/AUD;0.000104337812966157;616
8;EUR/AUD;-6.9100307912764E-05;617
8;EUR/AUD;0.000176185195575044;618
8;EUR/AUD;9.49393913887366E-06;619
8;EUR/AUD;-0.000159932782542959;620
8;EUR/AUD;-0.000448903528449302;621
8;EUR/AUD;-0.000320069507104601;622
8;EUR/AUD;-0.000338955555939841;623
8;EUR/AUD;-0.000316254956481066;624
8;EUR/AUD;-0.000476489679149904;625
8;EUR/AUD;-6.11070566429853E-05;626
8;EUR/AUD;-9.77503854804036E-05;627
8;EUR/AUD;0.000259013817497679;628
8;EUR/AUD;0.000158868646394505;629
8;EUR/AUD;7.6097296746327E-05;630
8;EUR/AUD;0.000142554100222828;631
8;EUR/AUD;-0.00082190405241261;632
8;EUR/AUD;-0.00167936697551656;633
8;EUR/AUD;-0.00110928028213764;634
8;EUR/AUD;-0.000968320442464831;635
8;EUR/AUD;-0.00156824009534064;636
8;EUR/AUD;-0.000767797217381673;637
8;EUR/AUD;-0.00045424091547959;638
8;EUR/AUD;-0.000493322969956674;639
8;EUR/AUD;-0.000240422407358009;640
8;EUR/AUD;0.000651406321746752;641
8;EUR/AUD;0.000475780545118702;642
8;EUR/AUD;0.000787424120360816;643
8;EUR/AUD;0.001181393136829;644
8;EUR/AUD;0.000923228569809173;645
8;EUR/AUD;0.00060036189290706;646
8;EUR/AUD;0.000870695170965637;647
8;EUR/AUD;0.000651106979198389;648
8;EUR/AUD;0.000240606029895523;649
8;EUR/AUD;8.97769873131823E-05;650
8;EUR/AUD;-0.00069991560794105;651
8;EUR/AUD;-5.43858814287266E-06;652
8;EUR/AUD;0.000213395695924213;653
8;EUR/AUD;-0.000217484406731834;654
8;EUR/AUD;8.29398799740403E-05;655
8;EUR/AUD;0.000377496168464493;656
8;EUR/AUD;-0.000484627611768177;657
8;EUR/AUD;-0.000371210244817933;658
8;EUR/AUD;-0.000175519170405808;659
8;EUR/AUD;-0.000758616198299486;660
8;EUR/AUD;-0.000283396168433343;661
8;EUR/AUD;-0.000357415788671913;662
8;EUR/AUD;-0.000448273348162844;663
8;EUR/AUD;-0.00125488144542332;664
8;EUR/AUD;-0.000619100339582973;665
8;EUR/AUD;-0.000618597316188059;666
8;EUR/AUD;-1.63854961142185E-05;667
8;EUR/AUD;-0.00039050245205415;668
8;EUR/AUD;-3.56174142699184E-05;669
8;EUR/AUD;-0.000132816222151943;670
8;EUR/AUD;-3.28267976828138E-05;671
8;EUR/AUD;-0.000348509526983889;672
8;EUR/AUD;-0.000207850475773193;673
8;EUR/AUD;-0.0001274526977792;674
8;EUR/AUD;-0.000260411349606377;675
8;EUR/AUD;-0.00101756265554114;676
8;EUR/AUD;-0.00114133950359492;677
8;EUR/AUD;-0.00124202264931511;678
8;EUR/AUD;-0.0005711073196072;679
8;EUR/AUD;-0.000835602216027266;680
8;EUR/AUD;-0.000622409998204597;681
8;EUR/AUD;-0.00114789018353591;682
8;EUR/AUD;-0.000925886056035418;683
8;EUR/AUD;-0.00133803753110233;684
8;EUR/AUD;-0.000996833465169752;685
8;EUR/AUD;-0.00118683217414906;686
8;EUR/AUD;-0.000530638427863444;687
8;EUR/AUD;-0.00058311703985992;688
8;EUR/AUD;-0.000559937164956035;689
8;EUR/AUD;-0.000471149267275914;690
8;EUR/AUD;0.00018720685295839;691
8;EUR/AUD;0.000419916378892124;692
8;EUR/AUD;-0.000299837644131905;693
8;EUR/AUD;-0.000415420727957812;694
8;EUR/AUD;-0.000575196122789812;695
8;EUR/AUD;-0.000505166425215843;696
8;EUR/AUD;-0.000901896200944156;697
8;EUR/AUD;3.19485490134909E-05;698
8;EUR/AUD;0.000569421103225303;699
8;EUR/AUD;0.000571033979563413;700
8;EUR/AUD;-8.33761794373851E-06;701
8;EUR/AUD;0.00024599650784324;702
8;EUR/AUD;0.000209622525150644;703
8;EUR/AUD;-0.000251178734171005;704
8;EUR/AUD;-4.57892931369863E-05;705
8;EUR/AUD;0.00043725573616158;706
8;EUR/AUD;0.000612978415405187;707
8;EUR/AUD;0.000271765547008591;708
8;EUR/AUD;0.000706934928775259;709
8;EUR/AUD;0.00109605998176331;710
8;EUR/AUD;0.00105242656507892;711
8;EUR/AUD;0.000593158378638228;712
8;EUR/AUD;0.000902767549812273;713
8;EUR/AUD;0.00070996020600768;714
8;EUR/AUD;0.000263431054674072;715
8;EUR/AUD;0.000122721807998997;716
8;EUR/AUD;0.000310395195306558;717
8;EUR/AUD;0.000337662149385198;718
8;EUR/AUD;0.000267307877836397;719
8;EUR/AUD;-0.000722159528364371;720
8;EUR/AUD;-0.000722244296957587;721
8;EUR/AUD;-0.000763747151690939;722
8;EUR/AUD;-0.000969032933697667;723
8;EUR/AUD;-0.000655125559485311;724
8;EUR/AUD;0.000299950640400143;725
8;EUR/AUD;0.000290315942315529;726
8;EUR/AUD;0.000384309777832257;727
8;EUR/AUD;0.000269647114310653;728
8;EUR/AUD;-0.000145107299388865;729
8;EUR/AUD;-0.000194847609354624;730
8;EUR/AUD;-6.77027028824494E-05;731
8;EUR/AUD;4.9712770914372E-05;732
8;EUR/AUD;0.00012018691498589;733
8;EUR/AUD;-0.000742383123866198;734
8;EUR/AUD;-0.000890974997190222;735
8;EUR/AUD;-0.000965526281714408;736
8;EUR/AUD;-0.000699876921872446;737
8;EUR/AUD;-0.000535179351940599;738
8;EUR/AUD;0.000291187472140508;739
8;EUR/AUD;0.000327475391098994;740
8;EUR/AUD;0.000965526281714336;741
8;EUR/AUD;0.00070263838019856;742
8;EUR/AUD;0.000587652131987024;743
8;EUR/AUD;0.00107923499579073;744
8;EUR/AUD;0.00144501713050464;745
8;EUR/AUD;0.000815052689335766;746
8;EUR/AUD;0.000665778199617318;747
8;EUR/AUD;0.00070291090952975;748
8;EUR/AUD;-1.92949089154361E-05;749
8;EUR/AUD;-0.000395443573182314;750
8;EUR/AUD;-0.000555420005449684;751
8;EUR/AUD;-0.000454639584079683;752
8;EUR/AUD;-0.000697388259762028;753
8;EUR/AUD;-0.000636395861316041;754
8;EUR/AUD;-0.000405900886924537;755
8;EUR/AUD;-0.000428298231503747;756
8;EUR/AUD;-0.000419736024217106;757
8;EUR/AUD;-0.000672120784407191;758
8;EUR/AUD;-0.000102343530733827;759
8;EUR/AUD;-0.00016591086008404;760
8;EUR/AUD;0.000302667051513333;761
8;EUR/AUD;0.00013954950946651;762
8;EUR/AUD;0.000749421873106264;763
8;EUR/AUD;0.000378685907580222;764
8;EUR/AUD;0.00076894234129828;765
8;EUR/AUD;0.000696189928587602;766
8;EUR/AUD;0.000582017195440916;767
8;EUR/AUD;0.000399831928065311;768
8;EUR/AUD;0.000484059716310705;769
8;EUR/AUD;0.000210701013431648;770
8;EUR/AUD;-0.00072104940353231;771
8;EUR/AUD;-0.000612405824626955;772
8;EUR/AUD;-0.00140014877355136;773
8;EUR/AUD;-0.001593116020603;774
8;EUR/AUD;-0.00161968823305257;775
8;EUR/AUD;-0.000366344777472262;776
8;EUR/AUD;-0.000399625397849071;777
8;EUR/AUD;0.000472418801913834;778
8;EUR/AUD;0.000770484237158806;779
8;EUR/AUD;0.000767255512995277;780
8;EUR/AUD;0.000251674985330277;781
8;EUR/AUD;0.00147560417276934;782
8;EUR/AUD;0.00170168058949318;783
8;EUR/AUD;0.00132063726843587;784
8;EUR/AUD;0.00103678608620891;785
8;EUR/AUD;0.00115199436592112;786
8;EUR/AUD;4.5336676534916E-05;787
8;EUR/AUD;-0.00052755616979654;788
8;EUR/AUD;-0.00041950795424615;789
8;EUR/AUD;-0.000174718758639587;790
8;EUR/AUD;-0.000345177401618213;791
8;EUR/AUD;-0.000592935428117245;792
8;EUR/AUD;-0.000286341690282564;793
8;EUR/AUD;-0.000108803065696228;794
8;EUR/AUD;-0.000207935297153549;795
8;EUR/AUD;-0.000137687001589652;796
8;EUR/AUD;-6.88892639594192E-06;797
8;EUR/AUD;-5.09787579788131E-05;798
8;EUR/AUD;1.2398273888695E-05;799
8;EUR/AUD;-0.000288161640943411;800
8;EUR/AUD;-0.000647019826575185;801
8;EUR/AUD;-0.000708067943849611;802
8;EUR/AUD;-0.000419345202874568;803
8;EUR/AUD;-0.000546252443199608;804
8;EUR/AUD;-0.00033556243911693;805
8;EUR/AUD;0.000167128812855397;806
8;EUR/AUD;0.00026115887764615;807
8;EUR/AUD;-8.14880558762193E-05;808
8;EUR/AUD;0.000379500208741194;809
8;EUR/AUD;0.000255520485024953;810
8;EUR/AUD;-9.25251439766697E-05;811
8;EUR/AUD;0.000437264170590392;812
8;EUR/AUD;0.00088216991065469;813
8;EUR/AUD;0.000260403248426889;814
8;EUR/AUD;-8.28203075512925E-06;815
8;EUR/AUD;-2.76260264801969E-06;816
8;EUR/AUD;-0.000252310292356688;817
8;EUR/AUD;-0.00081725300717353;818
8;EUR/AUD;-0.000637140854520077;819
8;EUR/AUD;-0.000244474324383331;820
8;EUR/AUD;0.000179489846709222;821
8;EUR/AUD;-9.10753111954231E-05;822
8;EUR/AUD;0.000198763267242786;823
8;EUR/AUD;-1.38129655404503E-06;824
8;EUR/AUD;0.000630604114939355;825
8;EUR/AUD;5.10561378804293E-05;826
8;EUR/AUD;0.00016142329303707;827
8;EUR/AUD;-4.41525472294184E-05;828
8;EUR/AUD;0.000335374873721877;829
8;EUR/AUD;-0.000357144183239593;830
8;EUR/AUD;0.000564886502751143;831
8;EUR/AUD;0.000373395352836509;832
8;EUR/AUD;-2.6220187511856E-05;833
8;EUR/AUD;-0.000374055050942405;834
8;EUR/AUD;5.65788433400038E-05;835
8;EUR/AUD;-0.000271221951339515;836
8;EUR/AUD;-0.00048099640385239;837
8;EUR/AUD;-0.000160155746206639;838
8;EUR/AUD;-0.00032908389383159;839
8;EUR/AUD;-0.000792178798716134;840
8;EUR/AUD;-0.000997177655653297;841
8;EUR/AUD;-0.000527806869365555;842
8;EUR/AUD;-0.000525548151467027;843
8;EUR/AUD;-0.000317151520128335;844
8;EUR/AUD;-1.24676620057248E-05;845
8;EUR/AUD;0.0001660807801585;846
8;EUR/AUD;0.000110650837198911;847
8;EUR/AUD;0.000125980767872013;848
8;EUR/AUD;-0.000138652030565953;849
8;EUR/AUD;-0.000327207510020952;850
8;EUR/AUD;-0.000799837494613724;851
8;EUR/AUD;-0.000911927295406038;852
8;EUR/AUD;-0.000684851464598104;853
8;EUR/AUD;-0.000156792559690363;854
8;EUR/AUD;-6.80043168475246E-05;855
8;EUR/AUD;0.000105534304568407;856
8;EUR/AUD;0.000334486533691473;857
8;EUR/AUD;0.000302511037573986;858
8;EUR/AUD;0.000435385640604893;859
8;EUR/AUD;8.88173430456504E-05;860
8;EUR/AUD;-0.00030286617160524;861
8;EUR/AUD;-0.000818468773531134;862
8;EUR/AUD;-0.00106219054846595;863
8;EUR/AUD;-0.00144987098948794;864
8;EUR/AUD;-0.000994504467618676;865
8;EUR/AUD;-0.00151564511934612;866
8;EUR/AUD;-0.00164143924312054;867
8;EUR/AUD;-0.00136098241389385;868
8;EUR/AUD;-0.00124976352647609;869
8;EUR/AUD;-0.00152989306851818;870
8;EUR/AUD;-0.000250922593865865;871
8;EUR/AUD;-0.000178376435236423;872
8;EUR/AUD;0.000120666193274608;873
8;EUR/AUD;0.000450142700094729;874
8;EUR/AUD;0.000911227174726185;875
8;EUR/AUD;0.000465149071315626;876
8;EUR/AUD;0.000912677047793372;877
8;EUR/AUD;0.000721074691161971;878
8;EUR/AUD;0.000467299738995602;879
8;EUR/AUD;-4.75614279063236E-05;880
8;EUR/AUD;-0.000127388093520402;881
8;EUR/AUD;-5.31602364563338E-05;882
8;EUR/AUD;-0.000338511330716317;883
8;EUR/AUD;-0.000184550869438969;884
8;EUR/AUD;0.000141252326570188;885
8;EUR/AUD;-3.92126658166059E-05;886
8;EUR/AUD;-0.00016656694609085;887
8;EUR/AUD;-0.000193292215424868;888
8;EUR/AUD;-0.000253335559981083;889
8;EUR/AUD;-9.92857737586431E-05;890
8;EUR/AUD;0.000123213927070398;891
8;EUR/AUD;0.000205739016529951;892
8;EUR/AUD;0.000365417093544288;893
8;EUR/AUD;0.000160996225282618;894
8;EUR/AUD;-0.000123126866532402;895
8;EUR/AUD;5.17831966420614E-05;896
8;EUR/AUD;-0.000123138065444922;897
8;EUR/AUD;9.36967946962073E-05;898
8;EUR/AUD;0.000970228509984908;899
8;EUR/AUD;0.000970363974249581;900
8;EUR/AUD;0.0010175439730981;901
8;EUR/AUD;0.00112640181610809;902
8;EUR/AUD;0.00119601407462838;903
8;EUR/AUD;0.000542390185562723;904
8;EUR/AUD;0.000511904130565823;905
8;EUR/AUD;0.000596390820440981;906
8;EUR/AUD;0.000354611254807919;907
8;EUR/AUD;0.000180591937032883;908
8;EUR/AUD;0.000167981490263974;909
8;EUR/AUD;0.00053415314765166;910
8;EUR/AUD;0.000457555054154557;911
8;EUR/AUD;0.000267974644983957;912
8;EUR/AUD;0.000244234162071227;913
8;EUR/AUD;-0.000191593503250262;914
8;EUR/AUD;-0.000334198953828755;915
8;EUR/AUD;-0.000499202921587217;916
8;EUR/AUD;-0.000458413119601313;917
8;EUR/AUD;-0.000593062167851228;918
8;EUR/AUD;-0.000209852670727521;919
8;EUR/AUD;-0.000237467870794303;920
8;EUR/AUD;-0.000588160061253113;921
8;EUR/AUD;-0.000224031972329548;922
8;EUR/AUD;-0.000116875259860336;923
8;EUR/AUD;-0.000159969405687275;924
8;EUR/AUD;-0.000258618927729194;925
8;EUR/AUD;0.000104409929667148;926
8;EUR/AUD;-0.00022846478345819;927
8;EUR/AUD;-0.000483531266161116;928
8;EUR/AUD;-0.000758463906042188;929
8;EUR/AUD;-0.000927377015032385;930
8;EUR/AUD;-0.000752970937915891;931
8;EUR/AUD;0.000912297410467632;932
8;EUR/AUD;0.00130299962003212;933
8;EUR/AUD;0.00139480092313249;934
8;EUR/AUD;0.00120544835730784;935
8;EUR/AUD;0.00118673217788406;936
8;EUR/AUD;7.49126028402318E-05;937
8;EUR/AUD;0.000182879956216047;938
8;EUR/AUD;0.000623256253914762;939
8;EUR/AUD;0.000492626467186813;940
8;EUR/AUD;0.000784494099940428;941
8;EUR/AUD;0.000491783655293137;942
8;EUR/AUD;6.64603632359178E-05;943
8;EUR/AUD;-0.000366793532360399;944
8;EUR/AUD;0.000120543279724378;945
8;EUR/AUD;-3.18188264366074E-05;946
8;EUR/AUD;-6.78081037178662E-05;947
8;EUR/AUD;-2.07664912084668E-05;948
8;EUR/AUD;0.000173099636564158;949
8;EUR/AUD;-8.45112388275793E-05;950
8;EUR/AUD;-0.000336482453853577;951
8;EUR/AUD;-0.000701570238563515;952
8;EUR/AUD;-0.000508759739939373;953
8;EUR/AUD;-0.000512810132442525;954
8;EUR/AUD;-0.000176064281760641;955
8;EUR/AUD;-0.000430080840543391;956
8;EUR/AUD;-0.000321102102273108;957
8;EUR/AUD;-0.000422407182314875;958
8;EUR/AUD;-0.000565613987839675;959
8;EUR/AUD;-0.000839473087930805;960
8;EUR/AUD;-0.000520105704850367;961
8;EUR/AUD;-7.37455439262265E-05;962
8;EUR/AUD;-0.000299281432541099;963
8;EUR/AUD;-0.000183786430838256;964
8;EUR/AUD;-0.000143507510694025;965
8;EUR/AUD;-0.000260560939481683;966
8;EUR/AUD;-0.000370530410067139;967
8;EUR/AUD;-0.000345774802744987;968
8;EUR/AUD;-0.000193715413776521;969
8;EUR/AUD;0.000167183319267987;970
8;EUR/AUD;0.000637563878635992;971
8;EUR/AUD;0.000328775594193396;972
8;EUR/AUD;0.000597757809825007;973
8;EUR/AUD;0.000392809759858158;974
8;EUR/AUD;5.98733613268726E-05;975
8;EUR/AUD;-0.000342194299562078;976
8;EUR/AUD;-0.000698596894508735;977
8;EUR/AUD;-0.0006661470008122;978
8;EUR/AUD;-0.000550429019882687;979
8;EUR/AUD;-0.000851047303426953;980
8;EUR/AUD;-0.000849666957497045;981
8;EUR/AUD;-0.000387300310138483;982
8;EUR/AUD;-0.000304545894391253;983
8;EUR/AUD;-0.000213611840160522;984
8;EUR/AUD;0.000340853613269203;985
8;EUR/AUD;0.000292000429094496;986
8;EUR/AUD;0.000234986424397324;987
8;EUR/AUD;-0.000162241174795543;988
8;EUR/AUD;-0.00058615992070713;989
8;EUR/AUD;-0.00070189737940881;990
8;EUR/AUD;-0.000672659700119406;991
8;EUR/AUD;0.000143932651323798;992
8;EUR/AUD;0.00023911989955538;993
8;EUR/AUD;0.00017644835829191;994
8;EUR/AUD;4.3415694944172E-05;995
8;EUR/AUD;2.24117886242434E-05;996
8;EUR/AUD;-0.000602972647951564;997
8;EUR/AUD;-0.000705596498284487;998
8;EUR/AUD;-0.000566306562178138;999
8;EUR/AUD;-0.000518803398125509;1000
8;EUR/AUD;-0.000842165606784173;1001
