8;EUR/JPY;0.0467384348097459;0
8;EUR/JPY;-0.0142880907595354;1
8;EUR/JPY;0.00230600011344818;2
8;EUR/JPY;-0.00665994499172346;3
8;EUR/JPY;0.0022108918194306;4
8;EUR/JPY;-0.00327245184980294;5
8;EUR/JPY;-0.000830348582988164;6
8;EUR/JPY;0.00163189547069101;7
8;EUR/JPY;0.00216237552313966;8
8;EUR/JPY;-0.00167051579161621;9
8;EUR/JPY;-0.000477803238477827;10
8;EUR/JPY;0.000505902203032678;11
8;EUR/JPY;0.0020070323020156;12
8;EUR/JPY;-0.00368029632986776;13
8;EUR/JPY;-7.74034656028615E-05;14
8;EUR/JPY;-0.00985083331565006;15
8;EUR/JPY;0.0016189965759781;16
8;EUR/JPY;0.0107128003163683;17
8;EUR/JPY;-0.000428282068900173;18
8;EUR/JPY;-0.000997695546757168;19
8;EUR/JPY;-0.00010544852540021;20
8;EUR/JPY;-0.00148448877486422;21
8;EUR/JPY;-0.000176033404553379;22
8;EUR/JPY;-0.00615243110289403;23
8;EUR/JPY;-0.000864794417138011;24
8;EUR/JPY;0.00201905059893817;25
8;EUR/JPY;-0.000644236407478796;26
8;EUR/JPY;0.00120318220782746;27
8;EUR/JPY;-0.000551868584383828;28
8;EUR/JPY;0.00101152653625031;29
8;EUR/JPY;0.0020975991249275;30
8;EUR/JPY;-0.00304543297130797;31
8;EUR/JPY;0.0014850122590715;32
8;EUR/JPY;-0.0113417929831365;33
8;EUR/JPY;-0.00125863540508304;34
8;EUR/JPY;0.00462626655048244;35
8;EUR/JPY;7.12278614905663E-06;36
8;EUR/JPY;0.00112476341997128;37
8;EUR/JPY;0.00296245994090589;38
8;EUR/JPY;-0.0112569939123934;39
8;EUR/JPY;0.00215704976411722;40
8;EUR/JPY;-0.00378687813137501;41
8;EUR/JPY;0.000861914221073514;42
8;EUR/JPY;-0.00975413371023308;43
8;EUR/JPY;-0.000304542029153438;44
8;EUR/JPY;-0.0104979421655487;45
8;EUR/JPY;0.00274446978983624;46
8;EUR/JPY;0.00373499507745658;47
8;EUR/JPY;0.000793347567858992;48
8;EUR/JPY;-0.00241839848058114;49
8;EUR/JPY;0.0015303894547922;50
8;EUR/JPY;0.0103377877083878;51
8;EUR/JPY;-0.000439729969636566;52
8;EUR/JPY;0.00527121296759637;53
8;EUR/JPY;0.00127586693817947;54
8;EUR/JPY;-0.00136193903796147;55
8;EUR/JPY;-0.000301310703831401;56
8;EUR/JPY;0.00425297955384991;57
8;EUR/JPY;-0.00105082198953302;58
8;EUR/JPY;-0.00375479642889316;59
8;EUR/JPY;-0.000445204011317408;60
8;EUR/JPY;0.00459329442537961;61
8;EUR/JPY;-0.000951321729335242;62
8;EUR/JPY;-0.00141076573539504;63
8;EUR/JPY;-0.002813143244274;64
8;EUR/JPY;0.00385171741123752;65
8;EUR/JPY;0.00141645109742389;66
8;EUR/JPY;0.00624986445386578;67
8;EUR/JPY;0.000170486027662187;68
8;EUR/JPY;-0.000938033042062026;69
8;EUR/JPY;-0.00132326909413811;70
8;EUR/JPY;-0.000826152030466144;71
8;EUR/JPY;0.000277834177527858;72
8;EUR/JPY;0.00365451746246204;73
8;EUR/JPY;-0.000326514390828284;74
8;EUR/JPY;-0.000539692246502443;75
8;EUR/JPY;4.97206763535835E-05;76
8;EUR/JPY;-0.00279529463238149;77
8;EUR/JPY;0.000156686229025592;78
8;EUR/JPY;-0.00152517276842357;79
8;EUR/JPY;-0.0017203906173883;80
8;EUR/JPY;-0.000185779309006606;81
8;EUR/JPY;0.000171489818212381;82
8;EUR/JPY;0.00534429113554962;83
8;EUR/JPY;-0.00806300614328602;84
8;EUR/JPY;-0.00209415148679761;85
8;EUR/JPY;0.000114861663610462;86
8;EUR/JPY;0.00815012089506221;87
8;EUR/JPY;0.000113916300121719;88
8;EUR/JPY;0.000192204335155423;89
8;EUR/JPY;0.000469677354530181;90
8;EUR/JPY;0.0159652191905063;91
8;EUR/JPY;0.000392033327853369;92
8;EUR/JPY;0.00283067520595304;93
8;EUR/JPY;-0.000656282532230247;94
8;EUR/JPY;6.28542096814193E-05;95
8;EUR/JPY;0.000614366419067172;96
8;EUR/JPY;-0.00403518214539948;97
8;EUR/JPY;-0.00130424740284023;98
8;EUR/JPY;0.00225681520523643;99
8;EUR/JPY;0.000720826672404124;100
8;EUR/JPY;-0.0148995609736847;101
8;EUR/JPY;0.00202168592283768;102
8;EUR/JPY;-0.0016454137813501;103
8;EUR/JPY;0.000702468958828001;104
8;EUR/JPY;0.00475527548920266;105
8;EUR/JPY;0.0017351319103304;106
8;EUR/JPY;-0.00446382015792403;107
8;EUR/JPY;0.000573217997756083;108
8;EUR/JPY;0.00286822613995913;109
8;EUR/JPY;-0.00149666807560708;110
8;EUR/JPY;-0.00293629862611215;111
8;EUR/JPY;-0.000191335344119333;112
8;EUR/JPY;-0.00140424559071528;113
8;EUR/JPY;0.00134045900642993;114
8;EUR/JPY;0.00217353681638839;115
8;EUR/JPY;0.000466658661804935;116
8;EUR/JPY;-0.000700069681986631;117
8;EUR/JPY;5.65894927609387E-05;118
8;EUR/JPY;-0.00506326605052475;119
8;EUR/JPY;-0.00113815020217675;120
8;EUR/JPY;-0.000875834501914571;121
8;EUR/JPY;7.12369947973439E-06;122
8;EUR/JPY;0.00734595498269458;123
8;EUR/JPY;0.000756368196494229;124
8;EUR/JPY;0.00474427330861651;125
8;EUR/JPY;-0.000189902130639726;126
8;EUR/JPY;0.00608002658403933;127
8;EUR/JPY;-0.000510505586437432;128
8;EUR/JPY;-9.79349712574921E-05;129
8;EUR/JPY;0.00032874374721206;130
8;EUR/JPY;-0.00344668493033093;131
8;EUR/JPY;0.000533191161658735;132
8;EUR/JPY;-0.00761081010043774;133
8;EUR/JPY;0.000678239147680015;134
8;EUR/JPY;0.000698952658529088;135
8;EUR/JPY;-0.000360005509854617;136
8;EUR/JPY;-0.00938454512009897;137
8;EUR/JPY;0.00219263987610757;138
8;EUR/JPY;0.0045054229885902;139
8;EUR/JPY;0.00147138952573501;140
8;EUR/JPY;-0.00442777963937051;141
8;EUR/JPY;-0.000305353271250451;142
8;EUR/JPY;0.00202920419844883;143
8;EUR/JPY;-0.00431877131873986;144
8;EUR/JPY;0.00109566440945231;145
8;EUR/JPY;0.00120810725629331;146
8;EUR/JPY;-0.00114411203458146;147
8;EUR/JPY;0.000405207994539913;148
8;EUR/JPY;0.0045738435071178;149
8;EUR/JPY;-0.000353814477533579;150
8;EUR/JPY;0.00142864239642091;151
8;EUR/JPY;3.53365630989413E-05;152
8;EUR/JPY;-0.000212038111110788;153
8;EUR/JPY;0.00147626524707779;154
8;EUR/JPY;-0.00104516831073017;155
8;EUR/JPY;0.000600399106842001;156
8;EUR/JPY;0.000289475451326101;157
8;EUR/JPY;0.000303506204796654;158
8;EUR/JPY;-0.000924922488952209;159
8;EUR/JPY;0.000346063530829625;160
8;EUR/JPY;-0.000904255004993686;161
8;EUR/JPY;5.65398995154231E-05;162
8;EUR/JPY;-0.0013649175919694;163
8;EUR/JPY;-2.12310468683832E-05;164
8;EUR/JPY;0.00477270584514722;165
8;EUR/JPY;0.000302820102526525;166
8;EUR/JPY;-0.0025098362042172;167
8;EUR/JPY;2.82354269921985E-05;168
8;EUR/JPY;0.00108645818299313;169
8;EUR/JPY;-0.000359670376559407;170
8;EUR/JPY;0.000479531760537925;171
8;EUR/JPY;0.000140995001960785;172
8;EUR/JPY;-0.000373680225736162;173
8;EUR/JPY;-0.000176312736936251;174
8;EUR/JPY;-0.000352718759829529;175
8;EUR/JPY;-7.05586836864182E-05;176
8;EUR/JPY;-0.00117200199806059;177
8;EUR/JPY;0.000981468680616544;178
8;EUR/JPY;0.000515062048139511;179
8;EUR/JPY;-0.000430376091843413;180
8;EUR/JPY;-0.00745151485829168;181
8;EUR/JPY;-0.000177756921433842;182
8;EUR/JPY;-0.0041471364430067;183
8;EUR/JPY;0.00108476135184792;184
8;EUR/JPY;0.00237949473228666;185
8;EUR/JPY;0.000206335936981538;186
8;EUR/JPY;-0.00292825977908833;187
8;EUR/JPY;-8.56256021073363E-05;188
8;EUR/JPY;-0.00329501364887839;189
8;EUR/JPY;-0.000443976605429483;190
8;EUR/JPY;-0.00248848219924135;191
8;EUR/JPY;-0.000416546975284617;192
8;EUR/JPY;-0.000869562147634409;193
8;EUR/JPY;0.00036660185652344;194
8;EUR/JPY;-0.00092035353822121;195
8;EUR/JPY;0.000898792443060522;196
8;EUR/JPY;-0.00272042427885263;197
8;EUR/JPY;0.000108094474676169;198
8;EUR/JPY;7.20564923210268E-05;199
8;EUR/JPY;-4.32332723331405E-05;200
8;EUR/JPY;0.00115944546852195;201
8;EUR/JPY;0.000143936668114745;202
8;EUR/JPY;0.000244644798560628;203
8;EUR/JPY;-0.000165488461155058;204
8;EUR/JPY;0.000827168577356416;205
8;EUR/JPY;0.000316301006173788;206
8;EUR/JPY;-0.000452916466223102;207
8;EUR/JPY;-0.000172593578509061;208
8;EUR/JPY;-0.00421620726843819;209
8;EUR/JPY;-0.0014310600234961;210
8;EUR/JPY;0.00106264942210674;211
8;EUR/JPY;-0.000216775537006999;212
8;EUR/JPY;0.0027423574021945;213
8;EUR/JPY;0.000720424793598881;214
8;EUR/JPY;0.00289088207773825;215
8;EUR/JPY;0.000186685048505906;216
8;EUR/JPY;0.0027030240837207;217
8;EUR/JPY;0.000286364744729781;218
8;EUR/JPY;0;219
8;EUR/JPY;-0.000279204626587761;220
8;EUR/JPY;0.00153108708453457;221
8;EUR/JPY;0.000278777526618331;222
8;EUR/JPY;-0.000142953125913628;223
8;EUR/JPY;0.00123586892661308;224
8;EUR/JPY;-0.00528276103303075;225
8;EUR/JPY;-0.000186623408859131;226
8;EUR/JPY;-0.00492218346602463;227
8;EUR/JPY;-0.000736090096020415;228
8;EUR/JPY;-0.00352195799981338;229
8;EUR/JPY;0.000260775082970086;230
8;EUR/JPY;-0.00136982847832224;231
8;EUR/JPY;-0.000355447232523298;232
8;EUR/JPY;0.00187736311069745;233
8;EUR/JPY;-0.000420107205946903;234
8;EUR/JPY;0.00124532115690666;235
8;EUR/JPY;0.000766693707270548;236
8;EUR/JPY;2.8920331718071E-05;237
8;EUR/JPY;0.000888892159312806;238
8;EUR/JPY;0.000476640990037586;239
8;EUR/JPY;-7.22037300762154E-05;240
8;EUR/JPY;0.00151518460122673;241
8;EUR/JPY;7.20944148767743E-05;242
8;EUR/JPY;0.000605387971269006;243
8;EUR/JPY;-0.00033147658709685;244
8;EUR/JPY;-0.000930162196487129;245
8;EUR/JPY;-0.000418494580109331;246
8;EUR/JPY;0.000627676211839635;247
8;EUR/JPY;0.000165871565306343;248
8;EUR/JPY;0.00118193952716704;249
8;EUR/JPY;-0.000533141223002826;250
8;EUR/JPY;-0.00248934940100306;251
8;EUR/JPY;-0.000476930312180097;252
8;EUR/JPY;0.000339655505865111;253
8;EUR/JPY;-5.78055565752854E-05;254
8;EUR/JPY;0.00236729207302468;255
8;EUR/JPY;-7.93001402585647E-05;256
8;EUR/JPY;0.00129684883951675;257
8;EUR/JPY;0.000266366226337642;258
8;EUR/JPY;0.000352646108894157;259
8;EUR/JPY;0.000438834721026455;260
8;EUR/JPY;0.000172603508594926;261
8;EUR/JPY;0.000201333113505717;262
8;EUR/JPY;-0.00255562213682121;263
8;EUR/JPY;0.000201807620363955;264
8;EUR/JPY;-0.0012547505486199;265
8;EUR/JPY;-0.000389725681359459;266
8;EUR/JPY;-0.00231260762739177;267
8;EUR/JPY;-0.000332877439049103;268
8;EUR/JPY;0.0032733016924506;269
8;EUR/JPY;-0.000728881415844928;270
8;EUR/JPY;-0.00471808215725798;271
8;EUR/JPY;-0.000391761407806509;272
8;EUR/JPY;0.000478798659805183;273
8;EUR/JPY;7.25276239605354E-06;274
8;EUR/JPY;0.00309936305689477;275
8;EUR/JPY;-7.23031817000018E-06;276
8;EUR/JPY;-0.00257007203731242;277
8;EUR/JPY;0.000130472600938864;278
8;EUR/JPY;-0.0029688366771566;279
8;EUR/JPY;-0.000399905482216834;280
8;EUR/JPY;-0.0043730254448983;281
8;EUR/JPY;-0.000438356171402927;282
8;EUR/JPY;0.00167932282456465;283
8;EUR/JPY;0.000452204871096343;284
8;EUR/JPY;-0.000262545673515611;285
8;EUR/JPY;0.000379210517426481;286
8;EUR/JPY;-0.00382054865472272;287
8;EUR/JPY;0.0002854017048343;288
8;EUR/JPY;-8.78072339090762E-05;289
8;EUR/JPY;7.31756398279177E-06;290
8;EUR/JPY;0.00282058776266768;291
8;EUR/JPY;-0.000102162189862446;292
8;EUR/JPY;-0.00185532875730141;293
8;EUR/JPY;-0.00098018426532644;294
8;EUR/JPY;0.00134567867367573;295
8;EUR/JPY;5.11585586553958E-05;296
8;EUR/JPY;0.000540659032677774;297
8;EUR/JPY;-0.000204539312438504;298
8;EUR/JPY;0.00638668036516992;299
8;EUR/JPY;1.45183184887097E-05;300
8;EUR/JPY;-0.000188754583303997;301
8;EUR/JPY;-0.000929773144238933;302
8;EUR/JPY;0.000711935113214222;303
8;EUR/JPY;0.000210577527799102;304
8;EUR/JPY;-0.000602805606188899;305
8;EUR/JPY;-0.000101713878946564;306
8;EUR/JPY;-0.00323116166197223;307
8;EUR/JPY;-5.83149884265412E-05;308
8;EUR/JPY;-0.00477878955541805;309
8;EUR/JPY;0.00101027117533663;310
8;EUR/JPY;-0.00243223563127929;311
8;EUR/JPY;0.00062327455794569;312
8;EUR/JPY;0.00357083130425871;313
8;EUR/JPY;0.000175286118518716;314
8;EUR/JPY;-0.00119840130090542;315
8;EUR/JPY;0.000204706794787075;316
8;EUR/JPY;-0.00113372477263114;317
8;EUR/JPY;0.000431698373933514;318
8;EUR/JPY;0.00132320116974484;319
8;EUR/JPY;6.57488612899618E-05;320
8;EUR/JPY;0.000482026272461144;321
8;EUR/JPY;8.03151273973884E-05;322
8;EUR/JPY;0.000955984645696916;323
8;EUR/JPY;0.00022609171397241;324
8;EUR/JPY;-0.00079519386127648;325
8;EUR/JPY;0.000656627584440177;326
8;EUR/JPY;-0.000269894706231363;327
8;EUR/JPY;0.0004011684997948;328
8;EUR/JPY;0.00368321860559795;329
8;EUR/JPY;-0.000937714734496515;330
8;EUR/JPY;0.0028612738382639;331
8;EUR/JPY;2.90065264704334E-05;332
8;EUR/JPY;-0.00172009027521095;333
8;EUR/JPY;-0.00103929337411696;334
8;EUR/JPY;-0.00237334396015793;335
8;EUR/JPY;0.000269650803845092;336
8;EUR/JPY;-0.00131979529520798;337
8;EUR/JPY;0.000233460765060843;338
8;EUR/JPY;7.2947707437162E-06;339
8;EUR/JPY;-0.000401291434165095;340
8;EUR/JPY;-0.00235993051656325;341
8;EUR/JPY;0.00024867616640265;342
8;EUR/JPY;-0.000292566615847905;343
8;EUR/JPY;0.000256000469513184;344
8;EUR/JPY;0.00141048385432728;345
8;EUR/JPY;0.000686251633052804;346
8;EUR/JPY;0.00739470328080827;347
8;EUR/JPY;0.00108605158559059;348
8;EUR/JPY;-0.00344321755162027;349
8;EUR/JPY;0.00140046390572773;350
8;EUR/JPY;-0.0127120665103705;351
8;EUR/JPY;0.00263301837908711;352
8;EUR/JPY;-0.00315457674851554;353
8;EUR/JPY;0.000991462488267448;354
8;EUR/JPY;0.00328316064330326;355
8;EUR/JPY;0.000965307510750021;356
8;EUR/JPY;0.00401939477047586;357
8;EUR/JPY;-0.000225708160307956;358
8;EUR/JPY;0.0042725171079568;359
8;EUR/JPY;0.000608872155661569;360
8;EUR/JPY;0.00277870419177575;361
8;EUR/JPY;0.000296228864249981;362
8;EUR/JPY;0.00400131748059614;363
8;EUR/JPY;0.000798345812428544;364
8;EUR/JPY;-0.00306018722331793;365
8;EUR/JPY;-0.000266859961410515;366
8;EUR/JPY;0.00165050435499644;367
8;EUR/JPY;-0.000129635364708956;368
8;EUR/JPY;0.00363780551434557;369
8;EUR/JPY;0.000867952869417446;370
8;EUR/JPY;0.00730107543838405;371
8;EUR/JPY;0.000640405327288834;372
8;EUR/JPY;-0.00519196413672906;373
8;EUR/JPY;0.000271676963464424;374
8;EUR/JPY;-0.000922571967042948;375
8;EUR/JPY;-0.000186047843455108;376
8;EUR/JPY;0.00188035160055945;377
8;EUR/JPY;-0.0037140579192007;378
8;EUR/JPY;-0.000480471014252148;379
8;EUR/JPY;0.00197061342662816;380
8;EUR/JPY;-0.00831723692309362;381
8;EUR/JPY;0.000166014039394556;382
8;EUR/JPY;0.000418521758416193;383
8;EUR/JPY;0.000411135280116018;384
8;EUR/JPY;0.00172204511945609;385
8;EUR/JPY;-0.000518463056719861;386
8;EUR/JPY;-0.00237973444870402;387
8;EUR/JPY;-0.000173292706254916;388
8;EUR/JPY;-0.00657113033661446;389
8;EUR/JPY;9.44894481429402E-05;390
8;EUR/JPY;-0.00184051586385819;391
8;EUR/JPY;0.000975240612367749;392
8;EUR/JPY;-0.000807780938813905;393
8;EUR/JPY;0.000298445537724636;394
8;EUR/JPY;0.00138914669833945;395
8;EUR/JPY;0.00045777731749903;396
8;EUR/JPY;-0.00626719146862536;397
8;EUR/JPY;0.000540817085461096;398
8;EUR/JPY;0.00647435287916233;399
8;EUR/JPY;0.00026855477771569;400
8;EUR/JPY;-0.00659679107019351;401
8;EUR/JPY;-0.000496883527573871;402
8;EUR/JPY;-0.00674692165487413;403
8;EUR/JPY;-0.00167175473719664;404
8;EUR/JPY;0.00163496203097864;405
8;EUR/JPY;0.00223453924770676;406
8;EUR/JPY;-0.00570649620682442;407
8;EUR/JPY;0.00176328503550095;408
8;EUR/JPY;0.00156884729291207;409
8;EUR/JPY;0.000206050527261713;410
8;EUR/JPY;0.00221970779248506;411
8;EUR/JPY;0.000565164591701979;412
8;EUR/JPY;0.000997433159334336;413
8;EUR/JPY;0.00135520731602375;414
8;EUR/JPY;0.00168229533963283;415
8;EUR/JPY;-0.000460521274353007;416
8;EUR/JPY;-0.00622684828786611;417
8;EUR/JPY;0.000955980835531397;418
8;EUR/JPY;-0.00446416158176148;419
8;EUR/JPY;8.85929229600093E-05;420
8;EUR/JPY;0.0100777242438747;421
8;EUR/JPY;-6.57776933463171E-05;422
8;EUR/JPY;0.00101541763205559;423
8;EUR/JPY;0.00122589275657552;424
8;EUR/JPY;-0.0014011430363293;425
8;EUR/JPY;0.000365070097512546;426
8;EUR/JPY;0.00565612779369197;427
8;EUR/JPY;-0.000304920106035383;428
8;EUR/JPY;-0.000937122086953433;429
8;EUR/JPY;-0.000785243283985117;430
8;EUR/JPY;0.0018820970221047;431
8;EUR/JPY;-0.000116165943180163;432
8;EUR/JPY;0.0215769568301672;433
8;EUR/JPY;0.00239179381367222;434
8;EUR/JPY;0.00716236268523099;435
8;EUR/JPY;-0.000239328754380228;436
8;EUR/JPY;0.00392759407836276;437
8;EUR/JPY;-0.000841833563108327;438
8;EUR/JPY;0.00454449159515912;439
8;EUR/JPY;-0.000489168423450956;440
8;EUR/JPY;-0.00484167440228629;441
8;EUR/JPY;0.00157909729521063;442
8;EUR/JPY;-0.000757655513461354;443
8;EUR/JPY;0.00147269234729153;444
8;EUR/JPY;0.000245238004711376;445
8;EUR/JPY;-0.000602692511918513;446
8;EUR/JPY;0.00916224445616775;447
8;EUR/JPY;0.00298242671373424;448
8;EUR/JPY;-0.00514504077217787;449
8;EUR/JPY;0.000194896496656445;450
8;EUR/JPY;0.00539328085885045;451
8;EUR/JPY;-8.30731528816106E-05;452
8;EUR/JPY;0.00787503380223469;453
8;EUR/JPY;0.00515200196877556;454
8;EUR/JPY;-0.00895075542724828;455
8;EUR/JPY;0.00119899133725353;456
8;EUR/JPY;0.00891277607638969;457
8;EUR/JPY;-0.00025257610696038;458
8;EUR/JPY;0.00945188547582748;459
8;EUR/JPY;0.00191885468153598;460
8;EUR/JPY;-0.0008441127020191;461
8;EUR/JPY;0.00201793260824078;462
8;EUR/JPY;-0.0165053676633025;463
8;EUR/JPY;-0.00119336666975162;464
8;EUR/JPY;0.00935773610860089;465
8;EUR/JPY;0.00134521856305283;466
8;EUR/JPY;-0.00159679858892582;467
8;EUR/JPY;-0.000244841330439466;468
8;EUR/JPY;0.00194347671580343;469
8;EUR/JPY;-0.00148784782104963;470
8;EUR/JPY;-0.00123816277927509;471
8;EUR/JPY;-0.000224666320400213;472
8;EUR/JPY;0.00606187941133823;473
8;EUR/JPY;0.000378918597933966;474
8;EUR/JPY;-0.00161139657611615;475
8;EUR/JPY;-0.000264300165201428;476
8;EUR/JPY;0.00044046147521296;477
8;EUR/JPY;0.000270956817915261;478
8;EUR/JPY;-0.0010435867801721;479
8;EUR/JPY;0.000731980106558304;480
8;EUR/JPY;0.00370588699199669;481
8;EUR/JPY;0.00161870175024728;482
8;EUR/JPY;0.00541034121123087;483
8;EUR/JPY;0.00209577005838386;484
8;EUR/JPY;-0.00672467702863105;485
8;EUR/JPY;0.000457798401661662;486
8;EUR/JPY;-0.00479707833160585;487
8;EUR/JPY;-2.02896688396347E-05;488
8;EUR/JPY;-0.00618041810856872;489
8;EUR/JPY;-0.00115755727512719;490
8;EUR/JPY;0.00468324441057879;491
8;EUR/JPY;6.78104021416594E-05;492
8;EUR/JPY;0.00272217725455281;493
8;EUR/JPY;-0.00407246974032001;494
8;EUR/JPY;-0.00618437900305572;495
8;EUR/JPY;0.000901430056806004;496
8;EUR/JPY;-0.00103124827731733;497
8;EUR/JPY;-0.00302474773480598;498
8;EUR/JPY;0.00201295479256752;499
8;EUR/JPY;0.00217272564293208;500
8;EUR/JPY;-0.00376084248422909;501
8;EUR/JPY;0.00134869173403688;502
8;EUR/JPY;-0.000246325643744921;503
8;EUR/JPY;-4.79036998856494E-05;504
8;EUR/JPY;0.00332044632310218;505
8;EUR/JPY;0.00169014508690063;506
8;EUR/JPY;0.00108890215404852;507
8;EUR/JPY;-0.000632780068810851;508
8;EUR/JPY;0.000244994624954638;509
8;EUR/JPY;-0.00151175726276716;510
8;EUR/JPY;0.000347497848669531;511
8;EUR/JPY;0.00112343114459817;512
8;EUR/JPY;-0.00263012804842742;513
8;EUR/JPY;-0.000204704100937952;514
8;EUR/JPY;0.00140479152404411;515
8;EUR/JPY;-0.000859007013504659;516
8;EUR/JPY;-0.00907817177001639;517
8;EUR/JPY;2.75301971867725E-05;518
8;EUR/JPY;-0.0017152013022076;519
8;EUR/JPY;-0.000924259106636001;520
8;EUR/JPY;-0.00303398081303001;521
8;EUR/JPY;-0.00441881591535125;522
8;EUR/JPY;-0.00786605998330698;523
8;EUR/JPY;-0.00103058461492102;524
8;EUR/JPY;-0.00879958052152165;525
8;EUR/JPY;-0.00309007524561934;526
8;EUR/JPY;0.00051094632627045;527
8;EUR/JPY;0.00146043385238447;528
8;EUR/JPY;-0.000963930643285601;529
8;EUR/JPY;0.00173582248928962;530
8;EUR/JPY;-0.00615626888855716;531
8;EUR/JPY;-0.000406068232165716;532
8;EUR/JPY;-0.00169015932720721;533
8;EUR/JPY;-0.00067829287001631;534
8;EUR/JPY;-0.0110312662568716;535
8;EUR/JPY;0.00197675573527857;536
8;EUR/JPY;-0.004659554540095;537
8;EUR/JPY;0.00204709842943893;538
8;EUR/JPY;-0.0224562686574875;539
8;EUR/JPY;-0.00124233723245463;540
8;EUR/JPY;0.00706367592256656;541
8;EUR/JPY;-0.00106593751937518;542
8;EUR/JPY;0.00482805607410399;543
8;EUR/JPY;-0.000702946546431679;544
8;EUR/JPY;0.00531838429596348;545
8;EUR/JPY;-0.00182318115305074;546
8;EUR/JPY;-0.00203860261967423;547
8;EUR/JPY;0.00113307004625868;548
8;EUR/JPY;-0.0160775285686827;549
8;EUR/JPY;4.45454140569597E-05;550
8;EUR/JPY;-0.016973607514505;551
8;EUR/JPY;-0.012101930299519;552
8;EUR/JPY;0.0200293468310768;553
8;EUR/JPY;-0.00111686210868281;554
8;EUR/JPY;0.00411646416180161;555
8;EUR/JPY;5.97509877764419E-05;556
8;EUR/JPY;-0.00597030115388414;557
8;EUR/JPY;-0.00318321818710155;558
8;EUR/JPY;0.00931781615100999;559
8;EUR/JPY;0.00100013442977171;560
8;EUR/JPY;-0.0101219992363806;561
8;EUR/JPY;-0.00141774466641537;562
8;EUR/JPY;0.0036834673734278;563
8;EUR/JPY;0.00250063021499352;564
8;EUR/JPY;0.013143280509353;565
8;EUR/JPY;-0.00221567737321217;566
8;EUR/JPY;-0.00593009896325528;567
8;EUR/JPY;-0.00940973476829916;568
8;EUR/JPY;0.0161036482433445;569
8;EUR/JPY;-0.000570951910959266;570
8;EUR/JPY;0.000200241031539568;571
8;EUR/JPY;-0.00195963512558541;572
8;EUR/JPY;-0.00269333377103987;573
8;EUR/JPY;0.000536268921917137;574
8;EUR/JPY;0.00598368526255969;575
8;EUR/JPY;-5.92158343314499E-05;576
8;EUR/JPY;0.00603674049581012;577
8;EUR/JPY;0.000331039356245647;578
8;EUR/JPY;-0.00206895356074625;579
8;EUR/JPY;-0.000412830177851003;580
8;EUR/JPY;-0.00250274213980664;581
8;EUR/JPY;-0.00056194731004701;582
8;EUR/JPY;-0.00614281710827275;583
8;EUR/JPY;-0.000751893728077336;584
8;EUR/JPY;0.013815663758137;585
8;EUR/JPY;-0.00146274618037461;586
8;EUR/JPY;-0.00582808121023569;587
8;EUR/JPY;0.00131613017630425;588
8;EUR/JPY;-0.000857506188149293;589
8;EUR/JPY;9.61364250563046E-05;590
8;EUR/JPY;0.00338844489109042;591
8;EUR/JPY;-0.00132005432128161;592
8;EUR/JPY;-0.00580973151719575;593
8;EUR/JPY;0.000311695253623784;594
8;EUR/JPY;0.0001706490976433;595
8;EUR/JPY;-2.96760121395978E-05;596
8;EUR/JPY;0.00155680131077847;597
8;EUR/JPY;0.000244420003660934;598
8;EUR/JPY;-0.00994336946141704;599
8;EUR/JPY;0.000321578279037056;600
8;EUR/JPY;0.00196461516034035;601
8;EUR/JPY;-0.00194218332507877;602
8;EUR/JPY;0.00505673106701476;603
8;EUR/JPY;-0.000491126251639869;604
8;EUR/JPY;-0.00423666236238573;605
8;EUR/JPY;-1.49495825330687E-05;606
8;EUR/JPY;-0.00898766031526754;607
8;EUR/JPY;-0.000203663684074919;608
8;EUR/JPY;-0.000482924114843942;609
8;EUR/JPY;-0.00036989647095146;610
8;EUR/JPY;-0.0107945846019661;611
8;EUR/JPY;-0.000633677296239274;612
8;EUR/JPY;0.00422202018748765;613
8;EUR/JPY;0.000532202036449921;614
8;EUR/JPY;-0.0148400441557143;615
8;EUR/JPY;-0.000162017660279466;616
8;EUR/JPY;-0.0127345743921214;617
8;EUR/JPY;0.000749923871005885;618
8;EUR/JPY;0.00621207042053017;619
8;EUR/JPY;0.000527569391488843;620
8;EUR/JPY;-0.0133913666328319;621
8;EUR/JPY;-0.000196541653705227;622
8;EUR/JPY;0.00921153368673842;623
8;EUR/JPY;-0.000412973610622354;624
8;EUR/JPY;0.00151080958274521;625
8;EUR/JPY;8.5596118657357E-05;626
8;EUR/JPY;0.0124190617115506;627
8;EUR/JPY;0.00106765812824768;628
8;EUR/JPY;-0.0117064262042796;629
8;EUR/JPY;0.000621190375994923;630
8;EUR/JPY;0.00709296889808183;631
8;EUR/JPY;0.00140180100439199;632
8;EUR/JPY;0.0103446954071614;633
8;EUR/JPY;-0.0015628278924689;634
8;EUR/JPY;-0.00229912375612282;635
8;EUR/JPY;-0.00114771922556316;636
8;EUR/JPY;0.00296606823828229;637
8;EUR/JPY;0.000114491144234871;638
8;EUR/JPY;-0.00961700728447209;639
8;EUR/JPY;-0.000184962545611989;640
8;EUR/JPY;0.000654921760261646;641
8;EUR/JPY;-0.00044684130173402;642
8;EUR/JPY;0.00132453410402438;643
8;EUR/JPY;0.000238537688161797;644
8;EUR/JPY;-0.00815013028413294;645
8;EUR/JPY;-0.000558646228536857;646
8;EUR/JPY;-0.000496836558759018;647
8;EUR/JPY;1.55298794884987E-05;648
8;EUR/JPY;0.0114418430899026;649
8;EUR/JPY;-0.00123668752535318;650
8;EUR/JPY;0.00290111105658698;651
8;EUR/JPY;0.00147801574610682;652
8;EUR/JPY;0.000451393014133148;653
8;EUR/JPY;-0.000658030675730062;654
8;EUR/JPY;-0.00391119789978365;655
8;EUR/JPY;0.000199764892752934;656
8;EUR/JPY;-0.00539226055437546;657
8;EUR/JPY;0.000517376526507911;658
8;EUR/JPY;-0.00768775533936759;659
8;EUR/JPY;0.000381128689991848;660
8;EUR/JPY;-0.00859111813231679;661
8;EUR/JPY;-2.35315342179281E-05;662
8;EUR/JPY;-0.00378794285346279;663
8;EUR/JPY;-0.000693126263365162;664
8;EUR/JPY;0.00207007634027685;665
8;EUR/JPY;-3.93151304331274E-05;666
8;EUR/JPY;0.000911713219330854;667
8;EUR/JPY;-0.000730876416190063;668
8;EUR/JPY;0.00787781773590122;669
8;EUR/JPY;-0.000936446566123517;670
8;EUR/JPY;0.00337489262306448;671
8;EUR/JPY;-0.000544823412863441;672
8;EUR/JPY;-0.00318146288014133;673
8;EUR/JPY;0.000780707204203556;674
8;EUR/JPY;0.00256423386947861;675
8;EUR/JPY;0.000233493926327296;676
8;EUR/JPY;0.00105782254003296;677
8;EUR/JPY;3.88692167513825E-05;678
8;EUR/JPY;0.00563556461386972;679
8;EUR/JPY;-0.000471641592066892;680
8;EUR/JPY;-0.000951692033128393;681
8;EUR/JPY;0.000294115372744228;682
8;EUR/JPY;0.00362289849316946;683
8;EUR/JPY;-0.000848542871470547;684
8;EUR/JPY;0.00667628024959708;685
8;EUR/JPY;-0.000881972915416211;686
8;EUR/JPY;0.0147073234982598;687
8;EUR/JPY;-0.00031759955500552;688
8;EUR/JPY;0.0138201552193986;689
8;EUR/JPY;-0.000783532427956818;690
8;EUR/JPY;0.00549415117379068;691
8;EUR/JPY;-0.00201399459418704;692
8;EUR/JPY;-0.00371906952683529;693
8;EUR/JPY;-7.46720032606647E-05;694
8;EUR/JPY;0.00149238166997535;695
8;EUR/JPY;-0.000193883715121086;696
8;EUR/JPY;0.0110213158838156;697
8;EUR/JPY;-0.00139504523305671;698
8;EUR/JPY;-0.00300336069286245;699
8;EUR/JPY;-0.00267064454462017;700
8;EUR/JPY;-0.00323657384577969;701
8;EUR/JPY;-0.000409968959911306;702
8;EUR/JPY;-0.00139515300298945;703
8;EUR/JPY;-0.00044058621080482;704
8;EUR/JPY;0.00389878573098111;705
8;EUR/JPY;0.000349625643766801;706
8;EUR/JPY;0.00514837932432224;707
8;EUR/JPY;0.000680508632476446;708
8;EUR/JPY;0.0052068086245596;709
8;EUR/JPY;-0.000102988127031161;710
8;EUR/JPY;0.0049388252370067;711
8;EUR/JPY;-0.000109812477004118;712
8;EUR/JPY;-0.00653721919091291;713
8;EUR/JPY;0.000692469787369071;714
8;EUR/JPY;-0.00894312798742307;715
8;EUR/JPY;-0.00113748316262517;716
8;EUR/JPY;0.00161290956963104;717
8;EUR/JPY;-0.000661201255854881;718
8;EUR/JPY;-0.000639329172212259;719
8;EUR/JPY;6.69256939141777E-05;720
8;EUR/JPY;-0.00509168726506777;721
8;EUR/JPY;-0.00139859639642444;722
8;EUR/JPY;-0.00142304000286986;723
8;EUR/JPY;5.24637344556655E-05;724
8;EUR/JPY;0.00314279772896484;725
8;EUR/JPY;0.000343611811675466;726
8;EUR/JPY;0.00754456637383465;727
8;EUR/JPY;-0.000519002932894993;728
8;EUR/JPY;0.00637246186904302;729
8;EUR/JPY;0.000213682299445184;730
8;EUR/JPY;0.00426408527287793;731
8;EUR/JPY;-0.00128466313617609;732
8;EUR/JPY;0.00135802263443001;733
8;EUR/JPY;0.000396048323071668;734
8;EUR/JPY;0.0141904185732368;735
8;EUR/JPY;-0.000245831707743997;736
8;EUR/JPY;0.0127252039578017;737
8;EUR/JPY;-0.000557059312653449;738
8;EUR/JPY;-0.00168019801511474;739
8;EUR/JPY;-0.00245027921068259;740
8;EUR/JPY;0.00137633443709192;741
8;EUR/JPY;-0.000917345781831274;742
8;EUR/JPY;0.0067457255536925;743
8;EUR/JPY;0.000811561231985206;744
8;EUR/JPY;-0.00223694614900696;745
8;EUR/JPY;0.00155356995942699;746
8;EUR/JPY;-0.0109260187076315;747
8;EUR/JPY;0.00052540099019574;748
8;EUR/JPY;0.000733659916817293;749
8;EUR/JPY;-0.000632929622096093;750
8;EUR/JPY;-0.000878133806275762;751
8;EUR/JPY;-0.00346968345518996;752
8;EUR/JPY;0.0060012211332822;753
8;EUR/JPY;-0.00045261710443995;754
8;EUR/JPY;-0.00342641116676544;755
8;EUR/JPY;0.00072080906727093;756
8;EUR/JPY;0.00846653977994798;757
8;EUR/JPY;0.00324558653694616;758
8;EUR/JPY;-0.00431072065509616;759
8;EUR/JPY;0.000386152849815363;760
8;EUR/JPY;-0.00441387933571686;761
8;EUR/JPY;0.00171484168979012;762
8;EUR/JPY;0.00252028171522278;763
8;EUR/JPY;0.00125776292031215;764
8;EUR/JPY;-0.0119697375543889;765
8;EUR/JPY;0.000513048422068079;766
8;EUR/JPY;0.00181162738695098;767
8;EUR/JPY;0.000843343582728526;768
8;EUR/JPY;-0.00209886370609273;769
8;EUR/JPY;-0.00032496019523614;770
8;EUR/JPY;-0.0012936659159848;771
8;EUR/JPY;-0.0274122326872644;772
8;EUR/JPY;0.0234049954670828;773
8;EUR/JPY;-0.000842619142441792;774
8;EUR/JPY;-0.00839951666278604;775
8;EUR/JPY;-0.00120256659772143;776
8;EUR/JPY;-0.00125543764080361;777
8;EUR/JPY;-3.67324299646946E-05;778
8;EUR/JPY;0.00198162293657096;779
8;EUR/JPY;0.000256589776671738;780
8;EUR/JPY;-0.000946042642474426;781
8;EUR/JPY;-0.0125218513828574;782
8;EUR/JPY;0.00603685414283861;783
8;EUR/JPY;0.000716075934643867;784
8;EUR/JPY;-0.00317086326084043;785
8;EUR/JPY;-0.00149652936901264;786
8;EUR/JPY;-0.00985728813184959;787
8;EUR/JPY;0.00210926358717769;788
8;EUR/JPY;-0.000814755338177485;789
8;EUR/JPY;0.00661839460864067;790
8;EUR/JPY;0.0168025373744491;791
8;EUR/JPY;-0.00411372600975111;792
8;EUR/JPY;-0.0043074999344359;793
8;EUR/JPY;8.10286215631933E-05;794
8;EUR/JPY;2.20975755286561E-05;795
8;EUR/JPY;-0.000117859379164735;796
8;EUR/JPY;-0.00123098711951505;797
8;EUR/JPY;-0.000331962454406857;798
8;EUR/JPY;-0.00399216883290831;799
9;EUR/JPY;-0.000563927720832955;800
8;EUR/JPY;0.00106613764753643;800
9;EUR/JPY;3.20305167131082E-05;801
8;EUR/JPY;-0.00444232576558118;801
9;EUR/JPY;-0.000647461094786511;802
8;EUR/JPY;-0.000691483259084267;802
9;EUR/JPY;-0.00022325214174881;803
8;EUR/JPY;0.00160529186121149;803
9;EUR/JPY;7.46975369509449E-05;804
8;EUR/JPY;-1.48519998221673E-05;804
9;EUR/JPY;-6.85450288574183E-05;805
8;EUR/JPY;0.00635134269210276;805
9;EUR/JPY;0.000646217109911735;806
8;EUR/JPY;-0.000361638299222739;806
9;EUR/JPY;-3.12604593779177E-06;807
8;EUR/JPY;-0.000664574512183458;807
9;EUR/JPY;-3.91102799317668E-05;808
8;EUR/JPY;0.00109262195818368;808
9;EUR/JPY;0.000164352035292506;809
8;EUR/JPY;0.00438062772821657;809
9;EUR/JPY;0.00057299118483944;810
8;EUR/JPY;-9.5506422879345E-05;810
9;EUR/JPY;2.88366411591878E-06;811
1;EUR/JPY;136.118;811
8;EUR/JPY;-0.00157349502697249;811
9;EUR/JPY;-0.000188957792668674;812
8;EUR/JPY;-0.000714035989777086;812
9;EUR/JPY;-8.75260810617851E-05;813
8;EUR/JPY;0.00700784000410995;813
9;EUR/JPY;0.000763630198798832;814
8;EUR/JPY;-0.000438840298432687;814
9;EUR/JPY;-5.03048275294729E-05;815
8;EUR/JPY;-0.000270714211588346;815
9;EUR/JPY;-3.23963996018808E-05;816
8;EUR/JPY;0.000563295807367584;816
9;EUR/JPY;9.5116875749997E-05;817
8;EUR/JPY;-0.00437570099095159;817
9;EUR/JPY;-0.000510434661059357;818
8;EUR/JPY;-0.000220390532914825;818
9;EUR/JPY;-0.000122477649530659;819
8;EUR/JPY;-0.00303162092661712;819
9;EUR/JPY;-0.000481940843672336;820
8;EUR/JPY;0.00034630503925199;820
9;EUR/JPY;-7.88315565122144E-05;821
8;EUR/JPY;0.002663274162379;821
9;EUR/JPY;0.000215495956811238;822
8;EUR/JPY;-0.000455637790543626;822
9;EUR/JPY;-0.00010163689571145;823
8;EUR/JPY;-0.00172890140141445;823
9;EUR/JPY;-0.000272175585471989;824
8;EUR/JPY;-0.000581877122499665;824
9;EUR/JPY;-0.000105591663830682;825
8;EUR/JPY;-0.00279625528504038;825
9;EUR/JPY;-0.000403283239642623;826
8;EUR/JPY;-0.000436005165069779;826
9;EUR/JPY;-0.000167049120675652;827
8;EUR/JPY;0.0063953535002715;827
9;EUR/JPY;0.000621708744368415;828
8;EUR/JPY;-0.000830262756040499;828
9;EUR/JPY;-0.000124967003322237;829
8;EUR/JPY;0.00190930845592037;829
9;EUR/JPY;0.000231673854718089;830
8;EUR/JPY;-0.000374230904833305;830
9;EUR/JPY;-7.88025033875046E-06;831
8;EUR/JPY;-0.000903133493844352;831
9;EUR/JPY;-7.72733693125464E-05;832
8;EUR/JPY;0.000851757535579888;832
9;EUR/JPY;7.1693405743611E-05;833
8;EUR/JPY;0.00745851933359164;833
9;EUR/JPY;0.000794088252359078;834
8;EUR/JPY;0.000131122701898222;834
9;EUR/JPY;5.41462470386082E-05;835
8;EUR/JPY;0.00615793215902663;835
9;EUR/JPY;0.000752874017472308;836
8;EUR/JPY;-5.06770820245483E-05;836
9;EUR/JPY;0.000118443361052432;837
8;EUR/JPY;0.00424073833318489;837
9;EUR/JPY;0.000636960596988346;838
8;EUR/JPY;-0.000411004840500386;838
9;EUR/JPY;2.98162044879627E-05;839
8;EUR/JPY;0.000591216842386627;839
9;EUR/JPY;0.000155892424759244;840
8;EUR/JPY;0.000410761969217692;840
9;EUR/JPY;6.95338455924678E-05;841
8;EUR/JPY;-0.00533138101261338;841
9;EUR/JPY;-0.000626156448826259;842
8;EUR/JPY;-0.000659365366631987;842
9;EUR/JPY;-0.000180884104065895;843
8;EUR/JPY;-0.000899176299126092;843
9;EUR/JPY;-0.000215844868276856;844
8;EUR/JPY;-0.000130592819031623;844
9;EUR/JPY;-0.000133073307478275;845
8;EUR/JPY;-0.004545082236215;845
9;EUR/JPY;-0.000687477559716149;846
8;EUR/JPY;-1.45774719751281E-05;846
9;EUR/JPY;-0.000116803256542301;847
8;EUR/JPY;0.00396452095797909;847
9;EUR/JPY;0.000387520221803197;848
8;EUR/JPY;0.000333901937555946;848
9;EUR/JPY;-2.07150100697304E-06;849
8;EUR/JPY;0.00487242546722352;849
9;EUR/JPY;0.000549217498465497;850
8;EUR/JPY;0.00167415988358584;850
9;EUR/JPY;0.000292141315726119;851
8;EUR/JPY;0.000627088061548074;851
9;EUR/JPY;0.000177489244450944;852
8;EUR/JPY;-0.00213514998306303;852
9;EUR/JPY;-0.000226576774438547;853
8;EUR/JPY;-0.00723997524165056;853
9;EUR/JPY;-0.000794925126080769;854
8;EUR/JPY;0.00136648783065855;854
9;EUR/JPY;6.5035662020318E-05;855
8;EUR/JPY;-0.00813187527544589;855
9;EUR/JPY;-0.000999923238671095;856
8;EUR/JPY;0.00307089618963553;856
9;EUR/JPY;0.000179863436983959;857
8;EUR/JPY;-0.00772442298496062;857
9;EUR/JPY;-0.000998338222783705;858
8;EUR/JPY;0.0014629827602848;858
9;EUR/JPY;4.22401438495459E-05;859
8;EUR/JPY;-0.00045557417829346;859
9;EUR/JPY;-0.000209488535366226;860
8;EUR/JPY;2.20486908598116E-05;860
9;EUR/JPY;-6.65924614414603E-05;861
8;EUR/JPY;-0.00146361760256835;861
9;EUR/JPY;-0.000301161409497674;862
8;EUR/JPY;0.000897547255051791;862
9;EUR/JPY;7.49260186174085E-05;863
8;EUR/JPY;2.94141437933248E-05;863
9;EUR/JPY;-4.71721149026659E-05;864
8;EUR/JPY;-0.000448659728548029;864
9;EUR/JPY;-0.000104475819495372;865
8;EUR/JPY;-0.00475638306137546;865
9;EUR/JPY;-0.000638664729204891;866
8;EUR/JPY;-0.000436211473363663;866
9;EUR/JPY;-0.000147057473774479;867
8;EUR/JPY;-0.00128756335357221;867
9;EUR/JPY;-0.000276794975789111;868
8;EUR/JPY;0.00140587679559606;868
9;EUR/JPY;6.1804226505711E-05;869
0;EUR/JPY;133.354;1;869
8;EUR/JPY;-0.0133239036297362;869
9;EUR/JPY;-0.00122232549483315;870
8;EUR/JPY;0.00124311994141837;870
9;EUR/JPY;1.28380991944875E-05;871
8;EUR/JPY;-0.00731613481840598;871
9;EUR/JPY;-0.000950679822199899;872
8;EUR/JPY;0.00190554435326872;872
9;EUR/JPY;5.66346746184218E-05;873
8;EUR/JPY;0.00238246558725307;873
9;EUR/JPY;0.000122584638912792;874
8;EUR/JPY;0.000465308275122214;874
9;EUR/JPY;1.45031928471281E-05;875
8;EUR/JPY;0.00777306673176924;875
9;EUR/JPY;0.000778708477398902;876
8;EUR/JPY;0.00204531749540057;876
9;EUR/JPY;0.000371853303640201;877
8;EUR/JPY;0.00313792657474456;877
9;EUR/JPY;0.000506625763386563;878
8;EUR/JPY;-0.000926258759161888;878
9;EUR/JPY;-7.03308856935759E-06;879
8;EUR/JPY;0.00850409288504633;879
9;EUR/JPY;0.000980613519818465;880
8;EUR/JPY;0.000668692363980829;880
9;EUR/JPY;0.000191467663842548;881
8;EUR/JPY;0.00447824843696623;881
9;EUR/JPY;0.000634049128800921;882
8;EUR/JPY;0.00200905236683347;882
9;EUR/JPY;0.000362154397866837;883
1;EUR/JPY;137.026;883
8;EUR/JPY;-0.00705308831058049;883
9;EUR/JPY;-0.000665214426158512;884
8;EUR/JPY;0.00036008363147621;884
9;EUR/JPY;2.02466997120971E-05;885
8;EUR/JPY;-0.00314223842974877;885
9;EUR/JPY;-0.000436758058038157;886
8;EUR/JPY;0.000287406088355169;886
9;EUR/JPY;-8.66502216303043E-05;887
8;EUR/JPY;0.0027887042512591;887
9;EUR/JPY;0.000211585948312961;888
8;EUR/JPY;8.81698151209945E-05;888
9;EUR/JPY;-2.2340893573671E-05;889
8;EUR/JPY;0.00754637700789409;889
9;EUR/JPY;0.00078227580449705;890
8;EUR/JPY;-0.00148135742756324;890
9;EUR/JPY;-0.00011307315722229;891
8;EUR/JPY;-0.0116127920508122;891
9;EUR/JPY;-0.00100862012497932;892
8;EUR/JPY;0.00109283172408565;892
9;EUR/JPY;6.59461640874435E-05;893
8;EUR/JPY;-0.00430439016497778;893
9;EUR/JPY;-0.000604491367544455;894
8;EUR/JPY;-0.00072662028391425;894
9;EUR/JPY;-0.000294930965669969;895
8;EUR/JPY;-0.00845414313935589;895
9;EUR/JPY;-0.00109045455628326;896
8;EUR/JPY;-0.00107772341382225;896
9;EUR/JPY;-0.000316020752351725;897
8;EUR/JPY;0.00705888795439432;897
9;EUR/JPY;0.000583078433596204;898
8;EUR/JPY;7.43527592651883E-05;898
9;EUR/JPY;-6.18343011539465E-05;899
8;EUR/JPY;0.00143392634278025;899
9;EUR/JPY;0.000127337951916417;900
8;EUR/JPY;-0.00173137055559335;900
9;EUR/JPY;-0.000183779059833541;901
8;EUR/JPY;0.0047115125757257;901
9;EUR/JPY;0.000609485215539526;902
8;EUR/JPY;-0.00194869006743499;902
9;EUR/JPY;-0.000241111174310948;903
8;EUR/JPY;-0.000482201220781156;903
9;EUR/JPY;-7.46801103016575E-05;904
8;EUR/JPY;-0.00158176767632651;904
9;EUR/JPY;-0.000244268632450478;905
8;EUR/JPY;0.00118841605572991;905
9;EUR/JPY;0.000123487578368294;906
8;EUR/JPY;0.00137234778280419;906
9;EUR/JPY;0.000106314124432289;907
8;EUR/JPY;-0.00630607262495197;907
9;EUR/JPY;-0.000770255580930686;908
8;EUR/JPY;-0.0010897393914502;908
9;EUR/JPY;-0.000241623767175558;909
8;EUR/JPY;0.00182054278567067;909
9;EUR/JPY;0.000147408949060227;910
8;EUR/JPY;-0.000275852815634348;910
9;EUR/JPY;-0.00011955641543789;911
8;EUR/JPY;0.00323090031515034;911
9;EUR/JPY;0.00030671839163601;912
8;EUR/JPY;0.000928625886245272;912
9;EUR/JPY;0.000130633461636133;913
8;EUR/JPY;0.000222741954367806;913
9;EUR/JPY;6.3475885029045E-05;914
8;EUR/JPY;0.00126868263230242;914
9;EUR/JPY;0.000180705015807503;915
8;EUR/JPY;0.00512508748417145;915
9;EUR/JPY;0.000647813678453427;916
8;EUR/JPY;-0.000509114262875375;916
9;EUR/JPY;-1.41047089053041E-05;917
8;EUR/JPY;-0.00454924501637133;917
9;EUR/JPY;-0.000531200230003224;918
8;EUR/JPY;-0.000734255264556782;918
9;EUR/JPY;-0.000120454479913451;919
8;EUR/JPY;0.0029337918049132;919
9;EUR/JPY;0.000326993081090958;920
8;EUR/JPY;0.00122726616025076;920
9;EUR/JPY;8.95189400345489E-05;921
4;EUR/JPY;133.205;921
8;EUR/JPY;0.00869545108406485;921
9;EUR/JPY;0.000845715885428715;922
8;EUR/JPY;0.000739517736365352;922
9;EUR/JPY;0.000191770679472873;923
8;EUR/JPY;-0.00203682472404324;923
9;EUR/JPY;-0.000154975162478851;924
8;EUR/JPY;-0.000513524033205325;924
9;EUR/JPY;-1.84413268271832E-05;925
8;EUR/JPY;0.000322817317550321;925
9;EUR/JPY;7.02513277209518E-05;926
8;EUR/JPY;-0.000146722225745976;926
9;EUR/JPY;-7.6673487168206E-05;927
8;EUR/JPY;0.000271419193937469;927
9;EUR/JPY;-3.25562877123547E-05;928
8;EUR/JPY;0.000205349351304267;928
9;EUR/JPY;-1.1783909847521E-05;929
8;EUR/JPY;-0.00835056398864995;929
9;EUR/JPY;-0.000927068745770743;930
8;EUR/JPY;0.000864799394579771;930
9;EUR/JPY;-6.29254592774299E-06;931
8;EUR/JPY;0.00230985332191145;931
9;EUR/JPY;0.000192026507067587;932
8;EUR/JPY;-0.00123913011230515;932
9;EUR/JPY;-0.00024610060960706;933
8;EUR/JPY;-0.000627526275183892;933
9;EUR/JPY;-0.000183942840941876;934
8;EUR/JPY;-0.000177255203642917;934
9;EUR/JPY;-4.53876462761094E-05;935
8;EUR/JPY;0.00405422894827459;935
9;EUR/JPY;0.000468512504153535;936
8;EUR/JPY;0.00061039512108264;936
9;EUR/JPY;6.58364709488509E-05;937
8;EUR/JPY;-0.000404437047533837;937
9;EUR/JPY;-4.50334144558768E-05;938
8;EUR/JPY;0.000191208807954382;938
9;EUR/JPY;3.7084619941461E-05;939
8;EUR/JPY;-0.0142789741092161;939
9;EUR/JPY;-0.00113374278914906;940
8;EUR/JPY;-0.000761131585647729;940
9;EUR/JPY;-0.00024527047581637;941
8;EUR/JPY;-0.00185301466692365;941
9;EUR/JPY;-0.000405747008576395;942
8;EUR/JPY;-0.000276752424284949;942
9;EUR/JPY;-0.000217098992230609;943
0;EUR/JPY;133.203;1;943
8;EUR/JPY;0.000344059002032657;943
9;EUR/JPY;-0.000140683989830575;944
8;EUR/JPY;0.000433644866608587;944
9;EUR/JPY;-1.33621179422027E-05;945
8;EUR/JPY;-0.00620854541802413;945
9;EUR/JPY;-0.000784982163389536;946
8;EUR/JPY;-0.000233195799019017;946
9;EUR/JPY;-0.000133419683307978;947
8;EUR/JPY;-0.00463758018468107;947
9;EUR/JPY;-0.00067665987848464;948
8;EUR/JPY;-0.00196708972073327;948
9;EUR/JPY;-0.000420452311383567;949
8;EUR/JPY;0.00672503581793349;949
9;EUR/JPY;0.000565211505642677;950
8;EUR/JPY;0.000526430587245237;950
9;EUR/JPY;2.24048418544819E-05;951
8;EUR/JPY;-0.00230329864799599;951
9;EUR/JPY;-0.000339200477733559;952
8;EUR/JPY;0.000934002267323665;952
9;EUR/JPY;0.00011246516883562;953
8;EUR/JPY;0.00118883711134336;953
9;EUR/JPY;0.00018305888152938;954
8;EUR/JPY;0.000473636143532218;954
9;EUR/JPY;2.95643096042923E-05;955
8;EUR/JPY;-0.00246084041058218;955
9;EUR/JPY;-0.000355410641585557;956
8;EUR/JPY;7.53448912754142E-05;956
9;EUR/JPY;-2.59036699555727E-05;957
8;EUR/JPY;-0.00549242302580352;957
9;EUR/JPY;-0.000709515577991424;958
8;EUR/JPY;0.000113629046736674;958
9;EUR/JPY;-0.000111387821201538;959
8;EUR/JPY;0.0030782170661258;959
9;EUR/JPY;0.000261706600478711;960
8;EUR/JPY;0.000128368250932205;960
9;EUR/JPY;-4.44194661883814E-05;961
8;EUR/JPY;-0.000128368250932326;961
9;EUR/JPY;-7.7873985898144E-05;962
8;EUR/JPY;-0.00183671438580637;962
9;EUR/JPY;-0.00024029039100826;963
8;EUR/JPY;0.00180650769653285;963
9;EUR/JPY;0.00021323427931064;964
8;EUR/JPY;-0.0001510471345455;964
9;EUR/JPY;-5.87272420981137E-05;965
8;EUR/JPY;-0.00348797532979492;965
9;EUR/JPY;-0.000488520572130203;966
8;EUR/JPY;0.00164336085270334;966
9;EUR/JPY;0.000131732740982268;967
8;EUR/JPY;-0.00115840214046314;967
9;EUR/JPY;-0.000192918962092339;968
8;EUR/JPY;0.000901095383984481;968
9;EUR/JPY;4.18897620155058E-05;969
8;EUR/JPY;0.00163353007306668;969
9;EUR/JPY;0.000150611458860467;970
8;EUR/JPY;0.00120075684755379;970
9;EUR/JPY;0.000159000357000139;971
8;EUR/JPY;-0.0055400126556815;971
9;EUR/JPY;-0.000672522301282877;972
8;EUR/JPY;-0.00675449280432466;972
9;EUR/JPY;-0.000831691273853322;973
8;EUR/JPY;0.00559265119285089;973
9;EUR/JPY;0.000517902792204119;974
8;EUR/JPY;0.000987271868520795;974
9;EUR/JPY;3.28170989871023E-05;975
8;EUR/JPY;-0.00248522861663932;975
9;EUR/JPY;-0.000424735635020709;976
8;EUR/JPY;-0.000258757811743817;976
9;EUR/JPY;-0.000101762273527166;977
8;EUR/JPY;0.00129312002197506;977
9;EUR/JPY;0.000175078932367158;978
8;EUR/JPY;0.00197448423807262;978
9;EUR/JPY;0.00021406385771549;979
8;EUR/JPY;0.000409596704680496;979
9;EUR/JPY;2.31702199771077E-05;980
8;EUR/JPY;-0.000280631498555797;980
9;EUR/JPY;-3.17012484681793E-05;981
8;EUR/JPY;-0.00740061699161455;981
9;EUR/JPY;-0.000824079329456982;982
8;EUR/JPY;-0.000680373543662328;982
9;EUR/JPY;-0.000182031683857924;983
8;EUR/JPY;-0.00199792619019835;983
9;EUR/JPY;-0.000388127270641512;984
8;EUR/JPY;0.00202851471338709;984
9;EUR/JPY;0.000108163674041485;985
8;EUR/JPY;-0.00231973369679171;985
9;EUR/JPY;-0.000430317737479306;986
8;EUR/JPY;-0.000567354151537312;986
9;EUR/JPY;-0.00015163279512123;987
8;EUR/JPY;-0.000705808371648567;987
9;EUR/JPY;-0.000168544876748209;988
8;EUR/JPY;0.000153478985191285;988
9;EUR/JPY;-3.79344560158414E-05;989
8;EUR/JPY;-0.0023354265468237;989
9;EUR/JPY;-0.000387748551139955;990
8;EUR/JPY;0.000422932156452829;990
9;EUR/JPY;-2.6257051373188E-05;991
8;EUR/JPY;0.000230614897206935;991
9;EUR/JPY;-3.89448432345336E-05;992
8;EUR/JPY;-0.000838155338480903;992
9;EUR/JPY;-0.000168819285965961;993
8;EUR/JPY;0.00128386005880234;993
9;EUR/JPY;9.89524661887679E-05;994
8;EUR/JPY;0.000537655068829431;994
9;EUR/JPY;4.73030028489502E-05;995
8;EUR/JPY;0.00269926394278942;995
9;EUR/JPY;0.00032491834476095;996
8;EUR/JPY;0.00018377567168129;996
9;EUR/JPY;3.29493612020934E-05;997
8;EUR/JPY;0.00117077663403009;997
9;EUR/JPY;0.00017631294381178;998
8;EUR/JPY;3.05901606774086E-05;998
9;EUR/JPY;2.43885747696246E-05;999
8;EUR/JPY;0.0263172090001841;999
9;EUR/JPY;0.00122502086381416;1000
8;EUR/JPY;-0.00260301245983904;1000
9;EUR/JPY;-0.000238678358873692;1001
1;EUR/JPY;133.911;1001
8;EUR/JPY;0.000156819989642587;1001
9;EUR/JPY;8.61284625128875E-05;1002
8;EUR/JPY;0.000962783638386896;1002
9;EUR/JPY;0.000179539257541536;1003
8;EUR/JPY;-0.00233766243226324;1003
9;EUR/JPY;-0.000241832565934232;1004
8;EUR/JPY;-0.00122703073993377;1004
9;EUR/JPY;-0.000249020339142611;1005
8;EUR/JPY;0.00304983118487293;1005
9;EUR/JPY;0.000320190664447305;1006
8;EUR/JPY;-0.000627146504055519;1006
9;EUR/JPY;-0.000116553851937462;1007
8;EUR/JPY;-0.00237028064569488;1007
9;EUR/JPY;-0.00036371521890983;1008
8;EUR/JPY;0.00344514825683248;1008
9;EUR/JPY;0.000381479813380787;1009
8;EUR/JPY;-0.00761610319448947;1009
9;EUR/JPY;-0.000841275214954895;1010
8;EUR/JPY;0.00152486574299565;1010
9;EUR/JPY;8.4843790159149E-05;1011
8;EUR/JPY;-0.00372235456744949;1011
9;EUR/JPY;-0.0005612061115154;1012
8;EUR/JPY;0.000128068464069153;1012
9;EUR/JPY;-8.66630315219589E-05;1013
8;EUR/JPY;0.00113683002332001;1013
9;EUR/JPY;5.39603969074399E-06;1014
8;EUR/JPY;0.00166902273128939;1014
9;EUR/JPY;0.000170658609836552;1015
8;EUR/JPY;-0.00145083899714968;1015
9;EUR/JPY;-0.0002384066079166;1016
8;EUR/JPY;0.000797094407648631;1016
9;EUR/JPY;8.6437252240699E-05;1017
8;EUR/JPY;0.00505350733941777;1017
9;EUR/JPY;0.000597077967803404;1018
8;EUR/JPY;-0.00397918760721794;1018
9;EUR/JPY;-0.000468540312433363;1019
8;EUR/JPY;-0.00324149392417107;1019
9;EUR/JPY;-0.000452668972102631;1020
8;EUR/JPY;0.000203372213277859;1020
9;EUR/JPY;-3.03837661369244E-05;1021
8;EUR/JPY;-0.00800787670749727;1021
9;EUR/JPY;-0.000938380923420495;1022
8;EUR/JPY;0.000978900598352197;1022
9;EUR/JPY;-7.97521246065726E-05;1023
8;EUR/JPY;0.00299902529332877;1023
9;EUR/JPY;0.000235540339507241;1024
8;EUR/JPY;0.000136105860323419;1024
9;EUR/JPY;-5.18637281310948E-05;1025
8;EUR/JPY;0.00236377271345556;1025
9;EUR/JPY;0.000235590209162465;1026
8;EUR/JPY;-0.000497966646525493;1026
9;EUR/JPY;-2.23725329798769E-05;1027
4;EUR/JPY;131.706;1027
0;EUR/JPY;131.703;1;1027
8;EUR/JPY;-0.00478100615670825;1027
9;EUR/JPY;-0.000566066954232176;1028
8;EUR/JPY;0.000394238064241711;1028
9;EUR/JPY;-1.78089753942906E-05;1029
8;EUR/JPY;3.03195682518488E-05;1029
9;EUR/JPY;-6.27927655653465E-05;1030
8;EUR/JPY;-0.00108449598634572;1030
9;EUR/JPY;-0.000240252268671036;1031
8;EUR/JPY;0.000235200395613927;1031
9;EUR/JPY;-7.26981199105971E-05;1032
8;EUR/JPY;9.86159629697598E-05;1032
9;EUR/JPY;-3.05705284872307E-05;1033
8;EUR/JPY;0.00184157229818038;1033
9;EUR/JPY;0.000193418671140019;1034
8;EUR/JPY;0.000219549772436554;1034
9;EUR/JPY;4.85126823091145E-06;1035
8;EUR/JPY;-0.00308568510825212;1035
9;EUR/JPY;-0.000405898249749596;1036
8;EUR/JPY;-0.000113905162684709;1036
9;EUR/JPY;-6.43698950153132E-05;1037
8;EUR/JPY;2.27820705113896E-05;1037
9;EUR/JPY;-4.8944093896744E-05;1038
8;EUR/JPY;0.00030371135506494;1038
9;EUR/JPY;-3.48852469702686E-05;1039
8;EUR/JPY;-0.00909807804774452;1039
9;EUR/JPY;-0.00101806528977339;1040
8;EUR/JPY;0.000298734974511901;1040
9;EUR/JPY;-8.7155839435373E-05;1041
8;EUR/JPY;-0.0107878569416874;1041
9;EUR/JPY;-0.00115241146707237;1042
8;EUR/JPY;0.00109873115355403;1042
9;EUR/JPY;-7.63547556169053E-05;1043
8;EUR/JPY;-0.0115503915005764;1043
9;EUR/JPY;-0.00127201955601029;1044
8;EUR/JPY;0.00174303903436917;1044
9;EUR/JPY;5.49699192160154E-06;1045
8;EUR/JPY;-0.00278405760450474;1045
9;EUR/JPY;-0.00056524991026842;1046
8;EUR/JPY;0.00109577901277003;1046
9;EUR/JPY;4.94131722447814E-06;1047
8;EUR/JPY;0.00442566668198903;1047
9;EUR/JPY;0.000403915448006483;1048
8;EUR/JPY;3.89400517951436E-05;1048
9;EUR/JPY;2.17919391537756E-05;1049
8;EUR/JPY;-0.00105191399589658;1049
9;EUR/JPY;-0.000144868857996284;1050
8;EUR/JPY;-0.00188842731443502;1050
9;EUR/JPY;-0.000232447420622522;1051
8;EUR/JPY;-0.00212679528451478;1051
9;EUR/JPY;-0.000301276627801871;1052
8;EUR/JPY;3.13091939474507E-05;1052
9;EUR/JPY;-9.84343106263889E-05;1053
8;EUR/JPY;-0.000736025339970016;1053
9;EUR/JPY;-0.000200491049021914;1054
8;EUR/JPY;0.000798640787221194;1054
9;EUR/JPY;7.13854574676696E-06;1055
8;EUR/JPY;0.00258728311696098;1055
9;EUR/JPY;0.000269726102464608;1056
8;EUR/JPY;-0.00224296822194042;1056
9;EUR/JPY;-0.000298304712069323;1057
8;EUR/JPY;0.00408359829930204;1057
9;EUR/JPY;0.000473707778388035;1058
8;EUR/JPY;0.000218155187115133;1058
9;EUR/JPY;5.51041077810102E-05;1059
8;EUR/JPY;-0.00553087521067528;1059
9;EUR/JPY;-0.000648139839754712;1060
8;EUR/JPY;0.000681292288986706;1060
9;EUR/JPY;1.15777720408817E-05;1061
8;EUR/JPY;0.000540005413176501;1061
9;EUR/JPY;3.02992410781763E-05;1062
8;EUR/JPY;0.000539713964706796;1062
9;EUR/JPY;-1.25417615580754E-05;1063
8;EUR/JPY;0.00309966401747268;1063
9;EUR/JPY;0.000315391301264766;1064
8;EUR/JPY;-4.67748725470189E-05;1064
9;EUR/JPY;1.71785428311997E-05;1065
8;EUR/JPY;-0.00837670082622693;1065
9;EUR/JPY;-0.000885644544773723;1066
8;EUR/JPY;0.00191638647121816;1066
9;EUR/JPY;0.000170296955576862;1067
8;EUR/JPY;0.00273469350296082;1067
9;EUR/JPY;0.000289175251785948;1068
8;EUR/JPY;0.00199341068108832;1068
9;EUR/JPY;0.000193236449751668;1069
8;EUR/JPY;0.00078064625858426;1069
9;EUR/JPY;6.25714309334503E-05;1070
8;EUR/JPY;-0.00108526355617272;1070
9;EUR/JPY;-8.7625578199146E-05;1071
8;EUR/JPY;0.00308094543963788;1071
9;EUR/JPY;0.000410930016580781;1072
8;EUR/JPY;-0.000732326806284248;1072
9;EUR/JPY;-7.54468796347354E-05;1073
8;EUR/JPY;0.00194649536683061;1073
9;EUR/JPY;0.000241160841631191;1074
8;EUR/JPY;0.000217771729423715;1074
9;EUR/JPY;3.06744067412921E-05;1075
1;EUR/JPY;128.595;1075
8;EUR/JPY;0.00641847741975664;1075
9;EUR/JPY;0.000750514214802381;1076
8;EUR/JPY;-0.0019568342664953;1076
9;EUR/JPY;-0.000205258586854529;1077
8;EUR/JPY;0.00745103603777872;1077
9;EUR/JPY;0.000849214091339251;1078
8;EUR/JPY;-0.000614958894005314;1078
9;EUR/JPY;1.05295065285519E-05;1079
8;EUR/JPY;0.00814818188439273;1079
9;EUR/JPY;0.000941675004612529;1080
8;EUR/JPY;0.00192775917762463;1080
9;EUR/JPY;0.000346256631182058;1081
8;EUR/JPY;0.00443570859220573;1081
9;EUR/JPY;0.000688307643334045;1082
8;EUR/JPY;-0.00204071640010718;1082
9;EUR/JPY;-0.000150926946230093;1083
8;EUR/JPY;-0.00448293016010561;1083
9;EUR/JPY;-0.000459991566012467;1084
8;EUR/JPY;-0.00177894554707804;1084
9;EUR/JPY;-0.00027488402443401;1085
8;EUR/JPY;-0.0024560167510702;1085
9;EUR/JPY;-0.00040840777021506;1086
8;EUR/JPY;0.00412053316589229;1086
9;EUR/JPY;0.000338819528103825;1087
8;EUR/JPY;-0.00157281956454458;1087
9;EUR/JPY;-0.000303943448562338;1088
8;EUR/JPY;-1.52822244810008E-05;1088
9;EUR/JPY;-6.42643956474089E-05;1089
8;EUR/JPY;-0.00461059720471849;1089
9;EUR/JPY;-0.000611987640472162;1090
8;EUR/JPY;0.000399097431118827;1090
9;EUR/JPY;-1.09533907375196E-05;1091
8;EUR/JPY;-0.00747878665414048;1091
9;EUR/JPY;-0.000942936076008327;1092
8;EUR/JPY;0.000548751989470703;1092
9;EUR/JPY;-9.66524669014545E-05;1093
8;EUR/JPY;0.00288564861098415;1093
9;EUR/JPY;0.000207763695664881;1094
8;EUR/JPY;0.00183199577074508;1094
9;EUR/JPY;0.000169157247761134;1095
8;EUR/JPY;-0.0141188291802689;1095
9;EUR/JPY;-0.00119722232328065;1096
8;EUR/JPY;-0.00339866646395477;1096
9;EUR/JPY;-0.000517813093823789;1097
0;EUR/JPY;126.218;1;1097
8;EUR/JPY;-0.0038501245331544;1097
9;EUR/JPY;-0.00061930986075426;1098
8;EUR/JPY;6.28500946885906E-05;1098
9;EUR/JPY;-0.000206561164538937;1099
8;EUR/JPY;0.00140523886667033;1099
9;EUR/JPY;-5.25921620061408E-05;1100
8;EUR/JPY;0.000901766346811351;1100
9;EUR/JPY;1.03606128686763E-05;1101
8;EUR/JPY;0.00231733485051639;1101
9;EUR/JPY;0.000245611566041682;1102
8;EUR/JPY;-0.00063360204872322;1102
9;EUR/JPY;-6.24435193042222E-05;1103
8;EUR/JPY;-0.00720113994802225;1103
9;EUR/JPY;-0.000801168414156232;1104
8;EUR/JPY;0.00231441495107178;1104
9;EUR/JPY;0.000216185876273566;1105
8;EUR/JPY;-0.00356832372198748;1105
9;EUR/JPY;-0.000521951400485289;1106
8;EUR/JPY;0.0029154769329477;1106
9;EUR/JPY;0.000233560903876116;1107
8;EUR/JPY;-0.008510151672016;1107
9;EUR/JPY;-0.00100211621812396;1108
8;EUR/JPY;-0.00177117011009625;1108
9;EUR/JPY;-0.000337764268620673;1109
8;EUR/JPY;-0.0036395387623268;1109
9;EUR/JPY;-0.000619659705739489;1110
8;EUR/JPY;-0.0015010821786518;1110
9;EUR/JPY;-0.000355431360236932;1111
8;EUR/JPY;-0.0059706933053782;1111
9;EUR/JPY;-0.00091883637329182;1112
8;EUR/JPY;0.00103640689449134;1112
9;EUR/JPY;-5.66940046146718E-05;1113
8;EUR/JPY;-0.00946383120844733;1113
9;EUR/JPY;-0.00112119125923247;1114
8;EUR/JPY;-1.62128421926556E-05;1114
9;EUR/JPY;-0.00020806314826401;1115
8;EUR/JPY;-0.00319093493878034;1115
9;EUR/JPY;-0.000597200418526345;1116
8;EUR/JPY;0.00376632993088996;1116
9;EUR/JPY;0.000313752690559539;1117
8;EUR/JPY;0.00885646789735504;1117
9;EUR/JPY;0.000780285705323864;1118
8;EUR/JPY;0.00150857428245764;1118
9;EUR/JPY;0.000256021673984096;1119
8;EUR/JPY;-0.0022154981488873;1119
9;EUR/JPY;-0.000213268293443481;1120
8;EUR/JPY;-0.00171314863043922;1120
9;EUR/JPY;-0.000137106722701437;1121
8;EUR/JPY;-0.0119527206907925;1121
9;EUR/JPY;-0.00106038238023697;1122
8;EUR/JPY;-0.00314138519966501;1122
9;EUR/JPY;-0.000577819991064772;1123
8;EUR/JPY;0.0126520235078158;1123
9;EUR/JPY;0.000839128759935144;1124
8;EUR/JPY;-0.000193687405274952;1124
9;EUR/JPY;-0.000123563586495144;1125
8;EUR/JPY;-0.00532492963333825;1125
9;EUR/JPY;-0.000724095277985488;1126
8;EUR/JPY;0.000900268924884209;1126
9;EUR/JPY;8.26993639753913E-05;1127
8;EUR/JPY;0.00874947063861202;1127
9;EUR/JPY;0.000912968491781874;1128
8;EUR/JPY;4.01804907699083E-05;1128
9;EUR/JPY;2.58880104787348E-06;1129
8;EUR/JPY;0.00797990459900815;1129
9;EUR/JPY;0.000850008778013172;1130
8;EUR/JPY;-0.00261826226813313;1130
9;EUR/JPY;-0.00019398631186879;1131
8;EUR/JPY;-0.00273733752912175;1131
9;EUR/JPY;-0.000253652028832215;1132
8;EUR/JPY;0.00172971630941508;1132
9;EUR/JPY;0.000205328733152779;1133
8;EUR/JPY;-0.00873515384270689;1133
9;EUR/JPY;-0.000922420044508665;1134
8;EUR/JPY;0.000532558715080246;1134
9;EUR/JPY;-0.000102199419910458;1135
8;EUR/JPY;0.00634463258526883;1135
9;EUR/JPY;0.000593379197701659;1136
8;EUR/JPY;-0.00289793614623571;1136
9;EUR/JPY;-0.000402402987890994;1137
8;EUR/JPY;0.0177764398632305;1137
9;EUR/JPY;0.0010829297679848;1138
8;EUR/JPY;-0.0039565778200155;1138
9;EUR/JPY;-0.000380523578033764;1139
1;EUR/JPY;126.134;1139
8;EUR/JPY;0.00597630237247923;1139
9;EUR/JPY;0.000758341923312762;1140
8;EUR/JPY;0.00118153976235663;1140
9;EUR/JPY;0.000217516241072622;1141
8;EUR/JPY;-0.00572375255559003;1141
9;EUR/JPY;-0.000572406775664896;1142
8;EUR/JPY;0.00035622261915333;1142
9;EUR/JPY;-2.21875673322793E-05;1143
8;EUR/JPY;-0.00556361680365672;1143
9;EUR/JPY;-0.000685990289770904;1144
8;EUR/JPY;-0.000151228733747584;1144
9;EUR/JPY;-0.000169613165620927;1145
8;EUR/JPY;0.00625289685515914;1145
9;EUR/JPY;0.000551883693588811;1146
8;EUR/JPY;0.000774918000269465;1146
9;EUR/JPY;7.30320652956768E-05;1147
8;EUR/JPY;-0.00329359156378243;1147
9;EUR/JPY;-0.000447564373629345;1148
8;EUR/JPY;-0.000690177688646579;1148
9;EUR/JPY;-9.21790512094654E-05;1149
8;EUR/JPY;-0.000833607942936688;1149
9;EUR/JPY;-0.000118168716346315;1150
8;EUR/JPY;-0.00205920892631527;1150
9;EUR/JPY;-0.00035946975644173;1151
8;EUR/JPY;0.00117720998951497;1151
9;EUR/JPY;3.00777018116499E-05;1152
8;EUR/JPY;0.00158068892155535;1152
9;EUR/JPY;0.000138528427686292;1153
8;EUR/JPY;-0.000103184839857464;1153
9;EUR/JPY;-5.35650539837468E-05;1154
8;EUR/JPY;-0.000254038821673375;1154
9;EUR/JPY;-6.41858685161434E-05;1155
8;EUR/JPY;-0.00219376772055041;1155
9;EUR/JPY;-0.000295126671283949;1156
8;EUR/JPY;-0.000111406426674431;1156
9;EUR/JPY;-6.53482943645086E-05;1157
8;EUR/JPY;0.00351128419226536;1157
9;EUR/JPY;0.000370931436626912;1158
8;EUR/JPY;-0.000983822547002902;1158
9;EUR/JPY;-0.00015806644870768;1159
8;EUR/JPY;0.00290108003088186;1159
9;EUR/JPY;0.000334922402845928;1160
8;EUR/JPY;0.0019530870113123;1160
9;EUR/JPY;0.000282645033693811;1161
8;EUR/JPY;0.00326506437685602;1161
9;EUR/JPY;0.0004686714899626;1162
8;EUR/JPY;-0.000188988283288971;1162
9;EUR/JPY;2.60976241389693E-05;1163
8;EUR/JPY;0.00216335364723384;1163
9;EUR/JPY;0.000342965884169592;1164
8;EUR/JPY;-0.000432296483515992;1164
9;EUR/JPY;-4.89170373715735E-06;1165
8;EUR/JPY;0.00201840190727394;1165
9;EUR/JPY;0.000285290073174165;1166
8;EUR/JPY;-0.000769182506842116;1166
9;EUR/JPY;-9.51716325708954E-05;1167
8;EUR/JPY;0.00549684259332009;1167
9;EUR/JPY;0.000649765937707847;1168
8;EUR/JPY;-0.000296777622021856;1168
9;EUR/JPY;-3.38014116004937E-06;1169
8;EUR/JPY;-0.00671661569904979;1169
9;EUR/JPY;-0.000736719423626729;1170
8;EUR/JPY;0.000841066081124123;1170
9;EUR/JPY;4.84160343222155E-05;1171
8;EUR/JPY;-0.00356562738794088;1171
9;EUR/JPY;-0.000497488284329119;1172
8;EUR/JPY;-0.00136506943203036;1172
9;EUR/JPY;-0.000330827285615505;1173
8;EUR/JPY;-0.00820589796827202;1173
9;EUR/JPY;-0.0010493910776951;1174
8;EUR/JPY;-1.59221724214773E-05;1174
9;EUR/JPY;-0.000176969474508384;1175
8;EUR/JPY;-0.00394855433747686;1175
9;EUR/JPY;-0.000684414418798427;1176
8;EUR/JPY;-0.000263792133329861;1176
9;EUR/JPY;-0.000225195591685001;1177
8;EUR/JPY;-0.0146249002868915;1177
9;EUR/JPY;-0.00132963520974414;1178
8;EUR/JPY;0.000292008697444977;1178
9;EUR/JPY;-0.000163198752385013;1179
8;EUR/JPY;0.000145972379041173;1179
9;EUR/JPY;-0.000178602801151578;1180
8;EUR/JPY;0.00147474725093935;1180
9;EUR/JPY;4.60899584573101E-05;1181
8;EUR/JPY;-0.00353655344106723;1181
9;EUR/JPY;-0.000577044811279368;1182
8;EUR/JPY;0.00086907440929066;1182
9;EUR/JPY;5.75937341330647E-05;1183
8;EUR/JPY;0.00309652982420949;1183
9;EUR/JPY;0.000344999189473717;1184
8;EUR/JPY;0.00144769909913364;1184
9;EUR/JPY;0.000177316338946162;1185
8;EUR/JPY;-0.00385438062202632;1185
9;EUR/JPY;-0.000502351779614712;1186
8;EUR/JPY;0.00127294046125792;1186
9;EUR/JPY;0.000150782823424894;1187
8;EUR/JPY;-0.00205209803659021;1187
9;EUR/JPY;-0.000281602873361997;1188
8;EUR/JPY;-8.11942043587575E-06;1188
9;EUR/JPY;-7.79238249537043E-05;1189
8;EUR/JPY;-0.00405983724377208;1189
9;EUR/JPY;-0.000607231843468151;1190
0;EUR/JPY;122.127;1;1190
8;EUR/JPY;-0.00471508185177449;1190
9;EUR/JPY;-0.000680865287764407;1191
8;EUR/JPY;0.00758064658638018;1191
9;EUR/JPY;0.000652247920939015;1192
8;EUR/JPY;0.00274388683555694;1192
9;EUR/JPY;0.000289562261891107;1193
8;EUR/JPY;0.00558622281725949;1193
9;EUR/JPY;0.000630005734481278;1194
8;EUR/JPY;4.83691533880194E-05;1194
9;EUR/JPY;9.25323796232645E-05;1195
8;EUR/JPY;-0.000830661956269261;1195
9;EUR/JPY;3.31075346809246E-05;1196
8;EUR/JPY;0.00181366098796639;1196
9;EUR/JPY;0.000288578205173155;1197
8;EUR/JPY;-0.0047952043060029;1197
9;EUR/JPY;-0.00055253401108587;1198
8;EUR/JPY;4.04597850021216E-05;1198
9;EUR/JPY;-7.71372120518885E-05;1199
8;EUR/JPY;0.0134707068303219;1199
9;EUR/JPY;0.00101031925017624;1200
8;EUR/JPY;-0.000646874461033793;1200
9;EUR/JPY;-4.92461540529349E-05;1201
1;EUR/JPY;125.184;1201
8;EUR/JPY;7.18956076087781E-05;1201
9;EUR/JPY;1.46943315329162E-05;1202
8;EUR/JPY;3.19519442783777E-05;1202
9;EUR/JPY;6.78276419143599E-05;1203
8;EUR/JPY;0.00473356689640399;1203
9;EUR/JPY;0.000638669437037634;1204
8;EUR/JPY;-0.00114547549752909;1204
9;EUR/JPY;-0.00014057114851175;1205
8;EUR/JPY;0.00465327640401532;1205
9;EUR/JPY;0.000572170440856558;1206
8;EUR/JPY;0.000823579767484854;1206
9;EUR/JPY;0.000169002202102954;1207
8;EUR/JPY;-0.0294404683899501;1207
9;EUR/JPY;-0.00119322417795071;1208
8;EUR/JPY;0.000969651612545991;1208
9;EUR/JPY;1.96583066029249E-05;1209
0;EUR/JPY;121.761;1;1209
8;EUR/JPY;-0.00780008369822587;1209
9;EUR/JPY;-0.000939517111190781;1210
8;EUR/JPY;0.00136982390066289;1210
9;EUR/JPY;-3.95707275348804E-05;1211
8;EUR/JPY;0.00526493420984652;1211
9;EUR/JPY;0.000415579136115731;1212
8;EUR/JPY;-5.70787891297652E-05;1212
9;EUR/JPY;-3.69822944642236E-05;1213
8;EUR/JPY;-0.00106879020686587;1213
9;EUR/JPY;-0.00018448385093937;1214
8;EUR/JPY;0.00146012220814226;1214
9;EUR/JPY;0.000218848156208678;1215
8;EUR/JPY;0.00138473716197796;1215
9;EUR/JPY;0.000210253331668555;1216
8;EUR/JPY;0.000244166457625244;1216
9;EUR/JPY;1.6288667346775E-05;1217
8;EUR/JPY;-0.00496011720324579;1217
9;EUR/JPY;-0.000621530380909755;1218
8;EUR/JPY;0.000874701165495593;1218
9;EUR/JPY;5.82675499969262E-05;1219
8;EUR/JPY;-0.00158647117112411;1219
9;EUR/JPY;-0.000274588305706368;1220
8;EUR/JPY;0.000376401280935281;1220
9;EUR/JPY;-5.31834078904321E-05;1221
8;EUR/JPY;0.00912110433667521;1221
9;EUR/JPY;0.000819363713002294;1222
8;EUR/JPY;-1.62137622417325E-05;1222
9;EUR/JPY;4.664955089268E-05;1223
8;EUR/JPY;0.00739852658809228;1223
9;EUR/JPY;0.000845906174785895;1224
8;EUR/JPY;-0.000434642634015744;1224
9;EUR/JPY;8.0049890234239E-05;1225
1;EUR/JPY;124.224;1225
8;EUR/JPY;-0.002482690963195;1225
9;EUR/JPY;-0.000197047846496996;1226
8;EUR/JPY;-0.000371321100148049;1226
9;EUR/JPY;-4.50062686384977E-05;1227
8;EUR/JPY;0.00163761880088445;1227
9;EUR/JPY;0.000214694184729136;1228
8;EUR/JPY;0.000177314968265929;1228
9;EUR/JPY;-3.55857395297344E-05;1229
8;EUR/JPY;-0.00966097199294256;1229
9;EUR/JPY;-0.00102759271616268;1230
8;EUR/JPY;-0.000691909167723394;1230
9;EUR/JPY;-0.00020615865565661;1231
8;EUR/JPY;0.00430646390375044;1231
9;EUR/JPY;0.000412733737544178;1232
8;EUR/JPY;0.000778058782686741;1232
9;EUR/JPY;1.58390106306241E-05;1233
8;EUR/JPY;-3.24070323288898E-05;1233
9;EUR/JPY;-8.37860058853468E-05;1234
8;EUR/JPY;-0.00070511290806047;1234
9;EUR/JPY;-7.90633315044748E-05;1235
8;EUR/JPY;0.00264767835202731;1235
9;EUR/JPY;0.00035571296093484;1236
8;EUR/JPY;-0.00045292786280617;1236
9;EUR/JPY;-6.45139272990792E-05;1237
4;EUR/JPY;122.81;1237
8;EUR/JPY;-0.00406936303003303;1237
9;EUR/JPY;-0.000533374919388057;1238
8;EUR/JPY;0.000146200018129236;1238
9;EUR/JPY;-5.01390687445736E-05;1239
8;EUR/JPY;0.00351858970984116;1239
9;EUR/JPY;0.000385466394245433;1240
8;EUR/JPY;-0.000842037131769818;1240
9;EUR/JPY;-0.000160284357591194;1241
0;EUR/JPY;122.81;1;1241
8;EUR/JPY;-0.00754511929436913;1241
9;EUR/JPY;-0.000893191890785188;1242
8;EUR/JPY;0.000913644362251519;1242
9;EUR/JPY;3.59053700575307E-05;1243
8;EUR/JPY;-0.000734112613211521;1243
9;EUR/JPY;-0.000172649260893752;1244
8;EUR/JPY;0.000954241348645592;1244
9;EUR/JPY;-1.88126617833475E-06;1245
8;EUR/JPY;0.00148256788315786;1245
9;EUR/JPY;9.00452114181808E-05;1246
8;EUR/JPY;8.13990875161104E-06;1246
9;EUR/JPY;-3.42920773824119E-06;1247
8;EUR/JPY;-0.000659547379001683;1247
9;EUR/JPY;-0.00010392091585877;1248
8;EUR/JPY;7.3304527401957E-05;1248
9;EUR/JPY;-5.51308569595752E-06;1249
8;EUR/JPY;-0.000643634356445143;1249
9;EUR/JPY;-0.000112228597623645;1250
8;EUR/JPY;0.00284840193887023;1250
9;EUR/JPY;0.000311440995245265;1251
8;EUR/JPY;0.00615730571021871;1251
9;EUR/JPY;0.00069155135684569;1252
8;EUR/JPY;-0.00202124804030697;1252
9;EUR/JPY;-0.000205512793511038;1253
8;EUR/JPY;-0.00302331749361146;1253
9;EUR/JPY;-0.000357488169499552;1254
8;EUR/JPY;-7.306173313795E-05;1254
9;EUR/JPY;-5.88702741922848E-06;1255
8;EUR/JPY;-0.0049807627811429;1255
9;EUR/JPY;-0.000644231781915069;1256
8;EUR/JPY;-0.000832544368830178;1256
9;EUR/JPY;-0.000272571094173047;1257
8;EUR/JPY;-0.00913810211002044;1257
9;EUR/JPY;-0.00109204552849667;1258
8;EUR/JPY;0.00037075638846599;1258
9;EUR/JPY;-0.000151353448325116;1259
8;EUR/JPY;-0.00255689221377678;1259
9;EUR/JPY;-0.000527686414677193;1260
8;EUR/JPY;4.95503307585611E-05;1260
9;EUR/JPY;-0.000161481006221591;1261
8;EUR/JPY;0.00927211219637733;1261
9;EUR/JPY;0.00077281512051095;1262
8;EUR/JPY;-0.000998698500644402;1262
9;EUR/JPY;-0.000105742656521598;1263
8;EUR/JPY;-0.00163116795799476;1263
9;EUR/JPY;-0.000206360433827115;1264
8;EUR/JPY;-0.000467709585495097;1264
9;EUR/JPY;-4.16354418351431E-05;1265
8;EUR/JPY;0.000918801029378328;1265
9;EUR/JPY;0.000135467346961282;1266
8;EUR/JPY;-0.00165773551951501;1266
9;EUR/JPY;-0.000285120638580855;1267
8;EUR/JPY;-0.00440386110696065;1267
9;EUR/JPY;-0.00062449798559311;1268
8;EUR/JPY;-0.00063542627273683;1268
9;EUR/JPY;-0.000191473362150971;1269
8;EUR/JPY;-0.00818929364952147;1269
9;EUR/JPY;-0.000994419755692478;1270
8;EUR/JPY;-0.00406143575670173;1270
9;EUR/JPY;-0.000717622262163224;1271
8;EUR/JPY;0.00247051781152254;1271
9;EUR/JPY;8.45864413028171E-05;1272
8;EUR/JPY;-0.000858981201099089;1272
9;EUR/JPY;-0.000264567325684056;1273
8;EUR/JPY;-0.00771376759806642;1273
9;EUR/JPY;-0.00100425485616184;1274
8;EUR/JPY;-0.000117716303844013;1274
9;EUR/JPY;-0.000165810554298798;1275
8;EUR/JPY;0.00308966133597653;1275
9;EUR/JPY;0.000292115947916759;1276
8;EUR/JPY;-0.000444390416865111;1276
9;EUR/JPY;-0.000153848798205453;1277
8;EUR/JPY;-0.0163526400994243;1277
9;EUR/JPY;-0.00127761670728377;1278
8;EUR/JPY;0.00638176189414884;1278
9;EUR/JPY;0.000607501525206688;1279
8;EUR/JPY;-0.00430385676416891;1279
9;EUR/JPY;-0.000587612923162647;1280
8;EUR/JPY;0.00988732532432786;1280
9;EUR/JPY;0.000822232317156379;1281
8;EUR/JPY;-0.010704346646372;1281
9;EUR/JPY;-0.00106722802539369;1282
8;EUR/JPY;0.000740453923554239;1282
9;EUR/JPY;7.5170921376853E-05;1283
8;EUR/JPY;0.00359234529704085;1283
9;EUR/JPY;0.000367147371665109;1284
8;EUR/JPY;-0.00143369200184859;1284
9;EUR/JPY;-0.000178331411356989;1285
8;EUR/JPY;0.00259440906549959;1285
9;EUR/JPY;0.00023249162469688;1286
8;EUR/JPY;0.00368501984823563;1286
9;EUR/JPY;0.000492906787657371;1287
8;EUR/JPY;0.0169807509684727;1287
9;EUR/JPY;0.00122281488391531;1288
8;EUR/JPY;-0.0137043929615969;1288
9;EUR/JPY;-0.00100050759671128;1289
8;EUR/JPY;-0.0476690680335822;1289
9;EUR/JPY;-0.00122211453615653;1290
8;EUR/JPY;-0.00503966478709679;1290
9;EUR/JPY;-0.000726500062212771;1291
8;EUR/JPY;-0.00322275917825746;1291
9;EUR/JPY;-0.000628654707008997;1292
8;EUR/JPY;-0.00287639286956647;1292
9;EUR/JPY;-0.000740123880380294;1293
8;EUR/JPY;0.0142296011047227;1293
9;EUR/JPY;0.000816417229940442;1294
8;EUR/JPY;-2.63765248944096E-05;1294
9;EUR/JPY;-6.76356661296058E-05;1295
8;EUR/JPY;0.00382610993811356;1295
9;EUR/JPY;0.000474021186502542;1296
8;EUR/JPY;0.00130419768763065;1296
9;EUR/JPY;0.000254725711463258;1297
8;EUR/JPY;0.00229789751842286;1297
9;EUR/JPY;0.000434099209047069;1298
8;EUR/JPY;-0.00110023500240515;1298
9;EUR/JPY;-9.14689696494073E-05;1299
8;EUR/JPY;-0.00231794410390298;1299
9;EUR/JPY;-0.000262914389380471;1300
8;EUR/JPY;-0.00134073532678464;1300
9;EUR/JPY;-0.000213492402832095;1301
8;EUR/JPY;0.00275838087285118;1301
9;EUR/JPY;0.00028465551931336;1302
8;EUR/JPY;-0.000857347873277605;1302
9;EUR/JPY;-0.000178336495090764;1303
8;EUR/JPY;-0.0152304442821393;1303
9;EUR/JPY;-0.00123045957103274;1304
8;EUR/JPY;-0.00541765265726838;1304
9;EUR/JPY;-0.000799196556084458;1305
8;EUR/JPY;0.00493766544771167;1305
9;EUR/JPY;0.000405311059953904;1306
8;EUR/JPY;-0.00218952852418453;1306
9;EUR/JPY;-0.00045401847988464;1307
8;EUR/JPY;-0.00676792791800118;1307
9;EUR/JPY;-0.000960288788763815;1308
8;EUR/JPY;4.48529049058584E-05;1308
9;EUR/JPY;-0.000140305832941117;1309
8;EUR/JPY;-0.00400881396153046;1309
9;EUR/JPY;-0.000588309960343155;1310
8;EUR/JPY;0.00161984160974704;1310
9;EUR/JPY;2.27352950735481E-05;1311
8;EUR/JPY;0.0224416836701113;1311
9;EUR/JPY;0.00106091494788563;1312
8;EUR/JPY;-0.00348782259192367;1312
9;EUR/JPY;-0.000392755838337284;1313
8;EUR/JPY;0.0232756235621338;1313
9;EUR/JPY;0.00121324166909442;1314
8;EUR/JPY;-0.00159597675282154;1314
9;EUR/JPY;-3.15195566277211E-05;1315
1;EUR/JPY;115.832;1315
8;EUR/JPY;0.000215821438812918;1315
9;EUR/JPY;0.000166662166705378;1316
8;EUR/JPY;-0.00352804205283984;1316
9;EUR/JPY;-0.00043040256186833;1317
8;EUR/JPY;0.0141832929238746;1317
9;EUR/JPY;0.00112929621906318;1318
8;EUR/JPY;-0.00260823237119331;1318
9;EUR/JPY;-0.000329245490712808;1319
8;EUR/JPY;-0.000522463814136361;1319
9;EUR/JPY;-7.1350324414277E-05;1320
8;EUR/JPY;-0.00169774960393429;1320
9;EUR/JPY;-0.000235538336494436;1321
8;EUR/JPY;0.00864726148427965;1321
9;EUR/JPY;0.000902874040327352;1322
8;EUR/JPY;-0.000238249209799187;1322
9;EUR/JPY;-4.31523375867305E-05;1323
8;EUR/JPY;-0.00476839268954207;1323
9;EUR/JPY;-0.000570938816484149;1324
8;EUR/JPY;-0.00063294389440504;1324
9;EUR/JPY;-0.00011606400888272;1325
8;EUR/JPY;0.00851112471883026;1325
9;EUR/JPY;0.000865885346442799;1326
8;EUR/JPY;0.00172066750088022;1326
9;EUR/JPY;0.000206391118474476;1327
8;EUR/JPY;-0.0129906273771275;1327
9;EUR/JPY;-0.00110934640694308;1328
8;EUR/JPY;0.00130325575116404;1328
9;EUR/JPY;0.000127023717226247;1329
8;EUR/JPY;-0.00210148081575601;1329
9;EUR/JPY;-0.000295761162366118;1330
8;EUR/JPY;0.00102984853165804;1330
9;EUR/JPY;2.11083146014003E-06;1331
8;EUR/JPY;-0.00280883377633396;1331
9;EUR/JPY;-0.000506942829665736;1332
8;EUR/JPY;-0.00186833062660303;1332
9;EUR/JPY;-0.000316425931255035;1333
8;EUR/JPY;-0.00915082634656588;1333
9;EUR/JPY;-0.00105747503387099;1334
8;EUR/JPY;0.00189417034651008;1334
9;EUR/JPY;7.17221075998289E-05;1335
8;EUR/JPY;0.00952059027137191;1335
9;EUR/JPY;0.000778026170378282;1336
8;EUR/JPY;-0.00157474249366165;1336
9;EUR/JPY;-0.000244464071819715;1337
8;EUR/JPY;0.00485394056999501;1337
9;EUR/JPY;0.000555079504388754;1338
8;EUR/JPY;-0.00436318104522236;1338
9;EUR/JPY;-0.000429070844910314;1339
8;EUR/JPY;-0.0183555147654831;1339
9;EUR/JPY;-0.00117724873596785;1340
