8;EUR/CHF;0.159786231582417;0
8;EUR/CHF;0.00202690396831859;1
8;EUR/CHF;-0.000764693956319643;2
8;EUR/CHF;0.00114682176239312;3
8;EUR/CHF;0.00038198184018939;4
8;EUR/CHF;0.00150212965232642;5
8;EUR/CHF;-0.000462577865376844;6
8;EUR/CHF;0.00426868193697164;7
8;EUR/CHF;0.000832171976360252;8
8;EUR/CHF;-0.00126064697574062;9
8;EUR/CHF;0.000388060671687481;10
8;EUR/CHF;-0.00215240043286168;11
8;EUR/CHF;-0.00046993624316277;12
8;EUR/CHF;-6.48361267123375E-05;13
8;EUR/CHF;-0.000421537320400904;14
8;EUR/CHF;-0.00306960441769153;15
8;EUR/CHF;-0.000276564420936833;16
8;EUR/CHF;0.00417286300078288;17
8;EUR/CHF;4.05066572746436E-05;18
8;EUR/CHF;0.00128725674255787;19
8;EUR/CHF;0.00028313601638783;20
8;EUR/CHF;-0.00363832714359367;21
8;EUR/CHF;0.000316549451319487;22
8;EUR/CHF;0.000608467451567692;23
8;EUR/CHF;-9.7329916048615E-05;24
8;EUR/CHF;0.000210869513104936;25
8;EUR/CHF;0.000648550512388236;26
8;EUR/CHF;0.000178277676055586;27
8;EUR/CHF;0.000340260059182768;28
8;EUR/CHF;0.000129592431983394;29
8;EUR/CHF;0.000647710366578491;30
8;EUR/CHF;-0.00518533204931889;31
8;EUR/CHF;0.000162703481399807;32
8;EUR/CHF;-0.00429610302925972;33
8;EUR/CHF;-0.000514813146459484;34
8;EUR/CHF;0.00231049745802285;35
8;EUR/CHF;-0.000464936079665406;36
8;EUR/CHF;0.000872596846332454;37
8;EUR/CHF;0.00126269328853556;38
8;EUR/CHF;-0.00513401363573822;39
8;EUR/CHF;0.000270008224618117;40
8;EUR/CHF;0.00138979747681039;41
8;EUR/CHF;-0.000318665204048216;42
8;EUR/CHF;0.000196113681191979;43
8;EUR/CHF;-0.00102184717971666;44
8;EUR/CHF;-0.00308822991833695;45
8;EUR/CHF;-8.20458965205018E-05;46
8;EUR/CHF;0.00289215265358557;47
8;EUR/CHF;-0.000376407440945871;48
8;EUR/CHF;0.000605455664778364;49
8;EUR/CHF;0.000735871304791992;50
8;EUR/CHF;0.00019614092788515;51
8;EUR/CHF;0.000424840078612877;52
8;EUR/CHF;-0.000808985502811239;53
8;EUR/CHF;0.000670115333942468;54
8;EUR/CHF;-0.000547499697025399;55
8;EUR/CHF;0.000212498161873196;56
8;EUR/CHF;0.000898531370184884;57
8;EUR/CHF;0.000204099127572457;58
8;EUR/CHF;-0.000865666576448289;59
8;EUR/CHF;8.17016826465151E-06;60
8;EUR/CHF;-0.00098089710898258;61
8;EUR/CHF;-0.000621732854883855;62
8;EUR/CHF;-0.000368313578155816;63
8;EUR/CHF;6.54878847646872E-05;64
8;EUR/CHF;0.000294642420818393;65
8;EUR/CHF;-4.91010417702544E-05;66
8;EUR/CHF;0.000196389703264505;67
8;EUR/CHF;-0.00038463270097621;68
8;EUR/CHF;-0.000990905859043895;69
8;EUR/CHF;-4.91613886551804E-05;70
8;EUR/CHF;-0.000385181183334737;71
8;EUR/CHF;0.000237682514652389;72
8;EUR/CHF;-0.000934663794071872;73
8;EUR/CHF;1.64051413715365E-05;74
8;EUR/CHF;0.00149993266130988;75
8;EUR/CHF;-0.000311276399571009;76
8;EUR/CHF;-0.00128709114714154;77
8;EUR/CHF;0.000123042092855153;78
8;EUR/CHF;4.92125984350342E-05;79
8;EUR/CHF;-0.000484029100418886;80
8;EUR/CHF;-0.000582786474507484;81
8;EUR/CHF;-0.000270988246516662;82
8;EUR/CHF;-0.00328231915978272;83
8;EUR/CHF;-0.00145952323420866;84
8;EUR/CHF;0.00098149599403737;85
8;EUR/CHF;-0.000222607893605751;86
8;EUR/CHF;0.00488596301559491;87
8;EUR/CHF;0.000451198760705281;88
8;EUR/CHF;-0.000369147478607851;89
8;EUR/CHF;-0.000205140829898713;90
8;EUR/CHF;0.00142690811634201;91
8;EUR/CHF;0;92
8;EUR/CHF;-0.00276545898609204;93
8;EUR/CHF;0.00114978413153031;94
8;EUR/CHF;-0.000336585629329504;95
8;EUR/CHF;9.03145821717944E-05;96
8;EUR/CHF;-0.000961037008177305;97
8;EUR/CHF;-0.000674098213681987;98
8;EUR/CHF;-0.000600494397663856;99
8;EUR/CHF;4.11412585169008E-05;100
8;EUR/CHF;-0.0020014255508284;101
8;EUR/CHF;0.000181364022821468;102
8;EUR/CHF;0.000173089524806639;103
8;EUR/CHF;7.41720544764171E-05;104
8;EUR/CHF;0.00187719266703864;105
8;EUR/CHF;0.000534519705665593;106
8;EUR/CHF;0.000254824193236992;107
8;EUR/CHF;-0.00031237412809809;108
8;EUR/CHF;0.00156910457700532;109
8;EUR/CHF;0.000213405125815937;110
8;EUR/CHF;-0.000574656043134735;111
8;EUR/CHF;-0.000344952202901589;112
8;EUR/CHF;9.03561264122013E-05;113
8;EUR/CHF;-0.000205366641786172;114
8;EUR/CHF;0.00112489183752671;115
8;EUR/CHF;0.000139496908728533;116
8;EUR/CHF;0.00137751233255081;117
8;EUR/CHF;8.19379975191064E-06;118
8;EUR/CHF;-0.000458956210521387;119
8;EUR/CHF;5.73810470558565E-05;120
8;EUR/CHF;-0.00148476908770237;121
8;EUR/CHF;-2.46280143675118E-05;122
8;EUR/CHF;0.00107485866932713;123
8;EUR/CHF;0.000278782215500331;124
8;EUR/CHF;-0.00159995439390558;125
8;EUR/CHF;0.000238104036167241;126
8;EUR/CHF;0.000336533137325742;127
8;EUR/CHF;-9.02782622869037E-05;128
8;EUR/CHF;0.00174666804010432;129
8;EUR/CHF;1.63861897198201E-05;130
8;EUR/CHF;0.00162090511445367;131
8;EUR/CHF;-7.36205352544338E-05;132
8;EUR/CHF;-0.000417285441566026;133
8;EUR/CHF;-4.91038546624006E-05;134
8;EUR/CHF;-0.00175294933485272;135
8;EUR/CHF;0.00018035152199998;136
8;EUR/CHF;-0.000975925874293725;137
8;EUR/CHF;0.000270730358320246;138
8;EUR/CHF;-0.000533326781953124;139
8;EUR/CHF;0.000475905254606732;140
8;EUR/CHF;-0.00183923198247079;141
8;EUR/CHF;-0.000164381760570042;142
8;EUR/CHF;-0.000657797389240449;143
8;EUR/CHF;-0.00106984448083321;144
8;EUR/CHF;0.00101226661703827;145
8;EUR/CHF;0.000460530111182853;146
8;EUR/CHF;-0.000287806464475257;147
8;EUR/CHF;7.40152883028114E-05;148
8;EUR/CHF;0.00221791508412305;149
8;EUR/CHF;-0.000188741953382998;150
8;EUR/CHF;0.00136962168189321;151
8;EUR/CHF;-0.000573864583710904;152
8;EUR/CHF;0.000606646900931839;153
8;EUR/CHF;0;154
8;EUR/CHF;0.00044245613031929;155
8;EUR/CHF;0.000155632461969153;156
8;EUR/CHF;0.000589545412070755;157
8;EUR/CHF;-8.18575106317412E-06;158
8;EUR/CHF;-0.00101555278545834;159
8;EUR/CHF;0.000229408536642233;160
8;EUR/CHF;-0.000901550728211957;161
8;EUR/CHF;-5.73989266558044E-05;162
8;EUR/CHF;-0.000172216550436139;163
8;EUR/CHF;-0.000237871624267314;164
8;EUR/CHF;0.000295280436535641;165
8;EUR/CHF;4.10042767518062E-05;166
8;EUR/CHF;0.000549295153369181;167
8;EUR/CHF;1.63922333600556E-05;168
8;EUR/CHF;0.000720992378882178;169
8;EUR/CHF;-0.000385010797345725;170
8;EUR/CHF;-0.000918070477205053;171
8;EUR/CHF;1.6401508939258E-05;172
8;EUR/CHF;-0.00118980718648121;173
8;EUR/CHF;-0.000320258837569835;174
8;EUR/CHF;0.000205305927081846;175
8;EUR/CHF;0.000164214398687726;176
8;EUR/CHF;-0.000377733439648582;177
8;EUR/CHF;4.10648948593045E-05;178
8;EUR/CHF;0.00109991146131834;179
8;EUR/CHF;-0.000106654852691751;180
8;EUR/CHF;-0.000484191962845929;181
8;EUR/CHF;-5.74620647920412E-05;182
8;EUR/CHF;0.00103381231567423;183
8;EUR/CHF;0.000557486733137262;184
8;EUR/CHF;0.00113041567096011;185
8;EUR/CHF;-0.000262011595511872;186
8;EUR/CHF;-0.0012044985785486;187
8;EUR/CHF;-9.01909178355704E-05;188
8;EUR/CHF;0.000475460508846052;189
8;EUR/CHF;-1.63914272837718E-05;190
8;EUR/CHF;0.000647257168029217;191
8;EUR/CHF;0.000548611494478488;192
8;EUR/CHF;0.000311019081072216;193
8;EUR/CHF;0.000245473068745913;194
8;EUR/CHF;0.000441699733163889;195
8;EUR/CHF;0.000188072138484868;196
8;EUR/CHF;-0.000883428413869925;197
8;EUR/CHF;-4.09183719455629E-05;198
8;EUR/CHF;0.000523628759182698;199
8;EUR/CHF;-0.000212691116039584;200
8;EUR/CHF;-0.000982237944240858;201
8;EUR/CHF;0.000171961300942324;202
8;EUR/CHF;-0.000589704755202813;203
8;EUR/CHF;9.01162910380978E-05;204
8;EUR/CHF;4.91509179035212E-05;205
8;EUR/CHF;0.000409497061438426;206
8;EUR/CHF;0.00117023684051911;207
8;EUR/CHF;-0.000155407146587815;208
8;EUR/CHF;-0.00126050780770395;209
8;EUR/CHF;-2.45711313789042E-05;210
8;EUR/CHF;0.000237495650441528;211
8;EUR/CHF;0.00027018507842121;212
8;EUR/CHF;-0.000810774333860111;213
8;EUR/CHF;-7.3739364154364E-05;214
8;EUR/CHF;0.00119554550761683;215
8;EUR/CHF;-5.72880648657288E-05;216
8;EUR/CHF;-0.000294676185748242;217
8;EUR/CHF;-2.4560268854302E-05;218
8;EUR/CHF;-0.00116320993488626;219
8;EUR/CHF;-3.27860790337679E-05;220
8;EUR/CHF;-0.00168172740694275;221
8;EUR/CHF;0.000295532535357474;222
8;EUR/CHF;0.000566193349634934;223
8;EUR/CHF;0.000131245437358921;224
8;EUR/CHF;0.000123026955361045;225
8;EUR/CHF;-8.20132615455185E-06;226
8;EUR/CHF;-0.0010010667940295;227
8;EUR/CHF;-8.20991100917365E-05;228
8;EUR/CHF;-0.000402383098769701;229
8;EUR/CHF;9.85577713600295E-05;230
8;EUR/CHF;-9.85577713599915E-05;231
8;EUR/CHF;-0.000230005915451833;232
8;EUR/CHF;0.00122335221933844;233
8;EUR/CHF;-0.000172328195370724;234
8;EUR/CHF;-0.000574641890787197;235
8;EUR/CHF;0;236
8;EUR/CHF;0.000451532138287562;237
8;EUR/CHF;-7.38731270420883E-05;238
8;EUR/CHF;-0.000221652130204586;239
8;EUR/CHF;1.64203612484489E-05;240
8;EUR/CHF;-0.00117473592222966;241
8;EUR/CHF;5.75366899301932E-05;242
8;EUR/CHF;0.000723036125789639;243
8;EUR/CHF;-0.000213569903883872;244
8;EUR/CHF;-0.000821848053688265;245
8;EUR/CHF;0.000238405479522746;246
8;EUR/CHF;-0.000287737848144152;247
8;EUR/CHF;-3.28895978453991E-05;248
8;EUR/CHF;0.000600064956540311;249
8;EUR/CHF;-0.000139708994610074;250
8;EUR/CHF;-0.000460355961930236;251
8;EUR/CHF;4.11118282900019E-05;252
8;EUR/CHF;-0.00017268103799548;253
8;EUR/CHF;-0.000205611551158909;254
8;EUR/CHF;-0.00128397192901605;255
8;EUR/CHF;4.94140319480252E-05;256
8;EUR/CHF;-0.000288282947589223;257
8;EUR/CHF;0.000172979741208965;258
8;EUR/CHF;-8.23645206599041E-06;259
8;EUR/CHF;-3.29464866720733E-05;260
8;EUR/CHF;0.00143216973464612;261
8;EUR/CHF;-3.29004186608724E-05;262
8;EUR/CHF;4.11253541977731E-05;263
8;EUR/CHF;0.000148037272765803;264
8;EUR/CHF;-0.000551138691135721;265
8;EUR/CHF;3.29123297845016E-05;266
8;EUR/CHF;5.75939707499365E-05;267
8;EUR/CHF;-8.22750702436678E-06;268
8;EUR/CHF;-3.29107050325931E-05;269
8;EUR/CHF;-3.29117881827273E-05;270
8;EUR/CHF;-0.000921970117745449;271
8;EUR/CHF;0.000181168371791928;272
8;EUR/CHF;-0.000518887944203438;273
8;EUR/CHF;0.000181229560684864;274
8;EUR/CHF;0.000527026594102039;275
8;EUR/CHF;-8.23265482550823E-06;276
8;EUR/CHF;0.000674852710208983;277
8;EUR/CHF;-0.000181013346114435;278
8;EUR/CHF;-0.000222197534521549;279
8;EUR/CHF;-0.000156390829231437;280
8;EUR/CHF;-0.000716417941089824;281
8;EUR/CHF;-9.88565592133096E-05;282
8;EUR/CHF;0.000889357415582207;283
8;EUR/CHF;3.2923978536474E-05;284
8;EUR/CHF;-0.000510443520629115;285
8;EUR/CHF;0.000238788274160053;286
8;EUR/CHF;0.000419799736999377;287
8;EUR/CHF;-0.000172837372808456;288
8;EUR/CHF;-0.00028812868849687;289
8;EUR/CHF;-3.29342796479294E-05;290
8;EUR/CHF;0.000460981239641686;291
8;EUR/CHF;0.000156356080718588;292
8;EUR/CHF;-0.000156356080718592;293
8;EUR/CHF;-2.46900371597068E-05;294
8;EUR/CHF;-0.000181078901510405;295
8;EUR/CHF;-5.76228911209994E-05;296
8;EUR/CHF;0.00106137470316515;297
8;EUR/CHF;5.75617658463523E-05;298
8;EUR/CHF;0.000928753195137839;299
8;EUR/CHF;2.46454141058686E-05;300
8;EUR/CHF;-0.000369745003411114;301
8;EUR/CHF;-0.000254792776770395;302
8;EUR/CHF;-0.000180860072343901;303
8;EUR/CHF;0.000304155006311086;304
8;EUR/CHF;0.000189022712052694;305
8;EUR/CHF;4.93043971405209E-05;306
8;EUR/CHF;-0.000674037261966717;307
8;EUR/CHF;-0.000222038561608974;308
8;EUR/CHF;-0.00121797682796154;309
8;EUR/CHF;0.000214076343734909;310
8;EUR/CHF;-0.000279955208995261;311
8;EUR/CHF;-0.000107062413371398;312
8;EUR/CHF;4.94148458769187E-05;313
8;EUR/CHF;-8.23563807673835E-06;314
8;EUR/CHF;-0.000659070898691091;315
8;EUR/CHF;8.24076211035269E-05;316
8;EUR/CHF;-0.000271970925512175;317
8;EUR/CHF;-0.000140135106958734;318
8;EUR/CHF;-0.00018962581936009;319
8;EUR/CHF;2.47358418237627E-05;320
8;EUR/CHF;-0.00094864536441849;321
8;EUR/CHF;-3.30125612825616E-05;322
8;EUR/CHF;-0.00194967264310596;323
8;EUR/CHF;0.000446447033168761;324
8;EUR/CHF;0.00114001548889161;325
8;EUR/CHF;0.000222894575916452;326
8;EUR/CHF;-0.000586236666488274;327
8;EUR/CHF;0.000363342090571807;328
8;EUR/CHF;6.60480169321329E-05;329
8;EUR/CHF;-6.60480169321863E-05;330
8;EUR/CHF;-0.000677243808870039;331
8;EUR/CHF;0.000181744583272465;332
8;EUR/CHF;-0.000537068034639826;333
8;EUR/CHF;-0.000123979750133014;334
8;EUR/CHF;-0.00191123175387757;335
8;EUR/CHF;0.000438830730160814;336
8;EUR/CHF;0.00012416242116106;337
8;EUR/CHF;0.000165525917598507;338
8;EUR/CHF;-0.0011095471867783;339
8;EUR/CHF;-2.48547035467329E-05;340
8;EUR/CHF;-0.000646439219932248;341
8;EUR/CHF;0.000174082440909483;342
8;EUR/CHF;-0.000174082440909485;343
8;EUR/CHF;6.6320693738628E-05;344
8;EUR/CHF;0.000803788622020222;345
8;EUR/CHF;-8.28318554761444E-06;346
8;EUR/CHF;-0.000306526108897136;347
8;EUR/CHF;0.000240258154398865;348
8;EUR/CHF;-0.000505437607860215;349
8;EUR/CHF;0.000207177456519056;350
8;EUR/CHF;-0.000430977330633269;351
8;EUR/CHF;-0.000124354909070225;352
8;EUR/CHF;2.48722189763271E-05;353
8;EUR/CHF;-7.46185128875753E-05;354
8;EUR/CHF;5.80371023064839E-05;355
8;EUR/CHF;0.00049732275613498;356
8;EUR/CHF;2.48596465798593E-05;357
8;EUR/CHF;-0.000107729598811366;358
8;EUR/CHF;0.00264017268953513;359
8;EUR/CHF;0.000239670413008449;360
8;EUR/CHF;-0.00056207639105858;361
8;EUR/CHF;0.000115747439217107;362
8;EUR/CHF;-0.000256315914900842;363
8;EUR/CHF;0.000669590293639092;364
8;EUR/CHF;-7.43767845605167E-05;365
8;EUR/CHF;0.000363567259815671;366
8;EUR/CHF;-0.00146333625381823;367
8;EUR/CHF;-5.79160961404061E-05;368
8;EUR/CHF;0.00209112587823829;369
8;EUR/CHF;-0.000338581347402453;370
8;EUR/CHF;-0.00326782806695453;371
8;EUR/CHF;0.000256848961795264;372
8;EUR/CHF;-8.28442073269772E-06;373
8;EUR/CHF;0.000190524315206773;374
8;EUR/CHF;0.000389219454292394;375
8;EUR/CHF;-2.48392692299988E-05;376
8;EUR/CHF;-0.000182173495916502;377
8;EUR/CHF;-0.000240188507720527;378
8;EUR/CHF;0.000778332586013639;379
8;EUR/CHF;0.00034756991056542;380
8;EUR/CHF;-0.00133300786838989;381
8;EUR/CHF;0.000240238251226745;382
8;EUR/CHF;-0.000546832939596741;383
8;EUR/CHF;-4.97269163612252E-05;384
8;EUR/CHF;0.000372891613016611;385
8;EUR/CHF;-0.000124281755183976;386
8;EUR/CHF;-0.000903578314255623;387
8;EUR/CHF;0.000190731289216823;388
8;EUR/CHF;0.000679702614840479;389
8;EUR/CHF;3.31444101983368E-05;390
8;EUR/CHF;0.00142417140621823;391
8;EUR/CHF;3.30961443022753E-05;392
8;EUR/CHF;0.0015129784165719;393
8;EUR/CHF;0.000363435126700924;394
8;EUR/CHF;0.00141943494019992;395
8;EUR/CHF;9.89551981148419E-05;396
8;EUR/CHF;-0.000659886358524609;397
8;EUR/CHF;0.000198011633830486;398
8;EUR/CHF;0.00026395453536423;399
8;EUR/CHF;-7.42301712996894E-05;400
8;EUR/CHF;-0.00120494868788364;401
8;EUR/CHF;-0.000189953131700773;402
8;EUR/CHF;-0.00139685028891046;403
8;EUR/CHF;-0.000330901212463256;404
8;EUR/CHF;0.000107554904814232;405
8;EUR/CHF;-0.000182022769896122;406
8;EUR/CHF;-0.00117567200705488;407
8;EUR/CHF;-8.28428347157944E-06;408
8;EUR/CHF;-0.000654675358282413;409
8;EUR/CHF;0.000712663901419314;410
8;EUR/CHF;0.000223638600954439;411
8;EUR/CHF;-0.000190503800298825;412
8;EUR/CHF;0.000182221780976707;413
8;EUR/CHF;-9.93895823969938E-05;414
8;EUR/CHF;-0.000488809179461459;415
8;EUR/CHF;-8.2869608815193E-06;416
8;EUR/CHF;-3.31485302800749E-05;417
8;EUR/CHF;0.000372857626565256;418
8;EUR/CHF;-0.00105264476331632;419
8;EUR/CHF;0.00025704702858345;420
8;EUR/CHF;0.000306711598175234;421
8;EUR/CHF;4.97281527749981E-05;422
8;EUR/CHF;-0.000356439750950341;423
8;EUR/CHF;0.000140933226899587;424
8;EUR/CHF;-0.00065509337423;425
8;EUR/CHF;4.97689889533309E-05;426
8;EUR/CHF;0.000439518526976054;427
8;EUR/CHF;-0.000182418202525647;428
8;EUR/CHF;7.4629650394658E-05;429
8;EUR/CHF;0.000124370375137129;430
8;EUR/CHF;-0.000539050041042042;431
8;EUR/CHF;0.000132716203184186;432
8;EUR/CHF;2.48823273283655E-05;433
8;EUR/CHF;0.000132695290341277;434
8;EUR/CHF;-0.00054748159838543;435
8;EUR/CHF;0.000232301528427259;436
8;EUR/CHF;-0.000705367878579406;437
8;EUR/CHF;-0.000249072207320111;438
8;EUR/CHF;-0.000282356851105637;439
8;EUR/CHF;-0.000373830227281015;440
8;EUR/CHF;0.000348912559407445;441
8;EUR/CHF;0.000406910846466685;442
8;EUR/CHF;-0.000938635724609455;443
8;EUR/CHF;-0.000382351967952429;444
8;EUR/CHF;-0.000199546033437565;445
8;EUR/CHF;0.000108092377513942;446
8;EUR/CHF;0.000473805623876119;447
8;EUR/CHF;-5.81745652654446E-05;448
8;EUR/CHF;-0.000906298001245784;449
8;EUR/CHF;-4.99118224573707E-05;450
8;EUR/CHF;-4.99143137718598E-05;451
8;EUR/CHF;3.32764860060823E-05;452
8;EUR/CHF;-0.000748988900046355;453
8;EUR/CHF;2.49753368561648E-05;454
8;EUR/CHF;5.82733603499147E-05;455
8;EUR/CHF;-1.66491850228657E-05;456
8;EUR/CHF;-4.16241753269625E-05;457
8;EUR/CHF;4.99488024878048E-05;458
8;EUR/CHF;5.82704498227269E-05;459
8;EUR/CHF;8.32407280236471E-06;460
8;EUR/CHF;0.000307941992820637;461
8;EUR/CHF;0.000382714616049655;462
8;EUR/CHF;-0.000432644713922906;463
8;EUR/CHF;0.000440962970416384;464
8;EUR/CHF;0.000158033728053441;465
8;EUR/CHF;0.000124745830532456;466
8;EUR/CHF;0.000291013101800753;467
8;EUR/CHF;-0.000382491855923862;468
8;EUR/CHF;-0.000191300804462595;469
8;EUR/CHF;-0.000141419771551602;470
8;EUR/CHF;-8.31943294750304E-06;471
8;EUR/CHF;-3.32784239369492E-05;472
8;EUR/CHF;-0.00030787793299303;473
8;EUR/CHF;0.00164646048270161;474
8;EUR/CHF;-0.000565145498448913;475
8;EUR/CHF;8.3132775513238E-06;476
8;EUR/CHF;0.000972176713585924;477
8;EUR/CHF;-9.13609880911914E-05;478
8;EUR/CHF;-0.000282441291471256;479
8;EUR/CHF;-0.000149560044482008;480
8;EUR/CHF;-0.000997639003964299;481
8;EUR/CHF;1.66354751513254E-05;482
8;EUR/CHF;-9.98170022456425E-05;483
8;EUR/CHF;0.000490671023246512;484
8;EUR/CHF;-0.000415807337506;485
8;EUR/CHF;-1.66358902700224E-05;486
8;EUR/CHF;-0.000324455188513604;487
8;EUR/CHF;0.000316137139595092;488
8;EUR/CHF;0.000922881284038264;489
8;EUR/CHF;-0.000124663926992165;490
8;EUR/CHF;-0.0016553471897886;491
8;EUR/CHF;4.16252148959779E-05;492
8;EUR/CHF;-0.000199816835233162;493
8;EUR/CHF;0.000199816835233168;494
8;EUR/CHF;-0.00020814340322995;495
8;EUR/CHF;5.82845200643739E-05;496
8;EUR/CHF;-0.000108245384064663;497
8;EUR/CHF;-8.32736539294864E-05;498
8;EUR/CHF;1.66552855552911E-05;499
8;EUR/CHF;2.49824082222126E-05;500
8;EUR/CHF;0.00254493271863039;501
8;EUR/CHF;0.000182719700183468;502
8;EUR/CHF;-0.000822501697603597;503
8;EUR/CHF;0.000207766305208243;504
8;EUR/CHF;-6.64805212317838E-05;505
8;EUR/CHF;-0.000124662890927565;506
8;EUR/CHF;-0.000540385515854212;507
8;EUR/CHF;-0.000133062772559173;508
8;EUR/CHF;8.31694202666307E-06;509
8;EUR/CHF;3.32670764091992E-05;510
8;EUR/CHF;-9.98045495068416E-05;511
8;EUR/CHF;0.00020791490533672;512
8;EUR/CHF;9.97838018456859E-05;513
8;EUR/CHF;-2.49450170262139E-05;514
8;EUR/CHF;0.000340861384952846;515
8;EUR/CHF;-4.98748971434751E-05;516
8;EUR/CHF;-0.000515519646894699;517
8;EUR/CHF;-5.82205310708768E-05;518
8;EUR/CHF;0.000274438546200202;519
8;EUR/CHF;-0.000340980446827877;520
8;EUR/CHF;-0.000249571570102257;521
8;EUR/CHF;-0.000216345754642323;522
8;EUR/CHF;-0.000191421806857514;523
8;EUR/CHF;0;524
8;EUR/CHF;-0.000224759321174128;525
8;EUR/CHF;-0.000141541049221989;526
8;EUR/CHF;-4.16335333189876E-05;527
8;EUR/CHF;8.32684533302417E-06;528
8;EUR/CHF;8.32646400536914E-05;529
8;EUR/CHF;-5.82845200642632E-05;530
8;EUR/CHF;-4.16338799922333E-05;531
8;EUR/CHF;7.49397359974453E-05;532
8;EUR/CHF;-5.82859759943421E-05;533
8;EUR/CHF;-4.16349200460566E-05;534
8;EUR/CHF;4.16349200460816E-05;535
8;EUR/CHF;-4.99621120753199E-05;536
8;EUR/CHF;2.4981368064259E-05;537
8;EUR/CHF;-8.32705334718012E-06;538
8;EUR/CHF;-0.170293263325285;539
8;EUR/CHF;-0.019228773854678;540
8;EUR/CHF;-0.002398276003909;541
8;EUR/CHF;0.000998300954657905;542
8;EUR/CHF;0.0280454438302332;543
8;EUR/CHF;-0.000205822826478073;544
8;EUR/CHF;-0.0060662556186851;545
8;EUR/CHF;-0.00455662709003261;546
8;EUR/CHF;-0.0121599010547185;547
8;EUR/CHF;0.00189349406123084;548
8;EUR/CHF;-0.00684954821689722;549
8;EUR/CHF;-0.00329077165691837;550
8;EUR/CHF;-0.00237891684248917;551
8;EUR/CHF;-0.00548798596815829;552
8;EUR/CHF;0.032761222216163;553
8;EUR/CHF;-0.000266320780019828;554
8;EUR/CHF;0.00782190572898383;555
8;EUR/CHF;0.000587118634396791;556
8;EUR/CHF;0.00170069730468249;557
8;EUR/CHF;-0.00062520760882239;558
8;EUR/CHF;0.0222934706823008;559
8;EUR/CHF;-0.00109003300014958;560
8;EUR/CHF;-0.00941013792382803;561
8;EUR/CHF;0.00604650318033544;562
8;EUR/CHF;0.0106081782338834;563
8;EUR/CHF;-0.00171107582836683;564
8;EUR/CHF;0.00829038947171498;565
8;EUR/CHF;-7.5487365338205E-05;566
8;EUR/CHF;-0.00463449835940458;567
8;EUR/CHF;-0.00671545646123175;568
8;EUR/CHF;0.0102169600056284;569
8;EUR/CHF;-0.000878954762066636;570
8;EUR/CHF;-0.00850802279726659;571
8;EUR/CHF;-0.000896792595736163;572
8;EUR/CHF;-0.0034036727475827;573
8;EUR/CHF;0.0028881300797828;574
8;EUR/CHF;0.000639615107175666;575
8;EUR/CHF;0.000782256181077685;576
8;EUR/CHF;-0.000324275866226084;577
8;EUR/CHF;0.00172508322701701;578
8;EUR/CHF;0.0122375757637723;579
8;EUR/CHF;-0.00224132991452729;580
8;EUR/CHF;0.00176146765401281;581
8;EUR/CHF;-0.000800282495342191;582
8;EUR/CHF;-0.0039543088790293;583
8;EUR/CHF;0.000170196672120391;584
8;EUR/CHF;0.0106269926317224;585
8;EUR/CHF;-0.00128240548135077;586
8;EUR/CHF;0.00543657285158771;587
8;EUR/CHF;0.00025149617066629;588
8;EUR/CHF;0.00522053725333033;589
8;EUR/CHF;-0.000305791980439907;590
8;EUR/CHF;-0.00477505250362647;591
8;EUR/CHF;-0.00329262163256553;592
8;EUR/CHF;0.00659300068527815;593
8;EUR/CHF;0.000408303412222046;594
8;EUR/CHF;-0.000593950997944193;595
8;EUR/CHF;0.000148520825677408;596
8;EUR/CHF;-0.00116090638023469;597
8;EUR/CHF;0.00185680386086989;598
8;EUR/CHF;-0.00977754498011166;599
8;EUR/CHF;-0.000384101932258239;600
8;EUR/CHF;0.00107698585510981;601
8;EUR/CHF;-0.00314993369974657;602
8;EUR/CHF;0.00788425604377349;603
8;EUR/CHF;-0.00185557354548674;604
8;EUR/CHF;0.00250747012190288;605
8;EUR/CHF;0.000260639685729014;606
8;EUR/CHF;-0.0072768355478488;607
8;EUR/CHF;0.000777849145864819;608
8;EUR/CHF;0.00675025320677347;609
8;EUR/CHF;-0.000325728354740894;610
8;EUR/CHF;-0.00479581426200779;611
8;EUR/CHF;-0.00147883330177371;612
8;EUR/CHF;0.00221743065489695;613
8;EUR/CHF;-0.000383254583882309;614
8;EUR/CHF;-0.000458228720254927;615
8;EUR/CHF;-0.000252583131596283;616
8;EUR/CHF;-0.00391852235204167;617
8;EUR/CHF;-0.000375784454461557;618
8;EUR/CHF;0.0010987722092473;619
8;EUR/CHF;0.000103241307877641;620
8;EUR/CHF;-0.0112026162495533;621
8;EUR/CHF;0.00131835424014432;622
8;EUR/CHF;0.0102314500245881;623
8;EUR/CHF;-0.000610005039726119;624
8;EUR/CHF;0.000703818950521664;625
8;EUR/CHF;-0.000450387058985634;626
8;EUR/CHF;-0.00475078152389094;627
8;EUR/CHF;0.00353936020967664;628
8;EUR/CHF;-0.00854024507586781;629
8;EUR/CHF;0.00068212180413389;630
8;EUR/CHF;0.000142050162886293;631
8;EUR/CHF;0.00220392539112391;632
8;EUR/CHF;-0.00098312623128659;633
8;EUR/CHF;0.000510590026221141;634
8;EUR/CHF;-0.0105768800486502;635
8;EUR/CHF;-0.000468229670425872;636
8;EUR/CHF;0.0063264214358089;637
8;EUR/CHF;-6.64858883947087E-05;638
8;EUR/CHF;-0.00444557294120784;639
8;EUR/CHF;0.000267101662387952;640
8;EUR/CHF;-0.00248297855642503;641
8;EUR/CHF;0.000382398215036167;642
8;EUR/CHF;0.000878961353629742;643
8;EUR/CHF;0.00051555251184895;644
8;EUR/CHF;-0.00294413059767906;645
8;EUR/CHF;-0.000660751844698635;646
8;EUR/CHF;-0.00402179410909616;647
8;EUR/CHF;0.000663413720459142;648
8;EUR/CHF;0.00328174322724009;649
8;EUR/CHF;-0.000277858954834454;650
8;EUR/CHF;0.00229720129736944;651
8;EUR/CHF;0.00130895698654234;652
8;EUR/CHF;0.000725398523743517;653
8;EUR/CHF;-0.000610826925917347;654
8;EUR/CHF;-0.00200690058662512;655
8;EUR/CHF;-0.000267891314269396;656
8;EUR/CHF;-0.00345072520009452;657
8;EUR/CHF;0.000585544741308205;658
8;EUR/CHF;0.000115148781948922;659
8;EUR/CHF;-9.59563974866847E-05;660
8;EUR/CHF;-0.00400960147953389;661
8;EUR/CHF;0.00076084814156613;662
8;EUR/CHF;-0.00529941923554628;663
8;EUR/CHF;9.67843402944432E-06;664
8;EUR/CHF;0.00232977527838241;665
8;EUR/CHF;-1.93119164184841E-05;666
8;EUR/CHF;-0.00488823395306086;667
8;EUR/CHF;-0.000349382276285613;668
8;EUR/CHF;-0.000349504386925412;669
8;EUR/CHF;-0.000806267559353351;670
8;EUR/CHF;-5.83096045802083E-05;671
8;EUR/CHF;-0.00062218076357712;672
8;EUR/CHF;-0.00194681368189123;673
8;EUR/CHF;0.000545489980407336;674
8;EUR/CHF;-0.0017641759978959;675
8;EUR/CHF;0.000409644200485204;676
8;EUR/CHF;0.0145308197096079;677
8;EUR/CHF;-0.00064412859802563;678
8;EUR/CHF;-0.00684177389116888;679
8;EUR/CHF;0.000880763126832085;680
8;EUR/CHF;0.00265694221662836;681
8;EUR/CHF;-0.000250899863321232;682
8;EUR/CHF;0.00488122855238319;683
8;EUR/CHF;-0.00221141178135438;684
8;EUR/CHF;0.00980822590504152;685
8;EUR/CHF;-0.000514834882853545;686
8;EUR/CHF;-0.00369742700349745;687
8;EUR/CHF;0.000181846894986717;688
8;EUR/CHF;0.0023228148034761;689
8;EUR/CHF;-0.000687679110195026;690
8;EUR/CHF;-0.00116631467385846;691
8;EUR/CHF;-0.00115809988872391;692
8;EUR/CHF;-0.00294435199642494;693
8;EUR/CHF;-0.000240150239142921;694
8;EUR/CHF;-0.00357062461002419;695
8;EUR/CHF;-0.000289287679326639;696
8;EUR/CHF;0.00234082729383428;697
8;EUR/CHF;-6.73546462932868E-05;698
8;EUR/CHF;-0.000837500831101136;699
8;EUR/CHF;-0.00182181894859509;700
8;EUR/CHF;0.00664467050726322;701
8;EUR/CHF;-0.000412203135704388;702
8;EUR/CHF;-0.00120883036412021;703
8;EUR/CHF;-6.72001075454489E-05;704
8;EUR/CHF;0.000335955388284464;705
8;EUR/CHF;-0.00025915563400609;706
8;EUR/CHF;-0.000893161611171781;707
8;EUR/CHF;-0.000115304789120057;708
8;EUR/CHF;0.000576391039628201;709
8;EUR/CHF;-0.000749373155630749;710
8;EUR/CHF;0.00749719854621731;711
8;EUR/CHF;-0.000772970870766069;712
8;EUR/CHF;-0.000687587169210043;713
8;EUR/CHF;0.00188019315433306;714
8;EUR/CHF;-0.00335245467971965;715
8;EUR/CHF;-0.000928447406022924;716
8;EUR/CHF;-0.00434739481546431;717
8;EUR/CHF;-0.000481005117548379;718
8;EUR/CHF;0.00156722513101053;719
8;EUR/CHF;0.000825890760475892;720
8;EUR/CHF;-0.00239311589148638;721
8;EUR/CHF;-0.00242779363550163;722
8;EUR/CHF;0.0011471926372495;723
8;EUR/CHF;-0.000539691425260027;724
8;EUR/CHF;-0.000925863481996728;725
8;EUR/CHF;-0.000164044369544921;726
8;EUR/CHF;-0.000193027835213032;727
8;EUR/CHF;-0.000917391389681025;728
8;EUR/CHF;-0.00191474605923288;729
8;EUR/CHF;0.000590287370959136;730
8;EUR/CHF;-0.00148121641704005;731
8;EUR/CHF;-0.000581468612233343;732
8;EUR/CHF;0.00188853810687999;733
8;EUR/CHF;-0.000280633847251146;734
8;EUR/CHF;0.00654051066901169;735
8;EUR/CHF;0.000595970488264003;736
8;EUR/CHF;0.0121207816428137;737
8;EUR/CHF;-0.000968835858117433;738
8;EUR/CHF;-0.00353184017869746;739
8;EUR/CHF;-0.000820485468101856;740
8;EUR/CHF;-0.00323123679864119;741
8;EUR/CHF;-1.91508512558786E-05;742
8;EUR/CHF;0.00357484609343436;743
8;EUR/CHF;-0.00187185492392628;744
8;EUR/CHF;0.00343541290818639;745
8;EUR/CHF;0.00089508471191502;746
8;EUR/CHF;0.00377149221318203;747
8;EUR/CHF;-0.000331928173791231;748
8;EUR/CHF;-0.00260233787283715;749
8;EUR/CHF;-0.00135132583704756;750
8;EUR/CHF;-0.00417015180754076;751
8;EUR/CHF;-0.00235517241299888;752
8;EUR/CHF;0.00458078119485821;753
8;EUR/CHF;0.000391118747682329;754
8;EUR/CHF;-0.000209849576778624;755
8;EUR/CHF;-0.000706181021626878;756
8;EUR/CHF;-0.00187283866158539;757
8;EUR/CHF;0.000965523249953988;758
8;EUR/CHF;0.00106959031521924;759
8;EUR/CHF;0.0001049873777503;760
8;EUR/CHF;-0.00692408805492486;761
8;EUR/CHF;0.00283097368175972;762
8;EUR/CHF;0.00137899355339282;763
8;EUR/CHF;0.000688784322949152;764
8;EUR/CHF;-0.00247992964987604;765
8;EUR/CHF;4.79333534743556E-05;766
8;EUR/CHF;0.00251806098841491;767
8;EUR/CHF;0.00035374371159213;768
8;EUR/CHF;0.00351152100368163;769
8;EUR/CHF;-0.000647939954825383;770
8;EUR/CHF;-0.00571621305078459;771
8;EUR/CHF;-0.0107655908068936;772
8;EUR/CHF;0.00820277895136982;773
8;EUR/CHF;-0.00171219741713819;774
8;EUR/CHF;0.00349822082213478;775
8;EUR/CHF;-0.00121914358274709;776
8;EUR/CHF;0.00633864951322032;777
8;EUR/CHF;-0.000601498034623987;778
8;EUR/CHF;-0.0010415423411165;779
8;EUR/CHF;8.6040008657115E-05;780
8;EUR/CHF;-0.00202868941645157;781
8;EUR/CHF;-0.00551351917316308;782
8;EUR/CHF;0.00340391490034142;783
8;EUR/CHF;3.83961911026296E-05;784
8;EUR/CHF;0.000220749493412393;785
8;EUR/CHF;-1.91936737656256E-05;786
8;EUR/CHF;0.00458639537385476;787
8;EUR/CHF;0.000114629603220526;788
8;EUR/CHF;-0.00136685820773307;789
8;EUR/CHF;0.00257921677519816;790
8;EUR/CHF;-0.00053440215032655;791
8;EUR/CHF;-0.00135637277101511;792
8;EUR/CHF;-0.00129121751040363;793
8;EUR/CHF;-0.000593562734029438;794
8;EUR/CHF;-0.00388599660966493;795
8;EUR/CHF;-0.000105756519747737;796
8;EUR/CHF;0.00203624977910083;797
8;EUR/CHF;-0.000124745112312386;798
8;EUR/CHF;-0.000614356768608108;799
8;EUR/CHF;0.000374418575535067;800
8;EUR/CHF;-0.000143990554468294;801
8;EUR/CHF;0.000614215263364494;802
8;EUR/CHF;0.00170630511399542;803
8;EUR/CHF;-0.000316117694206924;804
8;EUR/CHF;0.00423532969278717;805
8;EUR/CHF;-0.000419863359731128;806
8;EUR/CHF;0.00081094106994783;807
8;EUR/CHF;-6.6758539157198E-05;808
8;EUR/CHF;0.00594308763506124;809
8;EUR/CHF;-0.000635411402829462;810
8;EUR/CHF;0.00207544651568155;811
8;EUR/CHF;-0.000142016540431664;812
8;EUR/CHF;0.0112325292070545;813
8;EUR/CHF;-0.00112415349037649;814
8;EUR/CHF;-0.00261855190803086;815
8;EUR/CHF;-0.000178573946535733;816
8;EUR/CHF;-0.000780460323120691;817
8;EUR/CHF;-0.000602216929203865;818
8;EUR/CHF;-0.00262953427827749;819
8;EUR/CHF;-0.000226519807294128;820
8;EUR/CHF;0.00135834981408864;821
8;EUR/CHF;-7.54154922630986E-05;822
8;EUR/CHF;0.00130953577306473;823
8;EUR/CHF;-0.000819436706695567;824
8;EUR/CHF;0.00351788462200069;825
8;EUR/CHF;-0.000403833607261233;826
8;EUR/CHF;0.00272037540072972;827
8;EUR/CHF;2.81031761290514E-05;828
8;EUR/CHF;0.00401064432034798;829
8;EUR/CHF;-0.000186619390296169;830
8;EUR/CHF;0.00655740054615904;831
8;EUR/CHF;-0.000528577998424868;832
8;EUR/CHF;0.00530092966587075;833
8;EUR/CHF;-0.00025838124295916;834
8;EUR/CHF;0.00720955810267385;835
8;EUR/CHF;-0.000403244289018171;836
8;EUR/CHF;-0.00190845005579577;837
8;EUR/CHF;-0.000679847152453036;838
8;EUR/CHF;-0.000257360038921394;839
8;EUR/CHF;0.000551404717453203;840
8;EUR/CHF;-0.00364490255801266;841
8;EUR/CHF;-0.00047038641727307;842
8;EUR/CHF;-0.00145868172138645;843
8;EUR/CHF;0.00112651098257402;844
8;EUR/CHF;-0.00530195970602354;845
8;EUR/CHF;0.000194809713271598;846
8;EUR/CHF;-0.00433186826595836;847
8;EUR/CHF;0.00027944149142778;848
8;EUR/CHF;0.00277155337801394;849
8;EUR/CHF;0.00086337753061985;850
8;EUR/CHF;0.000120627821561467;851
8;EUR/CHF;-0.000167027012367868;852
8;EUR/CHF;0.00365891909794332;853
8;EUR/CHF;-0.000971318432896;854
8;EUR/CHF;0.000462650253919577;855
8;EUR/CHF;0.00343541396572045;856
8;EUR/CHF;-0.00358343876014379;857
8;EUR/CHF;-0.00133321008544925;858
8;EUR/CHF;0.00648267560385303;859
8;EUR/CHF;-0.000920895175127338;860
8;EUR/CHF;-0.00815923267667393;861
8;EUR/CHF;0.000974835399660808;862
8;EUR/CHF;0.00655770380176255;863
8;EUR/CHF;-0.00120841477163487;864
8;EUR/CHF;0.00149416197947841;865
8;EUR/CHF;-0.000497805976576827;866
8;EUR/CHF;0.00395715748654048;867
8;EUR/CHF;-0.000928065784691667;868
8;EUR/CHF;-0.00459787870551678;869
8;EUR/CHF;0.000572431000766409;870
8;EUR/CHF;0.000369136501639894;871
8;EUR/CHF;0.000129165590466457;872
8;EUR/CHF;0.00462970181687713;873
8;EUR/CHF;9.1828629410402E-06;874
8;EUR/CHF;0.00778420479498295;875
8;EUR/CHF;-0.00137680157058144;876
8;EUR/CHF;-0.00292400540935903;877
8;EUR/CHF;0.00113406694002965;878
8;EUR/CHF;0.00359489438242505;879
8;EUR/CHF;5.4644808756865E-05;880
8;EUR/CHF;0.000573590281079877;881
8;EUR/CHF;0.000345816083894167;882
8;EUR/CHF;-0.00271513993048997;883
8;EUR/CHF;-0.00102236430630282;884
8;EUR/CHF;0.00266326315756659;885
8;EUR/CHF;3.64338543414132E-05;886
8;EUR/CHF;-0.00193282580868147;887
8;EUR/CHF;-0.00020079038464049;888
8;EUR/CHF;0.00154140152097847;889
8;EUR/CHF;-0.000337263519943794;890
8;EUR/CHF;-0.00283934182947147;891
8;EUR/CHF;0.000648920392930398;892
8;EUR/CHF;-0.00640707609359612;893
8;EUR/CHF;1.83908045980417E-05;894
8;EUR/CHF;-0.00224617830034427;895
8;EUR/CHF;-0.000396366339860656;896
8;EUR/CHF;0.00982581219885299;897
8;EUR/CHF;4.56464681123155E-05;898
8;EUR/CHF;-0.000118685151257388;899
8;EUR/CHF;-0.00159905735396589;900
8;EUR/CHF;0.00332317211993784;901
8;EUR/CHF;-0.00033729119032593;902
8;EUR/CHF;-0.001806899560783;903
8;EUR/CHF;-0.000200968302494292;904
8;EUR/CHF;-0.000959723673267693;905
8;EUR/CHF;-0.00064032786973692;906
8;EUR/CHF;-0.00365771896876815;907
8;EUR/CHF;-0.000624707188831274;908
8;EUR/CHF;0.00456605051276848;909
8;EUR/CHF;-0.000375133245321726;910
8;EUR/CHF;-0.00336418245524269;911
8;EUR/CHF;0.000523245418623587;912
8;EUR/CHF;0.0012290084184025;913
8;EUR/CHF;0.000943659912719625;914
8;EUR/CHF;-0.00166804181284183;915
8;EUR/CHF;-0.000119252379455646;916
8;EUR/CHF;0.00380904007701524;917
8;EUR/CHF;-0.000374766346712549;918
8;EUR/CHF;-0.00402156979945265;919
8;EUR/CHF;0.000926669332546081;920
8;EUR/CHF;0.00149370700719454;921
8;EUR/CHF;0.000613331277608521;922
8;EUR/CHF;0.000969577303697567;923
8;EUR/CHF;-0.000621884879889589;924
8;EUR/CHF;-0.00341811750031298;925
8;EUR/CHF;0.00142181640328064;926
8;EUR/CHF;-0.000586827572061714;927
8;EUR/CHF;-0.000688127082932993;928
8;EUR/CHF;-0.00738812974361058;929
8;EUR/CHF;-2.77391227981788E-05;930
8;EUR/CHF;0.00110896517200987;931
8;EUR/CHF;-0.000138553410251836;932
8;EUR/CHF;0.000507935346134907;933
8;EUR/CHF;0.000258486195506859;934
8;EUR/CHF;0.00127299244170873;935
8;EUR/CHF;0.000645101856304225;936
8;EUR/CHF;0.00236488306511132;937
8;EUR/CHF;0.000284880650719366;938
8;EUR/CHF;-0.00696140858707305;939
8;EUR/CHF;-0.00164831640538748;940
8;EUR/CHF;-0.000797352091717197;941
8;EUR/CHF;0.000231853951597877;942
8;EUR/CHF;0.00694915701353766;943
8;EUR/CHF;0.00062600692493155;944
8;EUR/CHF;0.0025643749949902;945
8;EUR/CHF;-0.000220333071049093;946
8;EUR/CHF;-0.00254653069571008;947
8;EUR/CHF;-0.000616923046908929;948
8;EUR/CHF;0.000460426362938336;949
8;EUR/CHF;0.000754640615229717;950
8;EUR/CHF;-4.59983716658619E-05;951
8;EUR/CHF;0.000183980792924308;952
8;EUR/CHF;-0.000386398768331394;953
8;EUR/CHF;0.00058873855270213;954
8;EUR/CHF;-0.00143565793425862;955
8;EUR/CHF;0.000506396722004979;956
8;EUR/CHF;-0.00628825452125162;957
8;EUR/CHF;-0.000583736019651624;958
8;EUR/CHF;0.00403286028307493;959
8;EUR/CHF;-0.00022156982309673;960
8;EUR/CHF;-0.00174658005892191;961
8;EUR/CHF;-0.00197203113612181;962
8;EUR/CHF;0.000259456255277846;963
8;EUR/CHF;-9.26513575751249E-06;964
8;EUR/CHF;-0.00134435414768473;965
8;EUR/CHF;0.00135361928344233;966
8;EUR/CHF;-0.000444823375388983;967
8;EUR/CHF;0.0010561326150067;968
8;EUR/CHF;0.000740480235245096;969
8;EUR/CHF;0.000832385386980468;970
8;EUR/CHF;1.84895857414004E-05;971
8;EUR/CHF;-0.00299978004374067;972
8;EUR/CHF;0.0001019920910655;973
8;EUR/CHF;0.000324451101113247;974
8;EUR/CHF;0.00150037537523449;975
8;EUR/CHF;-0.000935154947390507;976
8;EUR/CHF;0.00576365147944682;977
8;EUR/CHF;0.00135296222680715;978
8;EUR/CHF;-0.000110377306537759;979
8;EUR/CHF;-6.43923888418661E-05;980
8;EUR/CHF;-0.0019060515984568;981
8;EUR/CHF;-0.00023044554443348;982
8;EUR/CHF;-0.00167924602579747;983
8;EUR/CHF;0.000286224743774738;984
8;EUR/CHF;-0.0016723416212837;985
8;EUR/CHF;0.000970483515563156;986
8;EUR/CHF;0.00199346652205138;987
8;EUR/CHF;0.000774165046406837;988
8;EUR/CHF;0.000331601638939915;989
8;EUR/CHF;-0.000202632379505501;990
8;EUR/CHF;0.00468686241403792;991
8;EUR/CHF;-0.000320946335943223;992
8;EUR/CHF;-0.00338997389425456;993
8;EUR/CHF;0.00092902188043463;994
8;EUR/CHF;0.00445831396202703;995
8;EUR/CHF;-0.00182312115616257;996
8;EUR/CHF;-0.00804666595347173;997
8;EUR/CHF;-0.000878551833264831;998
8;EUR/CHF;0.00326062647154032;999
8;EUR/CHF;0.000525507887797433;1000
8;EUR/CHF;-0.00146658022606421;1001
8;EUR/CHF;0.00126378534317446;1002
8;EUR/CHF;-0.000580958413263648;1003
8;EUR/CHF;-0.000119922327374822;1004
8;EUR/CHF;-0.00282694841087479;1005
8;EUR/CHF;0.00047171339199547;1006
8;EUR/CHF;0.00238291067859964;1007
8;EUR/CHF;-0.00066442732502294;1008
8;EUR/CHF;-0.00178321515587134;1009
8;EUR/CHF;0.000406816023066666;1010
8;EUR/CHF;-0.00169307314642372;1011
8;EUR/CHF;0.00062945480186257;1012
8;EUR/CHF;0.0026246249101851;1013
8;EUR/CHF;-9.22956228812038E-06;1014
8;EUR/CHF;-0.00197708859671416;1015
8;EUR/CHF;0.00183863493923977;1016
8;EUR/CHF;-0.00328234441215511;1017
8;EUR/CHF;-0.000490965776579204;1018
8;EUR/CHF;-0.00149290434660006;1019
8;EUR/CHF;0.00076991224021219;1020
8;EUR/CHF;-7.41826005051919E-05;1021
8;EUR/CHF;-0.000222580825580702;1022
8;EUR/CHF;0.00464536068789042;1023
8;EUR/CHF;5.53919441793146E-05;1024
8;EUR/CHF;-0.00118236079469206;1025
8;EUR/CHF;-0.00020335912366824;1026
8;EUR/CHF;-0.000323611133197948;1027
8;EUR/CHF;-0.00073082174440801;1028
8;EUR/CHF;0.000841785930830758;1029
8;EUR/CHF;-0.00063821228736261;1030
8;EUR/CHF;0.000453265135483978;1031
8;EUR/CHF;0.000758066043513594;1032
8;EUR/CHF;0.00174506417460502;1033
8;EUR/CHF;0.000285936975904835;1034
8;EUR/CHF;-0.000313612635625216;1035
8;EUR/CHF;0.000239830275109533;1036
8;EUR/CHF;-0.00513198624167247;1037
8;EUR/CHF;0.00168582557363229;1038
8;EUR/CHF;0.00698158763462599;1039
8;EUR/CHF;-0.00302828314356235;1040
8;EUR/CHF;0.000294947188157697;1041
8;EUR/CHF;0.000193511825558569;1042
8;EUR/CHF;-0.00163220175941369;1043
8;EUR/CHF;0.00068271353594182;1044
8;EUR/CHF;0.00135482018668264;1045
8;EUR/CHF;-4.60521771247296E-05;1046
8;EUR/CHF;-0.000303997570360724;1047
8;EUR/CHF;0.000442147739814289;1048
8;EUR/CHF;-0.000331592475889131;1049
8;EUR/CHF;-0.000128982329599667;1050
8;EUR/CHF;0.00156508962162883;1051
8;EUR/CHF;0.00032192048841998;1052
8;EUR/CHF;0.000643530245146312;1053
8;EUR/CHF;-0.000386068449215257;1054
8;EUR/CHF;0.00646990462644194;1055
8;EUR/CHF;0.000347054153063922;1056
8;EUR/CHF;-0.00287138416844357;1057
8;EUR/CHF;-0.000421341888532303;1058
8;EUR/CHF;0.00165686469466342;1059
8;EUR/CHF;0.000411501942152146;1060
8;EUR/CHF;0.00127001547484613;1061
8;EUR/CHF;-0.000420114350343963;1062
8;EUR/CHF;7.3076044791378E-05;1063
8;EUR/CHF;-0.000118751284708718;1064
8;EUR/CHF;-0.000511705268936919;1065
8;EUR/CHF;-0.00025595085883272;1066
8;EUR/CHF;0.0015438516218872;1067
8;EUR/CHF;-0.000922370282881014;1068
8;EUR/CHF;0.00200803280324561;1069
8;EUR/CHF;0.000583398678376181;1070
8;EUR/CHF;0.0026847119595995;1071
8;EUR/CHF;-0.00140061140475217;1072
8;EUR/CHF;0.00499320147724906;1073
8;EUR/CHF;0.00038027633871884;1074
8;EUR/CHF;0.00126654440336632;1075
8;EUR/CHF;-7.23307686364038E-05;1076
8;EUR/CHF;0.00376328761267036;1077
8;EUR/CHF;-0.00120776227175291;1078
8;EUR/CHF;0.000712215425678638;1079
8;EUR/CHF;-0.000558911039520271;1080
8;EUR/CHF;0.00133365793424182;1081
8;EUR/CHF;0.000378146725433627;1082
8;EUR/CHF;0.00229282625970382;1083
8;EUR/CHF;-0.000934478736730103;1084
8;EUR/CHF;0.00221796280879107;1085
8;EUR/CHF;0.000269053471515954;1086
8;EUR/CHF;-0.00199271200349758;1087
8;EUR/CHF;-0.000449357426452371;1088
8;EUR/CHF;-0.00671040552550686;1089
8;EUR/CHF;0.00128423126574652;1090
8;EUR/CHF;-0.00189074451221146;1091
8;EUR/CHF;0.00024446003879182;1092
8;EUR/CHF;-0.0065030246520218;1093
8;EUR/CHF;0.000801537537561924;1094
8;EUR/CHF;-0.000755978413200576;1095
8;EUR/CHF;0.000491906329093221;1096
8;EUR/CHF;0.00310980018749166;1097
8;EUR/CHF;-0.00109914577471062;1098
8;EUR/CHF;-0.00197422653087626;1099
8;EUR/CHF;-8.19646004456436E-05;1100
8;EUR/CHF;0.00327335510820765;1101
8;EUR/CHF;0.00040841702668322;1102
8;EUR/CHF;-0.000689868044715537;1103
8;EUR/CHF;-2.72413996647308E-05;1104
8;EUR/CHF;0.00230381410172452;1105
8;EUR/CHF;3.6238120695005E-05;1106
8;EUR/CHF;7.24723020236696E-05;1107
8;EUR/CHF;-0.000724959479332022;1108
8;EUR/CHF;-0.00150596972977135;1109
8;EUR/CHF;0.000245101377879857;1110
8;EUR/CHF;-0.000108926529163924;1111
8;EUR/CHF;0.000843870420700383;1112
8;EUR/CHF;-0.00897414471139254;1113
8;EUR/CHF;0.000155568672443668;1114
8;EUR/CHF;-0.0044110503502315;1115
8;EUR/CHF;0.00141438842105619;1116
8;EUR/CHF;0.0019071726453454;1117
8;EUR/CHF;-0.000210710507446906;1118
8;EUR/CHF;-0.0012651962741652;1119
8;EUR/CHF;-0.00113821001245649;1120
8;EUR/CHF;-0.00189376584939646;1121
8;EUR/CHF;-0.000450987347785078;1122
8;EUR/CHF;-0.00247022947571011;1123
8;EUR/CHF;0.000332176868781092;1124
8;EUR/CHF;-0.0012831817277957;1125
8;EUR/CHF;0.000618717612095307;1126
8;EUR/CHF;0.00248025833306601;1127
8;EUR/CHF;0.000340670018348742;1128
8;EUR/CHF;0.00717309233284265;1129
8;EUR/CHF;-0.00113399434180863;1130
8;EUR/CHF;0.00280520471419992;1131
8;EUR/CHF;0.000611166114812608;1132
8;EUR/CHF;-0.000346585678536234;1133
8;EUR/CHF;-0.000118596366528753;1134
8;EUR/CHF;0.00119444369999183;1135
8;EUR/CHF;-0.000793097360082258;1136
8;EUR/CHF;0.00338677842640817;1137
8;EUR/CHF;9.08843043430935E-05;1138
8;EUR/CHF;-0.00462740279718053;1139
8;EUR/CHF;0.00186993518838061;1140
8;EUR/CHF;-0.00126752553160858;1141
8;EUR/CHF;-0.000282904795297999;1142
8;EUR/CHF;0.000611338988249323;1143
8;EUR/CHF;0.000155056436292922;1144
8;EUR/CHF;-0.000182421832750796;1145
8;EUR/CHF;0.000574516122771847;1146
8;EUR/CHF;-0.00195287609289322;1147
8;EUR/CHF;-0.000328896281868822;1148
8;EUR/CHF;-0.00117943409984911;1149
8;EUR/CHF;0.000237827356755465;1150
8;EUR/CHF;-0.00283015168550765;1151
8;EUR/CHF;0.000320969882024925;1152
8;EUR/CHF;0.000549994513919284;1153
8;EUR/CHF;0.000375655683919232;1154
8;EUR/CHF;-0.00169615106149379;1155
8;EUR/CHF;0.000577931297304778;1156
8;EUR/CHF;-5.5026687957656E-05;1157
8;EUR/CHF;-0.000577963109016753;1158
8;EUR/CHF;0.00125641406653548;1159
8;EUR/CHF;0.000577237613437102;1160
8;EUR/CHF;-0.000934742235012632;1161
8;EUR/CHF;-0.000201725672109691;1162
8;EUR/CHF;0.00126469769507779;1163
8;EUR/CHF;-0.000659642717460137;1164
8;EUR/CHF;0.00188615381370783;1165
8;EUR/CHF;0.000484697736439914;1166
8;EUR/CHF;0.000338234692391357;1167
8;EUR/CHF;-0.000329091709859206;1168
8;EUR/CHF;-0.00150972428175953;1169
8;EUR/CHF;0.000201428310514329;1170
8;EUR/CHF;0.000356977775059813;1171
8;EUR/CHF;-0.000613348121739718;1172
8;EUR/CHF;-0.00289788822175149;1173
8;EUR/CHF;-0.000174508048478362;1174
8;EUR/CHF;0.000798813758200348;1175
8;EUR/CHF;4.58894523172526E-05;1176
8;EUR/CHF;-0.00219587466095316;1177
8;EUR/CHF;-0.000128778262407385;1178
8;EUR/CHF;0.000202358395804564;1179
8;EUR/CHF;-4.59869489121258E-05;1180
8;EUR/CHF;0.00126846413375413;1181
8;EUR/CHF;1.83717149082781E-05;1182
8;EUR/CHF;-0.000643210931032903;1183
8;EUR/CHF;-0.000349344981718668;1184
8;EUR/CHF;0.00247954503432992;1185
8;EUR/CHF;-0.000155938267108045;1186
8;EUR/CHF;-0.00104633242529468;1187
8;EUR/CHF;-0.000220420084835738;1188
8;EUR/CHF;0.00324627971976314;1189
8;EUR/CHF;-0.000512834612922725;1190
8;EUR/CHF;-0.000540592557569459;1191
8;EUR/CHF;-0.000329996703027588;1192
8;EUR/CHF;0.00133764576002795;1193
8;EUR/CHF;0.000311249853753675;1194
8;EUR/CHF;0.00507615303186057;1195
8;EUR/CHF;-0.000346112162010984;1196
8;EUR/CHF;0.00239300955388732;1197
8;EUR/CHF;0.000308944864885989;1198
8;EUR/CHF;-0.00196433344053701;1199
8;EUR/CHF;0.000291255952326967;1200
8;EUR/CHF;-0.000145617372409927;1201
8;EUR/CHF;-0.000136535547241657;1202
8;EUR/CHF;0.00126451594537799;1203
8;EUR/CHF;9.0914463127328E-06;1204
8;EUR/CHF;-2.72745869053486E-05;1205
8;EUR/CHF;-0.000145477028524569;1206
8;EUR/CHF;-0.00215736066523636;1207
8;EUR/CHF;2.73374673676214E-05;1208
8;EUR/CHF;0.00072872358186075;1209
8;EUR/CHF;0.000537093608297894;1210
8;EUR/CHF;0.00158229319980503;1211
8;EUR/CHF;0.000290724086720888;1212
8;EUR/CHF;-0.00245564056424062;1213
8;EUR/CHF;-0.00100217754217477;1214
8;EUR/CHF;0.00243082071088075;1215
8;EUR/CHF;-9.09318238666097E-06;1216
8;EUR/CHF;0.00366693097005459;1217
8;EUR/CHF;-6.34215950743393E-05;1218
8;EUR/CHF;0.00402382281117117;1219
8;EUR/CHF;-0.000613829230322319;1220
8;EUR/CHF;-0.00204279083629121;1221
8;EUR/CHF;0.000325679859579664;1222
8;EUR/CHF;0.00366562044267943;1223
8;EUR/CHF;-0.000243356152929037;1224
8;EUR/CHF;-1.80287378087008E-05;1225
8;EUR/CHF;-2.70437161688586E-05;1226
8;EUR/CHF;-0.00430928064172291;1227
8;EUR/CHF;-8.14859414566379E-05;1228
8;EUR/CHF;-0.00162204567322805;1229
8;EUR/CHF;-0.000326539500574905;1230
8;EUR/CHF;0.00409216994034104;1231
8;EUR/CHF;-9.03501520149557E-06;1232
8;EUR/CHF;0.00215705028154068;1233
8;EUR/CHF;-0.000252468330090676;1234
8;EUR/CHF;-0.000866089929006848;1235
8;EUR/CHF;0.000469225155467757;1236
8;EUR/CHF;0.000829628608450033;1237
8;EUR/CHF;0.000504654547644662;1238
8;EUR/CHF;0.00139548515747499;1239
8;EUR/CHF;0.000548657377239722;1240
8;EUR/CHF;-0.00218742632645633;1241
8;EUR/CHF;5.40681799880191E-05;1242
8;EUR/CHF;-0.00270699652778936;1243
8;EUR/CHF;-0.000705021044252364;1244
8;EUR/CHF;-0.000370787384816134;1245
8;EUR/CHF;0.00011758161760617;1246
8;EUR/CHF;0.00145505839126334;1247
8;EUR/CHF;-0.000135475043446407;1248
8;EUR/CHF;-0.00178999279362858;1249
8;EUR/CHF;-8.14394882429512E-05;1250
8;EUR/CHF;0.000461402763031619;1251
8;EUR/CHF;-0.000271387606489071;1252
8;EUR/CHF;0.000542701581727418;1253
8;EUR/CHF;-0.000153735548030856;1254
8;EUR/CHF;-5.4265248548058E-05;1255
8;EUR/CHF;0.00013565760042497;1256
8;EUR/CHF;-0.000968093700214332;1257
8;EUR/CHF;-0.00026254204218391;1258
8;EUR/CHF;0.0036693308949318;1259
8;EUR/CHF;-0.000676818976767328;1260
8;EUR/CHF;-0.00431532335676343;1261
8;EUR/CHF;-0.00052598646344122;1262
8;EUR/CHF;-0.00540281277501441;1263
8;EUR/CHF;-0.000164178151905284;1264
8;EUR/CHF;-0.00270369181870712;1265
8;EUR/CHF;-0.000439126146039945;1266
8;EUR/CHF;-0.00141016624868351;1267
8;EUR/CHF;-0.000293271259685675;1268
8;EUR/CHF;-0.00543187383684216;1269
8;EUR/CHF;-0.000903575639119922;1270
8;EUR/CHF;0.00393105065593934;1271
8;EUR/CHF;-0.00160921794567035;1272
8;EUR/CHF;-0.00639805717611663;1273
8;EUR/CHF;0.000564822674589947;1274
8;EUR/CHF;0.00221916151322285;1275
8;EUR/CHF;-0.000406477783271802;1276
8;EUR/CHF;0.000849719735991323;1277
8;EUR/CHF;0.00388840236352263;1278
8;EUR/CHF;-0.00444248550863721;1279
8;EUR/CHF;0.00603218678667489;1280
8;EUR/CHF;-0.000826696842254506;1281
8;EUR/CHF;0.000799151288793428;1282
8;EUR/CHF;-0.00624483930539337;1283
8;EUR/CHF;0.000120106247978965;1284
8;EUR/CHF;0.00130176495216656;1285
8;EUR/CHF;0.00278248871200734;1286
8;EUR/CHF;0.00349018053163667;1287
8;EUR/CHF;-0.00071541258508638;1288
8;EUR/CHF;-0.00925463111606863;1289
8;EUR/CHF;-0.00532973090265876;1290
8;EUR/CHF;0.00376347278014095;1291
8;EUR/CHF;-0.00034323616376304;1292
8;EUR/CHF;0.00805807622261192;1293
8;EUR/CHF;-0.000570797290401007;1294
8;EUR/CHF;0.0026027670227104;1295
8;EUR/CHF;0.000606032799412612;1296
8;EUR/CHF;-0.00552294340050828;1297
8;EUR/CHF;0.000489090071531641;1298
8;EUR/CHF;-0.000156851890617561;1299
8;EUR/CHF;0.000544262883176599;1300
8;EUR/CHF;-0.00179072562990719;1301
8;EUR/CHF;-0.000277202840332083;1302
8;EUR/CHF;-0.00056388285672584;1303
8;EUR/CHF;-0.000582704784030244;1304
8;EUR/CHF;0.00113734622256792;1305
8;EUR/CHF;-0.000129388822834636;1306
8;EUR/CHF;0.00077608193407134;1307
8;EUR/CHF;9.23544378610355E-06;1308
8;EUR/CHF;0.0041565156220512;1309
8;EUR/CHF;-0.00127000504825547;1310
8;EUR/CHF;0.000405104319901131;1311
8;EUR/CHF;0.000184084090131879;1312
8;EUR/CHF;0.00665941425843026;1313
8;EUR/CHF;9.14185415723348E-05;1314
8;EUR/CHF;-0.00171091136306362;1315
8;EUR/CHF;0.00015565841250691;1316
8;EUR/CHF;-0.00215389915954521;1317
8;EUR/CHF;0.000192664969975943;1318
8;EUR/CHF;-0.00196508818894863;1319
8;EUR/CHF;-0.000459689809416973;1320
8;EUR/CHF;0.000349383525523941;1321
8;EUR/CHF;-1.83855636558236E-05;1322
8;EUR/CHF;-0.00174817176600563;1323
8;EUR/CHF;5.5252180172934E-05;1324
8;EUR/CHF;0.00144468138621561;1325
8;EUR/CHF;-0.000717478920341882;1326
8;EUR/CHF;0.000174817936765364;1327
8;EUR/CHF;-0.000331259894817591;1328
8;EUR/CHF;-0.00278323237164979;1329
8;EUR/CHF;0.00032295718329857;1330
8;EUR/CHF;0.0001383782988135;1331
8;EUR/CHF;-0.000544398476211693;1332
8;EUR/CHF;0.00595379529145004;1333
8;EUR/CHF;8.25699436700829E-05;1334
8;EUR/CHF;0.000128428584710056;1335
8;EUR/CHF;-0.000201823753506096;1336
8;EUR/CHF;-0.00334519165393149;1337
8;EUR/CHF;-0.000395913806450537;1338
8;EUR/CHF;-0.00221263504365402;1339
