8;EUR/USD;0.0400805433950783;5
8;EUR/USD;0.0394357818865608;6
8;EUR/USD;-0.00233977203165087;7
8;EUR/USD;-0.000872660505694239;8
8;EUR/USD;-0.000423417014973659;9
8;EUR/USD;-0.000328730207114129;10
8;EUR/USD;-0.000194276226007077;11
8;EUR/USD;-0.000496013383130407;12
8;EUR/USD;-0.000409822663807597;13
8;EUR/USD;-0.000443423349767516;14
8;EUR/USD;-0.000313089173067723;15
8;EUR/USD;0.00131649426158085;16
8;EUR/USD;0.00139072508449265;17
8;EUR/USD;0.000981289303133946;18
8;EUR/USD;0.00103215441597199;19
8;EUR/USD;0.00104758371470113;20
8;EUR/USD;-0.000801780525822523;21
8;EUR/USD;-0.000978520750289874;22
8;EUR/USD;-0.000834302885411679;23
8;EUR/USD;-0.0008969676473723;24
8;EUR/USD;-0.00103875758936866;25
8;EUR/USD;-0.001330671015424;26
8;EUR/USD;-0.000701253692492679;27
8;EUR/USD;-0.000969159701273789;28
8;EUR/USD;-0.00144475212522834;29
8;EUR/USD;-0.000575985077791288;30
8;EUR/USD;0.000369289960528337;31
8;EUR/USD;-0.00011809948748454;32
8;EUR/USD;0.00120264590401521;33
8;EUR/USD;0.00251128067850623;34
8;EUR/USD;0.0023829969309318;35
8;EUR/USD;0.00197808409406308;36
8;EUR/USD;0.00187981116164216;37
8;EUR/USD;0.000681276916285537;38
8;EUR/USD;-0.000670311560995813;39
8;EUR/USD;-0.000960047434675121;40
8;EUR/USD;-0.000380292208161654;41
8;EUR/USD;-0.000210763598387641;42
8;EUR/USD;-0.00113381233510957;43
8;EUR/USD;-0.00125001326036805;44
8;EUR/USD;-0.0015513357810419;45
8;EUR/USD;-0.00255491908196915;46
8;EUR/USD;-0.00222060888212726;47
8;EUR/USD;-0.00109442222399669;48
8;EUR/USD;-0.000656067731755577;49
8;EUR/USD;-0.000481813980971178;50
8;EUR/USD;0.000463602605579638;51
8;EUR/USD;0.00040088326051517;52
8;EUR/USD;-7.98822487117481E-05;53
8;EUR/USD;0.00116142545263011;54
8;EUR/USD;0.000776831919924323;55
8;EUR/USD;0.00147399809323367;56
8;EUR/USD;0.00141807490796593;57
8;EUR/USD;0.00188350685009247;58
8;EUR/USD;0.00105813752353008;59
8;EUR/USD;0.00100128493907066;60
8;EUR/USD;-0.000619229694045683;61
8;EUR/USD;-0.000621654791643869;62
8;EUR/USD;0.000234379032324064;63
8;EUR/USD;0.000177031946803228;64
8;EUR/USD;0.00103715476301368;65
8;EUR/USD;0.00187094023630361;66
8;EUR/USD;0.00171477358874175;67
8;EUR/USD;0.000624157729876598;68
8;EUR/USD;0.000735708181576281;69
8;EUR/USD;0.000768901259409103;70
8;EUR/USD;0.000641114922339119;71
8;EUR/USD;0.000358679107579598;72
8;EUR/USD;-0.000102187545561536;73
8;EUR/USD;-8.45271592511384E-05;74
8;EUR/USD;-0.000784951511297217;75
8;EUR/USD;-0.000154262603334383;76
8;EUR/USD;0.000101945708836661;77
8;EUR/USD;0.000549737325407993;78
8;EUR/USD;0.000380091205194814;79
8;EUR/USD;0.000574089173951574;80
8;EUR/USD;4.51268466618739E-05;81
8;EUR/USD;-0.000808252854391204;82
8;EUR/USD;-0.00105121240657087;83
8;EUR/USD;-0.000590106319327706;84
8;EUR/USD;0.000689928822718722;85
8;EUR/USD;0.000485560631891402;86
8;EUR/USD;0.00117918767984612;87
8;EUR/USD;0.0010657737462205;88
8;EUR/USD;0.000805316460785551;89
8;EUR/USD;-0.00074668147974234;90
8;EUR/USD;-0.000674870466108737;91
8;EUR/USD;-0.000442291364982902;92
8;EUR/USD;0.000157194951654963;93
8;EUR/USD;0.00147549782880479;94
8;EUR/USD;0.00233389396942415;95
8;EUR/USD;0.00216631894788525;96
8;EUR/USD;0.00205907292038297;97
8;EUR/USD;0.00187676508033883;98
8;EUR/USD;-0.000190521567158262;99
8;EUR/USD;-0.000675805322497084;100
8;EUR/USD;-0.00010523698385668;101
8;EUR/USD;0.000414749678800004;102
8;EUR/USD;0.00112826966561178;103
8;EUR/USD;0.000215045248770544;104
8;EUR/USD;0.000405180973960658;105
8;EUR/USD;0.00056445960257737;106
8;EUR/USD;-0.000197186864905799;107
8;EUR/USD;-0.000417508230974238;108
8;EUR/USD;0.00095265000489452;109
8;EUR/USD;0.000644289681932853;110
8;EUR/USD;0.000237115837291069;111
8;EUR/USD;-0.00101780655440282;112
8;EUR/USD;-0.00220233938035053;113
8;EUR/USD;-0.00220285303693361;114
8;EUR/USD;-0.00193188033855938;115
8;EUR/USD;-0.00185555251285442;116
8;EUR/USD;-0.000788927053916965;117
8;EUR/USD;0.000918542670019083;118
8;EUR/USD;0.000407463536296029;119
8;EUR/USD;0.000356325596151504;120
8;EUR/USD;-0.000104398514691707;121
8;EUR/USD;0.000317975478332593;122
8;EUR/USD;-0.00103038852900872;123
8;EUR/USD;-0.000961261071006879;124
8;EUR/USD;-0.00121934779888696;125
8;EUR/USD;-0.000531536685347992;126
8;EUR/USD;9.13788430364167E-05;127
8;EUR/USD;0.000127818734151883;128
8;EUR/USD;0.000720653435308537;129
8;EUR/USD;0.000834024718216405;130
8;EUR/USD;0.000582292770005989;131
8;EUR/USD;-0.000368671725388588;132
8;EUR/USD;-5.95417468282328E-05;133
8;EUR/USD;-0.000979909494216625;134
8;EUR/USD;-0.00126109967324715;135
8;EUR/USD;-0.00130342901185378;136
8;EUR/USD;-0.000589252040323902;137
8;EUR/USD;-0.000404190339590086;138
8;EUR/USD;0.00077095490106328;139
8;EUR/USD;0.00125529967179667;140
8;EUR/USD;0.00133097692169959;141
8;EUR/USD;0.00183188786831822;142
8;EUR/USD;0.00179947751555323;143
8;EUR/USD;0.00160219494552341;144
8;EUR/USD;0.00120855897692409;145
8;EUR/USD;0.000751029205267897;146
8;EUR/USD;-0.000348259693134271;147
8;EUR/USD;-0.00073261478437381;148
8;EUR/USD;-0.00127869820969368;149
8;EUR/USD;-0.000946277160310866;150
8;EUR/USD;-0.000205203812826875;151
8;EUR/USD;-6.50949850060786E-05;152
8;EUR/USD;0.000588327126252916;153
8;EUR/USD;0.000181103657991239;154
8;EUR/USD;0.000118710689618451;155
8;EUR/USD;-0.000270554786999616;156
8;EUR/USD;-0.000175138330660141;157
8;EUR/USD;-0.000934614943094024;158
8;EUR/USD;6.95002504658803E-05;159
8;EUR/USD;-0.000178092467814804;160
8;EUR/USD;0.000360176714069668;161
8;EUR/USD;7.81798581000969E-05;162
8;EUR/USD;0.000477980543405611;163
8;EUR/USD;0.000217032749833254;164
8;EUR/USD;0.000356026492071701;165
8;EUR/USD;9.34582272682505E-18;166
8;EUR/USD;0.000631555892478541;167
8;EUR/USD;0.000393114838016909;168
8;EUR/USD;0.000404498740195685;169
8;EUR/USD;-0.000267684389469139;170
8;EUR/USD;0.000143022770551701;171
8;EUR/USD;0.000103863882948539;172
8;EUR/USD;0.000333252862326063;173
8;EUR/USD;0.000167338675813394;174
8;EUR/USD;0.000781790078602844;175
8;EUR/USD;0.000328997282040995;176
8;EUR/USD;0.000118223763534768;177
8;EUR/USD;-4.3244022416556E-06;178
8;EUR/USD;0.000972404944984663;179
8;EUR/USD;0.000892209767113126;180
8;EUR/USD;0.000794285648231147;181
8;EUR/USD;0.000495202976607821;182
8;EUR/USD;0.00104809006988715;183
8;EUR/USD;-0.00136789590107045;184
8;EUR/USD;-0.00211464998265942;185
8;EUR/USD;-0.00240691743096005;186
8;EUR/USD;-0.00208116919286364;187
8;EUR/USD;-0.00277376128988187;188
8;EUR/USD;-0.00193674476194929;189
8;EUR/USD;-0.00108838262952088;190
8;EUR/USD;-0.000633255130151471;191
8;EUR/USD;-0.000711684961111537;192
8;EUR/USD;-0.00136996330217647;193
8;EUR/USD;0.000113760668129498;194
8;EUR/USD;-0.000118215820280291;195
8;EUR/USD;-0.000202773935392291;196
8;EUR/USD;2.9159407189078E-06;197
8;EUR/USD;0.000743775036255285;198
8;EUR/USD;-0.000229045801364021;199
8;EUR/USD;5.25489912886689E-05;200
8;EUR/USD;-0.000354984297857352;201
8;EUR/USD;-0.00052701722132007;202
8;EUR/USD;-0.000619376444534632;203
8;EUR/USD;-0.000700433917030827;204
8;EUR/USD;-0.00100813376233071;205
8;EUR/USD;-0.000748551563961567;206
8;EUR/USD;-0.000607571683016422;207
8;EUR/USD;-0.000266453933371837;208
8;EUR/USD;-0.000168528427160348;209
8;EUR/USD;-1.17353674670612E-05;210
8;EUR/USD;-0.00023936534336316;211
8;EUR/USD;-0.000709457598166549;212
8;EUR/USD;-0.000557479382132376;213
8;EUR/USD;-0.000575531515481764;214
8;EUR/USD;-0.0003082999340589;215
8;EUR/USD;0.000256976015441803;216
8;EUR/USD;0.000277913634178453;217
8;EUR/USD;-0.00025431549569164;218
8;EUR/USD;0.000286504583480401;219
8;EUR/USD;0.000120440345279118;220
8;EUR/USD;-7.77921711254249E-05;221
8;EUR/USD;-0.000121999173306665;222
8;EUR/USD;-0.000400503708184783;223
8;EUR/USD;0.000560068395206105;224
8;EUR/USD;0.000258261466890132;225
8;EUR/USD;0.000356421360798875;226
8;EUR/USD;0.000163138739429277;227
8;EUR/USD;0.000338713558808437;228
8;EUR/USD;-0.0016805030082845;229
8;EUR/USD;-0.001460032387699;230
8;EUR/USD;-0.00145165308015307;231
8;EUR/USD;-0.00114773071547908;232
8;EUR/USD;-0.000994204988625576;233
8;EUR/USD;6.64292442399287E-05;234
8;EUR/USD;-4.13656577876057E-05;235
8;EUR/USD;-0.000193465746914357;236
8;EUR/USD;-2.95517007010796E-06;237
8;EUR/USD;0.00074979977564266;238
8;EUR/USD;0.000234540110737956;239
8;EUR/USD;0.000181649701799723;240
8;EUR/USD;0.000392643234191153;241
8;EUR/USD;0.000796314416045758;242
8;EUR/USD;0.000613391377763047;243
8;EUR/USD;0.000643203321470889;244
8;EUR/USD;0.000657284505815605;245
8;EUR/USD;0.000419835534506366;246
8;EUR/USD;4.85610123677723E-05;247
8;EUR/USD;-0.000255718802978431;248
8;EUR/USD;0.00018213466003198;249
