5;GBP/JPY;0;-109
12;GBP/JPY;0;-109
8;GBP/JPY;0.8;0
5;GBP/JPY;0;-108
12;GBP/JPY;0;-108
8;GBP/JPY;0.578491799496666;1
5;GBP/JPY;0;-107
12;GBP/JPY;0;-107
8;GBP/JPY;0.378533035429346;2
5;GBP/JPY;0;-106
12;GBP/JPY;0;-106
8;GBP/JPY;0.17856052132855;3
5;GBP/JPY;0;-105
12;GBP/JPY;0;-105
8;GBP/JPY;-0.0219841741078826;4
5;GBP/JPY;0;-104
12;GBP/JPY;0;-104
8;GBP/JPY;-0.0237835772210636;5
5;GBP/JPY;0;-103
12;GBP/JPY;0;-103
8;GBP/JPY;-0.00304505270340875;6
5;GBP/JPY;0;-102
12;GBP/JPY;0;-102
8;GBP/JPY;-0.00249976603097064;7
5;GBP/JPY;0;-101
12;GBP/JPY;0;-101
8;GBP/JPY;-0.00380704036258262;8
5;GBP/JPY;0;-100
12;GBP/JPY;0;-100
8;GBP/JPY;-0.00287172321809372;9
5;GBP/JPY;0;-99
12;GBP/JPY;0;-99
8;GBP/JPY;-0.000831331674049893;10
5;GBP/JPY;0;-98
12;GBP/JPY;0;-98
8;GBP/JPY;-0.000194338029610188;11
5;GBP/JPY;0;-97
12;GBP/JPY;0;-97
8;GBP/JPY;-0.000686577288251029;12
5;GBP/JPY;0;-96
12;GBP/JPY;0;-96
8;GBP/JPY;0.000946668783459879;13
5;GBP/JPY;0;-95
12;GBP/JPY;0;-95
8;GBP/JPY;-0.000975061996772463;14
5;GBP/JPY;0;-94
12;GBP/JPY;0;-94
8;GBP/JPY;-0.00143038322027314;15
5;GBP/JPY;0;-93
12;GBP/JPY;0;-93
8;GBP/JPY;-0.000537448261795389;16
5;GBP/JPY;0;-92
12;GBP/JPY;0;-92
8;GBP/JPY;-0.000385561935977007;17
5;GBP/JPY;0;-91
12;GBP/JPY;0;-91
8;GBP/JPY;-0.00130297416707905;18
5;GBP/JPY;0;-90
12;GBP/JPY;0;-90
8;GBP/JPY;0.000237488731105916;19
5;GBP/JPY;0;-89
12;GBP/JPY;0;-89
8;GBP/JPY;0.000893291868721944;20
5;GBP/JPY;0;-88
12;GBP/JPY;0;-88
8;GBP/JPY;-0.000347018445732745;21
5;GBP/JPY;0;-87
12;GBP/JPY;0;-87
8;GBP/JPY;-0.00021465237711421;22
5;GBP/JPY;0;-86
12;GBP/JPY;0;-86
8;GBP/JPY;0.000657209903212532;23
5;GBP/JPY;0;-85
12;GBP/JPY;0;-85
8;GBP/JPY;0.000441470344978167;24
5;GBP/JPY;0;-84
12;GBP/JPY;0;-84
8;GBP/JPY;0.000336870160275907;25
5;GBP/JPY;0;-83
12;GBP/JPY;0;-83
8;GBP/JPY;0.00116137031834872;26
5;GBP/JPY;0;-82
12;GBP/JPY;0;-82
8;GBP/JPY;0.00130998484749499;27
5;GBP/JPY;0;-81
12;GBP/JPY;0;-81
8;GBP/JPY;0.000605101932438884;28
5;GBP/JPY;0;-80
12;GBP/JPY;0;-80
8;GBP/JPY;0.00141128914733706;29
5;GBP/JPY;0;-79
12;GBP/JPY;0;-79
8;GBP/JPY;0.000792724717832428;30
5;GBP/JPY;0;-78
12;GBP/JPY;0;-78
8;GBP/JPY;0.00044712220117712;31
5;GBP/JPY;0;-77
12;GBP/JPY;0;-77
8;GBP/JPY;3.1306616485391E-05;32
5;GBP/JPY;0;-76
12;GBP/JPY;0;-76
8;GBP/JPY;0.000766544389836148;33
5;GBP/JPY;0;-75
12;GBP/JPY;0;-75
8;GBP/JPY;2.89583955237859E-05;34
5;GBP/JPY;0;-74
12;GBP/JPY;0;-74
8;GBP/JPY;0.000102058569915405;35
5;GBP/JPY;0;-73
12;GBP/JPY;0;-73
8;GBP/JPY;0.000144954852910616;36
5;GBP/JPY;0;-72
12;GBP/JPY;0;-72
8;GBP/JPY;0.000265329629826452;37
5;GBP/JPY;0;-71
12;GBP/JPY;0;-71
8;GBP/JPY;0.000109927942110379;38
5;GBP/JPY;0;-70
12;GBP/JPY;0;-70
8;GBP/JPY;0.000219946887635012;39
5;GBP/JPY;0;-69
12;GBP/JPY;0;-69
8;GBP/JPY;-3.82658608811776E-05;40
5;GBP/JPY;0;-68
12;GBP/JPY;0;-68
8;GBP/JPY;-0.000991266006997078;41
5;GBP/JPY;0;-67
12;GBP/JPY;0;-67
8;GBP/JPY;-0.00157394173658382;42
5;GBP/JPY;0;-66
12;GBP/JPY;0;-66
8;GBP/JPY;-0.00168679337709515;43
5;GBP/JPY;0;-65
12;GBP/JPY;0;-65
8;GBP/JPY;-0.00259567717794066;44
5;GBP/JPY;0;-64
12;GBP/JPY;0;-64
8;GBP/JPY;-0.00236225285327853;45
5;GBP/JPY;0;-63
12;GBP/JPY;0;-63
8;GBP/JPY;-0.00195268550667788;46
5;GBP/JPY;0;-62
12;GBP/JPY;0;-62
8;GBP/JPY;-0.00240564327723223;47
5;GBP/JPY;0;-61
12;GBP/JPY;0;-61
8;GBP/JPY;-0.0032543609198976;48
5;GBP/JPY;0;-60
12;GBP/JPY;0;-60
8;GBP/JPY;-0.00194454727910106;49
5;GBP/JPY;0;-59
12;GBP/JPY;0;-59
8;GBP/JPY;-0.00107306999389277;50
5;GBP/JPY;0;-58
12;GBP/JPY;0;-58
8;GBP/JPY;-0.000471117767562277;51
5;GBP/JPY;0;-57
12;GBP/JPY;0;-57
8;GBP/JPY;0.000968553425265232;52
5;GBP/JPY;0;-56
12;GBP/JPY;0;-56
8;GBP/JPY;0.00219225831972196;53
5;GBP/JPY;0;-55
12;GBP/JPY;0;-55
8;GBP/JPY;0.00265824875017161;54
5;GBP/JPY;0;-54
12;GBP/JPY;0;-54
8;GBP/JPY;0.0019839452695197;55
5;GBP/JPY;0;-53
12;GBP/JPY;0;-53
8;GBP/JPY;0.00208800775074888;56
5;GBP/JPY;0;-52
12;GBP/JPY;0;-52
8;GBP/JPY;0.00118368505650952;57
5;GBP/JPY;0;-51
12;GBP/JPY;0;-51
8;GBP/JPY;0.000776077223591251;58
5;GBP/JPY;0;-50
12;GBP/JPY;0;-50
8;GBP/JPY;-0.000501665170748148;59
5;GBP/JPY;0;-49
12;GBP/JPY;0;-49
8;GBP/JPY;-1.05134352965679E-05;60
5;GBP/JPY;0;-48
12;GBP/JPY;0;-48
8;GBP/JPY;-0.000315321167304612;61
5;GBP/JPY;0;-47
12;GBP/JPY;0;-47
8;GBP/JPY;0.000550774874759573;62
5;GBP/JPY;0;-46
12;GBP/JPY;0;-46
8;GBP/JPY;1.05142950627826E-05;63
5;GBP/JPY;0;-45
12;GBP/JPY;0;-45
8;GBP/JPY;0.000277299243823658;64
5;GBP/JPY;0;-44
12;GBP/JPY;0;-44
8;GBP/JPY;-0.000974303550458384;65
5;GBP/JPY;0;-43
12;GBP/JPY;0;-43
8;GBP/JPY;-0.000565317635828428;66
5;GBP/JPY;0;-42
12;GBP/JPY;0;-42
8;GBP/JPY;-0.00134224768222566;67
5;GBP/JPY;0;-41
12;GBP/JPY;0;-41
8;GBP/JPY;-0.000851107459049332;68
5;GBP/JPY;0;-40
12;GBP/JPY;0;-40
8;GBP/JPY;-0.000857711626421707;69
5;GBP/JPY;0;-39
12;GBP/JPY;0;-39
8;GBP/JPY;0.00150745520475042;70
5;GBP/JPY;0;-38
12;GBP/JPY;0;-38
8;GBP/JPY;0.000964640554404459;71
5;GBP/JPY;0;-37
12;GBP/JPY;0;-37
8;GBP/JPY;0.000922302470747799;72
5;GBP/JPY;0;-36
12;GBP/JPY;0;-36
8;GBP/JPY;0.000788013395794233;73
5;GBP/JPY;0;-35
12;GBP/JPY;0;-35
8;GBP/JPY;0.000371892328799887;74
5;GBP/JPY;0;-34
12;GBP/JPY;0;-34
8;GBP/JPY;-0.000598581005781307;75
5;GBP/JPY;0;-33
12;GBP/JPY;0;-33
8;GBP/JPY;-0.000359588438265756;76
5;GBP/JPY;0;-32
12;GBP/JPY;0;-32
8;GBP/JPY;-0.0005074423665285;77
5;GBP/JPY;0;-31
12;GBP/JPY;0;-31
8;GBP/JPY;1.51911307241087E-05;78
5;GBP/JPY;0;-30
12;GBP/JPY;0;-30
8;GBP/JPY;0.000696169725734915;79
5;GBP/JPY;0;-29
12;GBP/JPY;0;-29
8;GBP/JPY;0.000860552406856367;80
5;GBP/JPY;0;-28
12;GBP/JPY;0;-28
