5;NZD/JPY;0;-109
12;NZD/JPY;0;-109
8;NZD/JPY;0.804167353344412;0
5;NZD/JPY;0;-108
12;NZD/JPY;0;-108
8;NZD/JPY;0.60465740236331;1
5;NZD/JPY;0;-107
12;NZD/JPY;0;-107
8;NZD/JPY;0.403703939633211;2
5;NZD/JPY;0;-106
12;NZD/JPY;0;-106
8;NZD/JPY;0.202985847729274;3
5;NZD/JPY;0;-105
12;NZD/JPY;0;-105
8;NZD/JPY;0.00377815802166857;4
5;NZD/JPY;84.634;-104
12;NZD/JPY;0;-104
8;NZD/JPY;-0.00192788827900116;5
5;NZD/JPY;0;-103
12;NZD/JPY;0;-103
8;NZD/JPY;-0.00189750782519896;6
5;NZD/JPY;0;-102
12;NZD/JPY;0;-102
8;NZD/JPY;-0.00122859656644041;7
5;NZD/JPY;0;-101
12;NZD/JPY;0;-101
8;NZD/JPY;0.000481336813329095;8
5;NZD/JPY;0;-100
12;NZD/JPY;0;-100
8;NZD/JPY;0.000460928430076814;9
5;NZD/JPY;0;-99
12;NZD/JPY;0;-99
8;NZD/JPY;0.00255410555172369;10
5;NZD/JPY;0;-98
12;NZD/JPY;0;-98
8;NZD/JPY;0.00228730180760126;11
5;NZD/JPY;0;-97
12;NZD/JPY;0;-97
8;NZD/JPY;0.00236436524852806;12
5;NZD/JPY;0;-96
12;NZD/JPY;0;-96
8;NZD/JPY;0.000204275883029409;13
5;NZD/JPY;0;-95
12;NZD/JPY;0;-95
8;NZD/JPY;-0.000386737573249054;14
5;NZD/JPY;0;-94
12;NZD/JPY;0;-94
8;NZD/JPY;-0.000316329718385948;15
5;NZD/JPY;0;-93
12;NZD/JPY;0;-93
8;NZD/JPY;-0.00041519154080752;16
5;NZD/JPY;0;-92
12;NZD/JPY;0;-92
8;NZD/JPY;-0.000681612730047721;17
5;NZD/JPY;0;-91
12;NZD/JPY;0;-91
8;NZD/JPY;0.000396349543014641;18
5;NZD/JPY;0;-90
12;NZD/JPY;0;-90
8;NZD/JPY;0.000291859264469012;19
5;NZD/JPY;0;-89
12;NZD/JPY;0;-89
8;NZD/JPY;-0.000666620990741532;20
5;NZD/JPY;0;-88
12;NZD/JPY;0;-88
8;NZD/JPY;-0.000196362686075094;21
5;NZD/JPY;0;-87
12;NZD/JPY;0;-87
8;NZD/JPY;0.000508541454269641;22
5;NZD/JPY;0;-86
12;NZD/JPY;0;-86
8;NZD/JPY;0.000513390041859297;23
5;NZD/JPY;0;-85
12;NZD/JPY;0;-85
8;NZD/JPY;0.000649362474169461;24
5;NZD/JPY;0;-84
12;NZD/JPY;0;-84
8;NZD/JPY;0.00158191218977191;25
5;NZD/JPY;0;-83
12;NZD/JPY;0;-83
8;NZD/JPY;0.000917781873670062;26
5;NZD/JPY;0;-82
12;NZD/JPY;0;-82
8;NZD/JPY;0.000412815884299327;27
5;NZD/JPY;0;-81
12;NZD/JPY;0;-81
8;NZD/JPY;0.000730807063033948;28
5;NZD/JPY;0;-80
12;NZD/JPY;0;-80
8;NZD/JPY;-0.000210061017792792;29
5;NZD/JPY;0;-79
12;NZD/JPY;0;-79
8;NZD/JPY;-0.000825190180404626;30
5;NZD/JPY;0;-78
12;NZD/JPY;0;-78
8;NZD/JPY;-0.000848455379856548;31
5;NZD/JPY;0;-77
12;NZD/JPY;0;-77
8;NZD/JPY;-0.00039203942170425;32
5;NZD/JPY;0;-76
12;NZD/JPY;0;-76
8;NZD/JPY;-0.000696166030644582;33
5;NZD/JPY;0;-75
12;NZD/JPY;0;-75
8;NZD/JPY;-0.000355991263558643;34
5;NZD/JPY;0;-74
12;NZD/JPY;0;-74
8;NZD/JPY;-0.000536583995379998;35
5;NZD/JPY;0;-73
12;NZD/JPY;0;-73
8;NZD/JPY;-0.000344558547426745;36
5;NZD/JPY;0;-72
12;NZD/JPY;0;-72
8;NZD/JPY;-0.000263328135610841;37
5;NZD/JPY;0;-71
12;NZD/JPY;0;-71
8;NZD/JPY;-0.000353620366352556;38
5;NZD/JPY;0;-70
12;NZD/JPY;0;-70
8;NZD/JPY;-0.000556057910150764;39
5;NZD/JPY;0;-69
12;NZD/JPY;0;-69
8;NZD/JPY;-8.10752910991826E-05;40
5;NZD/JPY;0;-68
12;NZD/JPY;0;-68
8;NZD/JPY;-0.000155129407693008;41
5;NZD/JPY;0;-67
12;NZD/JPY;0;-67
8;NZD/JPY;-0.000562464565705831;42
5;NZD/JPY;0;-66
12;NZD/JPY;0;-66
8;NZD/JPY;-0.000669660292544307;43
5;NZD/JPY;0;-65
12;NZD/JPY;0;-65
8;NZD/JPY;-0.000345998751064601;44
5;NZD/JPY;0;-64
12;NZD/JPY;0;-64
8;NZD/JPY;0.000266266919780703;45
5;NZD/JPY;0;-63
12;NZD/JPY;0;-63
8;NZD/JPY;0.0002106688931526;46
5;NZD/JPY;0;-62
12;NZD/JPY;0;-62
8;NZD/JPY;-0.000306200621178129;47
5;NZD/JPY;0;-61
12;NZD/JPY;0;-61
8;NZD/JPY;0.000447461193203985;48
5;NZD/JPY;0;-60
12;NZD/JPY;0;-60
8;NZD/JPY;0.00134810109229919;49
5;NZD/JPY;0;-59
12;NZD/JPY;0;-59
8;NZD/JPY;0.00056608497868893;50
5;NZD/JPY;0;-58
12;NZD/JPY;0;-58
8;NZD/JPY;0.00136971042885186;51
5;NZD/JPY;0;-57
12;NZD/JPY;0;-57
8;NZD/JPY;0.00241593698653785;52
5;NZD/JPY;0;-56
12;NZD/JPY;0;-56
8;NZD/JPY;0.00207807242074948;53
5;NZD/JPY;0;-55
12;NZD/JPY;0;-55
8;NZD/JPY;0.00120143981255575;54
5;NZD/JPY;0;-54
12;NZD/JPY;0;-54
8;NZD/JPY;0.000826604447384757;55
5;NZD/JPY;0;-53
12;NZD/JPY;0;-53
8;NZD/JPY;3.90627245194053E-05;56
5;NZD/JPY;0;-52
12;NZD/JPY;0;-52
8;NZD/JPY;-7.11143744552825E-05;57
5;NZD/JPY;0;-51
12;NZD/JPY;0;-51
8;NZD/JPY;-0.00010316309740943;58
5;NZD/JPY;0;-50
12;NZD/JPY;0;-50
8;NZD/JPY;6.19475630307659E-05;59
5;NZD/JPY;0;-49
12;NZD/JPY;0;-49
8;NZD/JPY;0.000204396846194499;60
5;NZD/JPY;0;-48
12;NZD/JPY;0;-48
8;NZD/JPY;0.000605643959033043;61
5;NZD/JPY;0;-47
12;NZD/JPY;0;-47
8;NZD/JPY;-0.000153785247637014;62
5;NZD/JPY;0;-46
12;NZD/JPY;0;-46
8;NZD/JPY;-0.000551103703546903;63
5;NZD/JPY;0;-45
12;NZD/JPY;0;-45
8;NZD/JPY;-0.000915101901140325;64
5;NZD/JPY;0;-44
12;NZD/JPY;0;-44
8;NZD/JPY;-6.88638046175468E-06;65
5;NZD/JPY;0;-43
12;NZD/JPY;0;-43
8;NZD/JPY;-0.000610239177708194;66
5;NZD/JPY;0;-42
12;NZD/JPY;0;-42
8;NZD/JPY;-0.00115601933823999;67
5;NZD/JPY;0;-41
12;NZD/JPY;0;-41
8;NZD/JPY;-0.00108135166905629;68
5;NZD/JPY;0;-40
12;NZD/JPY;0;-40
8;NZD/JPY;-0.00113009666128677;69
5;NZD/JPY;0;-39
12;NZD/JPY;0;-39
8;NZD/JPY;-0.00236219127577793;70
5;NZD/JPY;0;-38
12;NZD/JPY;0;-38
8;NZD/JPY;-0.00213436378392714;71
5;NZD/JPY;0;-37
12;NZD/JPY;0;-37
8;NZD/JPY;-0.0013393631332297;72
5;NZD/JPY;0;-36
12;NZD/JPY;0;-36
8;NZD/JPY;-0.00185812343509481;73
5;NZD/JPY;0;-35
12;NZD/JPY;0;-35
8;NZD/JPY;-0.0008896078217366;74
5;NZD/JPY;0;-34
12;NZD/JPY;0;-34
8;NZD/JPY;-0.000330105964541364;75
5;NZD/JPY;0;-33
12;NZD/JPY;0;-33
8;NZD/JPY;-0.000369584903382466;76
5;NZD/JPY;0;-32
12;NZD/JPY;0;-32
8;NZD/JPY;4.64948683383298E-05;77
5;NZD/JPY;0;-31
12;NZD/JPY;0;-31
8;NZD/JPY;0.00219306804541013;78
5;NZD/JPY;0;-30
12;NZD/JPY;0;-30
8;NZD/JPY;0.00273053620190015;79
5;NZD/JPY;0;-29
12;NZD/JPY;0;-29
8;NZD/JPY;0.00248099969307643;80
5;NZD/JPY;0;-28
12;NZD/JPY;0;-28
8;NZD/JPY;0.00217051371324209;81
5;NZD/JPY;0;-27
12;NZD/JPY;0;-27
8;NZD/JPY;0.00156520323277093;82
5;NZD/JPY;0;-26
12;NZD/JPY;0;-26
8;NZD/JPY;5.76924190393181E-05;83
5;NZD/JPY;0;-25
12;NZD/JPY;0;-25
8;NZD/JPY;-0.00111222056627635;84
5;NZD/JPY;0;-24
12;NZD/JPY;0;-24
8;NZD/JPY;-0.0011823239488905;85
5;NZD/JPY;0;-23
12;NZD/JPY;0;-23
8;NZD/JPY;2.53145622357365E-05;86
5;NZD/JPY;0;-22
12;NZD/JPY;0;-22
8;NZD/JPY;0.00041241165909679;87
5;NZD/JPY;0;-21
12;NZD/JPY;0;-21
8;NZD/JPY;-6.23085315803593E-05;88
5;NZD/JPY;0;-20
12;NZD/JPY;0;-20
8;NZD/JPY;0.00022386210586656;89
5;NZD/JPY;0;-19
12;NZD/JPY;0;-19
8;NZD/JPY;0.000860355271295377;90
5;NZD/JPY;0;-18
12;NZD/JPY;0;-18
8;NZD/JPY;-0.00117937253581433;91
5;NZD/JPY;0;-17
12;NZD/JPY;0;-17
8;NZD/JPY;-0.00119811292493576;92
5;NZD/JPY;0;-16
12;NZD/JPY;0;-16
8;NZD/JPY;-0.000371946995034349;93
5;NZD/JPY;0;-15
12;NZD/JPY;0;-15
8;NZD/JPY;-0.000751042230289005;94
5;NZD/JPY;0;-14
12;NZD/JPY;0;-14
8;NZD/JPY;-0.00286990876469549;95
5;NZD/JPY;0;-13
12;NZD/JPY;0;-13
8;NZD/JPY;-0.00176935721912454;96
5;NZD/JPY;0;-12
12;NZD/JPY;0;-12
8;NZD/JPY;-0.00159939480560744;97
5;NZD/JPY;0;-11
12;NZD/JPY;0;-11
8;NZD/JPY;-0.00233052991733592;98
5;NZD/JPY;0;-10
12;NZD/JPY;0;-10
8;NZD/JPY;-0.00460910327621637;99
5;NZD/JPY;0;-9
12;NZD/JPY;0;-9
8;NZD/JPY;-0.00282642025218224;100
5;NZD/JPY;0;-8
12;NZD/JPY;0;-8
8;NZD/JPY;-0.00293834057531682;101
5;NZD/JPY;0;-7
12;NZD/JPY;0;-7
8;NZD/JPY;-0.00388631733259478;102
5;NZD/JPY;0;-6
12;NZD/JPY;0;-6
8;NZD/JPY;-0.00269443645658378;103
5;NZD/JPY;0;-5
12;NZD/JPY;0;-5
8;NZD/JPY;0.000730752079653129;104
5;NZD/JPY;0;-4
12;NZD/JPY;0;-4
8;NZD/JPY;0.000716257790706607;105
5;NZD/JPY;0;-3
12;NZD/JPY;0;-3
8;NZD/JPY;0.000369366381371228;106
5;NZD/JPY;0;-2
12;NZD/JPY;0;-2
8;NZD/JPY;0.00149841850313813;107
5;NZD/JPY;0;-1
12;NZD/JPY;0;-1
8;NZD/JPY;0.0001682853365149;108
5;NZD/JPY;0;0
12;NZD/JPY;0;0
8;NZD/JPY;0.000558676042616588;109
5;NZD/JPY;0;1
12;NZD/JPY;0;1
8;NZD/JPY;0.00063374320483048;110
5;NZD/JPY;86.68;2
12;NZD/JPY;0;2
8;NZD/JPY;0.00190228741619239;111
5;NZD/JPY;0;3
12;NZD/JPY;0;3
8;NZD/JPY;0.000535469238485606;112
5;NZD/JPY;0;4
12;NZD/JPY;0;4
8;NZD/JPY;0.00129648997824391;113
5;NZD/JPY;0;5
12;NZD/JPY;0;5
8;NZD/JPY;0.000866742796281555;114
5;NZD/JPY;0;6
12;NZD/JPY;0;6
8;NZD/JPY;0.00109079024071408;115
5;NZD/JPY;85.367;7
12;NZD/JPY;0;7
8;NZD/JPY;-4.68685923991607E-05;116
5;NZD/JPY;0;8
12;NZD/JPY;0;8
8;NZD/JPY;0.000240141288415371;117
5;NZD/JPY;0;9
12;NZD/JPY;0;9
8;NZD/JPY;-0.00116385769637113;118
5;NZD/JPY;0;10
12;NZD/JPY;0;10
8;NZD/JPY;-0.00237425793790896;119
5;NZD/JPY;0;11
12;NZD/JPY;0;11
8;NZD/JPY;-0.00364743139708476;120
5;NZD/JPY;86.818;12
12;NZD/JPY;0;12
8;NZD/JPY;-0.00384047009520831;121
5;NZD/JPY;0;13
12;NZD/JPY;0;13
8;NZD/JPY;-0.00349861764883632;122
5;NZD/JPY;86.027;14
12;NZD/JPY;0;14
8;NZD/JPY;-0.00172634202673388;123
5;NZD/JPY;0;15
12;NZD/JPY;0;15
8;NZD/JPY;-0.00162414714393792;124
5;NZD/JPY;0;16
12;NZD/JPY;0;16
8;NZD/JPY;-0.000723189980717438;125
5;NZD/JPY;0;17
12;NZD/JPY;0;17
8;NZD/JPY;0.000748787673109296;126
5;NZD/JPY;0;18
12;NZD/JPY;0;18
8;NZD/JPY;8.85744907978075E-05;127
5;NZD/JPY;0;19
12;NZD/JPY;0;19
8;NZD/JPY;-0.000463843170765084;128
5;NZD/JPY;0;20
12;NZD/JPY;0;20
8;NZD/JPY;-0.00183522786649873;129
5;NZD/JPY;0;21
12;NZD/JPY;0;21
8;NZD/JPY;-0.00284884862548174;130
5;NZD/JPY;0;22
12;NZD/JPY;0;22
8;NZD/JPY;-0.00320793849200409;131
5;NZD/JPY;0;23
12;NZD/JPY;0;23
8;NZD/JPY;-0.00178381575092381;132
5;NZD/JPY;0;24
12;NZD/JPY;0;24
8;NZD/JPY;-0.0010873048844131;133
5;NZD/JPY;0;25
12;NZD/JPY;0;25
8;NZD/JPY;-0.000321211494994219;134
5;NZD/JPY;0;26
12;NZD/JPY;0;26
8;NZD/JPY;0.000344109036567453;135
5;NZD/JPY;0;27
12;NZD/JPY;0;27
8;NZD/JPY;-0.000899357300401662;136
5;NZD/JPY;87.214;28
12;NZD/JPY;87.214;28
8;NZD/JPY;-0.00307586060020358;137
5;NZD/JPY;0;29
12;NZD/JPY;0;29
8;NZD/JPY;-0.00347163503952394;138
5;NZD/JPY;0;30
12;NZD/JPY;0;30
8;NZD/JPY;-0.00196014515071092;139
5;NZD/JPY;0;31
12;NZD/JPY;0;31
8;NZD/JPY;-0.000615937244178952;140
5;NZD/JPY;0;32
12;NZD/JPY;0;32
8;NZD/JPY;0.000800165949789523;141
5;NZD/JPY;0;33
12;NZD/JPY;0;33
8;NZD/JPY;0.00299132413051635;142
5;NZD/JPY;0;34
12;NZD/JPY;0;34
8;NZD/JPY;0.00406282529960362;143
5;NZD/JPY;0;35
12;NZD/JPY;0;35
8;NZD/JPY;0.0040376612162517;144
5;NZD/JPY;0;36
12;NZD/JPY;0;36
8;NZD/JPY;0.00213071226504247;145
5;NZD/JPY;0;37
12;NZD/JPY;0;37
8;NZD/JPY;0.000905410459147623;146
5;NZD/JPY;0;38
12;NZD/JPY;0;38
8;NZD/JPY;0.0010697660701104;147
5;NZD/JPY;0;39
12;NZD/JPY;0;39
8;NZD/JPY;-0.00069230006266164;148
5;NZD/JPY;85.852;40
12;NZD/JPY;85.852;40
8;NZD/JPY;-0.000975956759765667;149
5;NZD/JPY;0;41
12;NZD/JPY;0;41
8;NZD/JPY;0.000537537969216247;150
5;NZD/JPY;0;42
12;NZD/JPY;0;42
8;NZD/JPY;0.00143779310450902;151
5;NZD/JPY;0;43
12;NZD/JPY;0;43
8;NZD/JPY;0.000571086170871635;152
5;NZD/JPY;0;44
12;NZD/JPY;0;44
8;NZD/JPY;0.00139177736593569;153
5;NZD/JPY;0;45
12;NZD/JPY;0;45
8;NZD/JPY;0.00253192126489203;154
5;NZD/JPY;0;46
12;NZD/JPY;0;46
8;NZD/JPY;0.00210025113649405;155
5;NZD/JPY;0;47
12;NZD/JPY;0;47
8;NZD/JPY;0.00115663087892876;156
5;NZD/JPY;0;48
12;NZD/JPY;0;48
8;NZD/JPY;0.00103482913052979;157
5;NZD/JPY;0;49
12;NZD/JPY;0;49
8;NZD/JPY;0.00101372318233141;158
5;NZD/JPY;0;50
12;NZD/JPY;0;50
8;NZD/JPY;-9.73391993478726E-05;159
5;NZD/JPY;0;51
12;NZD/JPY;0;51
8;NZD/JPY;0.000688908903661592;160
5;NZD/JPY;0;52
12;NZD/JPY;0;52
8;NZD/JPY;0.00166944889204653;161
5;NZD/JPY;0;53
12;NZD/JPY;0;53
8;NZD/JPY;0.00227303454569052;162
5;NZD/JPY;87.415;54
12;NZD/JPY;87.415;54
8;NZD/JPY;0.00161134494034597;163
5;NZD/JPY;0;55
12;NZD/JPY;0;55
8;NZD/JPY;0.000517016770785209;164
5;NZD/JPY;86.959;56
12;NZD/JPY;0;56
8;NZD/JPY;-0.000634372610013339;165
5;NZD/JPY;0;57
12;NZD/JPY;0;57
8;NZD/JPY;-0.000971558469470322;166
5;NZD/JPY;0;58
12;NZD/JPY;0;58
8;NZD/JPY;-0.00095441894349552;167
5;NZD/JPY;0;59
12;NZD/JPY;0;59
8;NZD/JPY;-0.000723499116196912;168
5;NZD/JPY;0;60
12;NZD/JPY;0;60
8;NZD/JPY;0.000898038824653906;169
5;NZD/JPY;87.355;61
12;NZD/JPY;0;61
8;NZD/JPY;0.00156570898992089;170
5;NZD/JPY;0;62
12;NZD/JPY;0;62
8;NZD/JPY;0.00168010709932839;171
5;NZD/JPY;0;63
12;NZD/JPY;0;63
8;NZD/JPY;0.00163672438373299;172
5;NZD/JPY;0;64
12;NZD/JPY;0;64
8;NZD/JPY;0.00241325611687143;173
5;NZD/JPY;0;65
12;NZD/JPY;0;65
8;NZD/JPY;0.000858809693589539;174
5;NZD/JPY;0;66
12;NZD/JPY;0;66
8;NZD/JPY;0.00133635486112173;175
5;NZD/JPY;0;67
12;NZD/JPY;0;67
8;NZD/JPY;0.00121585193922285;176
5;NZD/JPY;0;68
12;NZD/JPY;0;68
8;NZD/JPY;0.000269926163366537;177
5;NZD/JPY;0;69
12;NZD/JPY;0;69
8;NZD/JPY;-0.000391203896214642;178
5;NZD/JPY;0;70
12;NZD/JPY;0;70
8;NZD/JPY;4.69566238213391E-06;179
5;NZD/JPY;0;71
12;NZD/JPY;0;71
8;NZD/JPY;-0.000854707159046021;180
5;NZD/JPY;0;72
12;NZD/JPY;0;72
8;NZD/JPY;-0.00171227897996821;181
5;NZD/JPY;0;73
12;NZD/JPY;0;73
8;NZD/JPY;-0.000693152006396892;182
5;NZD/JPY;0;74
12;NZD/JPY;0;74
8;NZD/JPY;-0.000834152049506453;183
5;NZD/JPY;85.517;75
12;NZD/JPY;85.517;75
8;NZD/JPY;0.000379982991615996;184
5;NZD/JPY;0;76
12;NZD/JPY;0;76
8;NZD/JPY;0.000461761343350999;185
5;NZD/JPY;0;77
12;NZD/JPY;0;77
8;NZD/JPY;0.000820439226847757;186
5;NZD/JPY;0;78
12;NZD/JPY;0;78
8;NZD/JPY;-0.000209593020188579;187
5;NZD/JPY;87.213;79
12;NZD/JPY;87.213;79
8;NZD/JPY;0.000388137240077182;188
5;NZD/JPY;0;80
12;NZD/JPY;0;80
8;NZD/JPY;-0.000187555694337802;189
5;NZD/JPY;0;81
12;NZD/JPY;0;81
8;NZD/JPY;-0.000755310938406369;190
5;NZD/JPY;0;82
12;NZD/JPY;0;82
8;NZD/JPY;6.33323369647003E-05;191
