8;USD/CAD;0.8;0
8;USD/CAD;0.571616915267076;1
8;USD/CAD;0.371331176763152;2
8;USD/CAD;0.171579341410854;3
8;USD/CAD;-0.0282891809637802;4
8;USD/CAD;-0.0285334225302257;5
8;USD/CAD;0.000289082495141211;6
8;USD/CAD;0.000711707768114868;7
8;USD/CAD;0.00018967582820282;8
8;USD/CAD;0.000182047673397764;9
8;USD/CAD;-0.000150450889583315;10
8;USD/CAD;-0.000763029736428446;11
8;USD/CAD;-0.000986552034933165;12
8;USD/CAD;-0.000434078107117553;13
8;USD/CAD;-0.000795095147398295;14
8;USD/CAD;-0.000289936980081609;15
8;USD/CAD;0.000378119954043679;16
8;USD/CAD;0.0010446537038905;17
8;USD/CAD;0.000413429070329809;18
8;USD/CAD;0.000789467289501235;19
8;USD/CAD;0.00111789338535492;20
8;USD/CAD;0.00058739398060356;21
8;USD/CAD;0.000424940607359087;22
8;USD/CAD;0.00169734921605451;23
8;USD/CAD;0.00194342129272777;24
8;USD/CAD;0.00186670632562086;25
8;USD/CAD;0.00225652114908265;26
8;USD/CAD;0.0022074601916453;27
8;USD/CAD;0.00102672393994144;28
8;USD/CAD;0.00061400099236389;29
8;USD/CAD;0.000583839200965178;30
8;USD/CAD;0.000545854392264412;31
8;USD/CAD;0.000476595341355528;32
8;USD/CAD;0.000497537999635258;33
8;USD/CAD;0.00108610590437703;34
8;USD/CAD;0.000980344344225363;35
8;USD/CAD;0.000780109152996979;36
8;USD/CAD;0.000118049602704237;37
8;USD/CAD;0.000370960034373322;38
8;USD/CAD;-0.000263595722929699;39
8;USD/CAD;6.44493042750505E-05;40
