8;USD/CHF;-0.00616543328479543;5
8;USD/CHF;0.00206901860281913;6
8;USD/CHF;0.00167510778551632;7
8;USD/CHF;0.00121547027387516;8
8;USD/CHF;0.000386911831418848;9
8;USD/CHF;0.000199733705015626;10
8;USD/CHF;0.000751318182129529;11
8;USD/CHF;0.00118860533896525;12
8;USD/CHF;0.00127883767109773;13
8;USD/CHF;0.00125563035950668;14
8;USD/CHF;0.000938293543007136;15
8;USD/CHF;0.000106153593469083;16
8;USD/CHF;-0.000203512825594688;17
8;USD/CHF;-0.000289626024094503;18
8;USD/CHF;-0.000468555098220177;19
8;USD/CHF;-6.18272155075516E-05;20
8;USD/CHF;0.000326952675732025;21
8;USD/CHF;0.000667278588868724;22
8;USD/CHF;0.00116259516978044;23
8;USD/CHF;0.00103289826682348;24
8;USD/CHF;0.000819862961719275;25
8;USD/CHF;0.000559878691283877;26
8;USD/CHF;0.000612288077191485;27
8;USD/CHF;0.000393352688257218;28
8;USD/CHF;9.46360107672158E-05;29
8;USD/CHF;0.000281328002253827;30
8;USD/CHF;0.000652679695156536;31
8;USD/CHF;0.000551215602866448;32
8;USD/CHF;-0.000384554227986319;33
8;USD/CHF;0.000118781829872009;34
8;USD/CHF;-0.000318721664137093;35
8;USD/CHF;-0.000694506192394893;36
8;USD/CHF;-0.00112159692243999;37
8;USD/CHF;-0.000605797389026114;38
8;USD/CHF;-0.000722579157099889;39
8;USD/CHF;-0.000321433751475387;40
8;USD/CHF;-0.0013519535442601;41
8;USD/CHF;-0.000813233830998466;42
8;USD/CHF;-0.000981976980996386;43
8;USD/CHF;-0.00121087050889494;44
8;USD/CHF;-0.00128427322522491;45
8;USD/CHF;0.000126303898013775;46
8;USD/CHF;-0.000137338300629812;47
8;USD/CHF;-0.000632873270705875;48
8;USD/CHF;-0.000319989401948718;49
8;USD/CHF;-0.000321805732098818;50
8;USD/CHF;-0.000321456154421907;51
8;USD/CHF;-0.000226149060745305;52
8;USD/CHF;0.000333340818071069;53
8;USD/CHF;0.000776863782799386;54
8;USD/CHF;0.000598809482689254;55
8;USD/CHF;0.00101801662722046;56
8;USD/CHF;0.000794824729186485;57
8;USD/CHF;0.00144470453801179;58
8;USD/CHF;0.00147657528514415;59
8;USD/CHF;0.00124289133984734;60
8;USD/CHF;0.000678743654659159;61
8;USD/CHF;0.000732246076005113;62
8;USD/CHF;0.000248946690363922;63
8;USD/CHF;-0.000484368356518751;64
8;USD/CHF;-0.000486964043298836;65
8;USD/CHF;-0.000965919112948204;66
8;USD/CHF;-0.000763182909681914;67
8;USD/CHF;-0.00069694934942869;68
8;USD/CHF;-0.000280147619606359;69
8;USD/CHF;6.39678842561353E-05;70
8;USD/CHF;0.000990117406998009;71
8;USD/CHF;0.00136768858237917;72
8;USD/CHF;0.00137392514772828;73
8;USD/CHF;0.00125429510659391;74
8;USD/CHF;0.000807761763151105;75
8;USD/CHF;0.000237427892681955;76
8;USD/CHF;-0.000399868308528452;77
8;USD/CHF;-0.000533916637239348;78
8;USD/CHF;-0.000184350014698347;79
8;USD/CHF;0.000294120927907213;80
8;USD/CHF;0.000335874422419459;81
8;USD/CHF;0.00126497366149987;82
8;USD/CHF;0.000509778346749539;83
8;USD/CHF;-0.000160347061113655;84
8;USD/CHF;-0.000250194811458265;85
8;USD/CHF;-0.000465545469110528;86
8;USD/CHF;-0.000748810333375001;87
8;USD/CHF;-0.000127322822524771;88
8;USD/CHF;-3.07661880200608E-05;89
8;USD/CHF;0.000144887773199015;90
8;USD/CHF;0.000562032467166323;91
8;USD/CHF;7.01831348358001E-05;92
8;USD/CHF;-0.000886919413573145;93
8;USD/CHF;-0.0014292391929155;94
8;USD/CHF;-0.00252859036114859;95
8;USD/CHF;-0.003269068708785;96
8;USD/CHF;-0.00309377923380995;97
8;USD/CHF;-0.00176569799816505;98
8;USD/CHF;-0.00124119877240751;99
8;USD/CHF;-0.00161776170608686;100
8;USD/CHF;-0.000716626597621143;101
8;USD/CHF;-0.000691571335251647;102
8;USD/CHF;-0.00110006246221775;103
8;USD/CHF;-0.000669307334447319;104
8;USD/CHF;0.000492291416405473;105
8;USD/CHF;0.000654219233045828;106
8;USD/CHF;0.000314849925183123;107
8;USD/CHF;0.000781599922837542;108
8;USD/CHF;0.000323778226852588;109
8;USD/CHF;0.000310415158760667;110
8;USD/CHF;0.000133706230118803;111
8;USD/CHF;0.000719389184113969;112
8;USD/CHF;0.000307336036604039;113
8;USD/CHF;0.000305433769657195;114
8;USD/CHF;0.000752818386289281;115
8;USD/CHF;0.000551706077133739;116
8;USD/CHF;-0.00010674257502978;117
8;USD/CHF;-0.000242711720585961;118
8;USD/CHF;-0.000446045436173277;119
8;USD/CHF;-0.00115712291380341;120
8;USD/CHF;-0.00115408929098369;121
8;USD/CHF;-0.000684058444122815;122
8;USD/CHF;2.89627439364056E-05;123
8;USD/CHF;0.000904434599895475;124
8;USD/CHF;0.00182515511657999;125
8;USD/CHF;0.0018260904554815;126
8;USD/CHF;0.00145000690734128;127
8;USD/CHF;0.000977812319166581;128
8;USD/CHF;0.000712198526145114;129
8;USD/CHF;-9.75134100253535E-05;130
8;USD/CHF;0.000541721123877749;131
8;USD/CHF;0.00117980104397017;132
8;USD/CHF;0.000959817840554369;133
8;USD/CHF;0.000941261390237716;134
8;USD/CHF;0.00108547534807051;135
8;USD/CHF;-0.000346974831906353;136
8;USD/CHF;-0.00114878092514527;137
8;USD/CHF;-0.00126820138427884;138
8;USD/CHF;-0.00132921715192947;139
8;USD/CHF;-0.00091707294503432;140
8;USD/CHF;-0.000434012570674223;141
8;USD/CHF;0.000351962725241175;142
8;USD/CHF;0.00077781015118049;143
8;USD/CHF;0.000666818666099771;144
8;USD/CHF;0.000230215852757512;145
8;USD/CHF;0.000365430395836678;146
8;USD/CHF;3.75946086015551E-05;147
8;USD/CHF;7.51829829962233E-05;148
8;USD/CHF;-0.000239001533266341;149
8;USD/CHF;-0.000154923818429773;150
8;USD/CHF;3.09755072858539E-05;151
8;USD/CHF;4.42243056802932E-06;152
8;USD/CHF;-0.000114997183525854;153
8;USD/CHF;0.000205823950177173;154
8;USD/CHF;-0.000914277161935341;155
8;USD/CHF;-0.000744739481665807;156
8;USD/CHF;-0.000828699862815941;157
8;USD/CHF;-0.000804615983910655;158
8;USD/CHF;-0.000760166467222757;159
8;USD/CHF;0.000566368128844349;160
8;USD/CHF;-0.00054256618000769;161
8;USD/CHF;-0.00069841482037299;162
8;USD/CHF;-0.000373482834959073;163
8;USD/CHF;-0.000426780636740162;164
8;USD/CHF;-0.00100501606718672;165
8;USD/CHF;-0.000198270164884854;166
8;USD/CHF;-0.000220707512519162;167
8;USD/CHF;-0.00044107345707923;168
8;USD/CHF;-0.000467836470634456;169
8;USD/CHF;-0.000477593513864936;170
8;USD/CHF;-0.000423932240344029;171
8;USD/CHF;-0.000120488652051599;172
8;USD/CHF;-0.00049569640540609;173
8;USD/CHF;0.000300877616293763;174
8;USD/CHF;0.000736000116903533;175
8;USD/CHF;0.000668956606362411;176
8;USD/CHF;0.000428074719743124;177
8;USD/CHF;0.00147232276276021;178
8;USD/CHF;0.000680318137477088;179
8;USD/CHF;0.000435860830521295;180
8;USD/CHF;0.000522457625125993;181
8;USD/CHF;6.45775465029658E-05;182
8;USD/CHF;-0.000858465867452642;183
8;USD/CHF;-0.0015843123106684;184
8;USD/CHF;-0.00133951210872581;185
8;USD/CHF;-0.00145738806444601;186
8;USD/CHF;-0.00106708591121183;187
8;USD/CHF;-0.00111302613879836;188
8;USD/CHF;-0.000589234030447169;189
8;USD/CHF;-0.000597981419823758;190
8;USD/CHF;-0.000252891217751264;191
8;USD/CHF;-0.000412283501177766;192
8;USD/CHF;-0.0002152732046968;193
8;USD/CHF;-0.000114463343995077;194
8;USD/CHF;2.91566441219284E-05;195
8;USD/CHF;-0.00031600362918522;196
8;USD/CHF;-6.72906000700758E-06;197
8;USD/CHF;7.6269096238218E-05;198
8;USD/CHF;0.000192978731214988;199
8;USD/CHF;8.96861001575853E-05;200
8;USD/CHF;-4.48591422953311E-06;201
8;USD/CHF;-0.000269348218120668;202
8;USD/CHF;-0.000766254328978847;203
8;USD/CHF;-0.000741515561739105;204
8;USD/CHF;-0.000984260590333264;205
8;USD/CHF;-0.000892452179698569;206
8;USD/CHF;-0.000670454534158904;207
8;USD/CHF;-4.72847840893643E-05;208
8;USD/CHF;-0.000135116881236903;209
8;USD/CHF;6.75698509754807E-05;210
8;USD/CHF;0.000276928836396321;211
8;USD/CHF;-8.3401426922143E-05;212
8;USD/CHF;0.000137320124480443;213
8;USD/CHF;0.0006881437046895;214
8;USD/CHF;0.000434154385213344;215
8;USD/CHF;8.09798573671139E-05;216
8;USD/CHF;0.000513380825216269;217
8;USD/CHF;8.5496047109835E-05;218
8;USD/CHF;-0.00016619690797025;219
8;USD/CHF;-4.49418003705169E-06;220
8;USD/CHF;-0.000270060467054108;221
8;USD/CHF;-0.000529163386621438;222
8;USD/CHF;-0.000387274117360409;223
8;USD/CHF;-0.000632360004041484;224
8;USD/CHF;-0.00060313540853655;225
8;USD/CHF;9.45626495157796E-05;226
8;USD/CHF;0.000610103188749125;227
8;USD/CHF;0.00034678054557657;228
8;USD/CHF;0.000308553407708564;229
8;USD/CHF;0.000367049018482699;230
8;USD/CHF;-0.000374008760760767;231
8;USD/CHF;-0.000567267705023526;232
8;USD/CHF;-0.000186826495676601;233
8;USD/CHF;-0.000371674047554426;234
8;USD/CHF;-0.000457225427607813;235
8;USD/CHF;0.000130757269576246;236
8;USD/CHF;9.91627528962875E-05;237
8;USD/CHF;-6.98233588748666E-05;238
8;USD/CHF;0.00107707875738513;239
8;USD/CHF;0.000908918625664353;240
8;USD/CHF;0.000737850500011347;241
8;USD/CHF;0.00054227100627554;242
8;USD/CHF;0.000699383973600143;243
8;USD/CHF;-0.000287253191211433;244
8;USD/CHF;-0.000363971432093186;245
8;USD/CHF;-0.000544126249061936;246
8;USD/CHF;-0.000384613340453866;247
8;USD/CHF;-0.000568766576576104;248
8;USD/CHF;-0.000780807112160612;249
8;USD/CHF;-0.00174363900977435;250
8;USD/CHF;-0.00169126551900677;251
8;USD/CHF;-0.00235295499423197;252
8;USD/CHF;-0.00194781394211881;253
8;USD/CHF;-0.00170038439252478;254
8;USD/CHF;-0.000199725394203922;255
8;USD/CHF;-2.72495033064463E-05;256
8;USD/CHF;0.000568692731983091;257
8;USD/CHF;0.000798612566121849;258
8;USD/CHF;0.000753484618687545;259
8;USD/CHF;0.000734369981588463;260
8;USD/CHF;0.000623537319243555;261
8;USD/CHF;0.000843232729750994;262
8;USD/CHF;0.000711973764715322;263
8;USD/CHF;0.0010055098146074;264
8;USD/CHF;0.00074746181743559;265
8;USD/CHF;0.000883223048339663;266
8;USD/CHF;0.000657156191459453;267
8;USD/CHF;0.000250283292433204;268
8;USD/CHF;-0.000128513698457819;269
8;USD/CHF;8.11267616757611E-05;270
8;USD/CHF;1.12691928470588E-05;271
8;USD/CHF;0.000245596475346591;272
8;USD/CHF;0.000130654176569419;273
8;USD/CHF;-4.73679760862953E-05;274
8;USD/CHF;-0.00134962278630736;275
8;USD/CHF;-0.00157708289055854;276
8;USD/CHF;-0.00180732637906155;277
8;USD/CHF;-0.00191653189908632;278
8;USD/CHF;-0.00185615655642135;279
8;USD/CHF;-0.00118758169435793;280
8;USD/CHF;-0.000320554787426507;281
8;USD/CHF;-0.000650917776072949;282
8;USD/CHF;-0.000411946592602125;283
8;USD/CHF;-0.000325864724319938;284
8;USD/CHF;-5.47713868571558E-05;285
8;USD/CHF;-0.000182103766194669;286
8;USD/CHF;0.000177733229579389;287
8;USD/CHF;4.78384429728493E-05;288
8;USD/CHF;0.000189202911422314;289
8;USD/CHF;0.00052882947577363;290
8;USD/CHF;0.00039813685162851;291
8;USD/CHF;0.000302694148985619;292
8;USD/CHF;5.69356119014746E-05;293
8;USD/CHF;5.69537710092741E-05;294
8;USD/CHF;-0.000227772297899656;295
8;USD/CHF;-0.000407246393875574;296
8;USD/CHF;-0.000234377248997641;297
8;USD/CHF;-0.000350981241932549;298
8;USD/CHF;-0.000794258652646489;299
8;USD/CHF;-0.000858752703979338;300
8;USD/CHF;-0.000903904757043822;301
8;USD/CHF;-0.000901380407237448;302
8;USD/CHF;-0.0013159523157069;303
8;USD/CHF;-0.000783649781291266;304
8;USD/CHF;-0.000272556056451076;305
8;USD/CHF;0.000182936602359004;306
8;USD/CHF;0.000121180946289262;307
8;USD/CHF;0.000984919016953437;308
8;USD/CHF;0.00106930698413636;309
8;USD/CHF;0.000281711155270457;310
8;USD/CHF;-0.000881921495023153;311
8;USD/CHF;-0.000576837637918713;312
8;USD/CHF;-0.000675177589084668;313
8;USD/CHF;-0.00062669447341117;314
8;USD/CHF;0.000144137554641973;315
8;USD/CHF;0.000961903671489953;316
8;USD/CHF;3.43821809463721E-05;317
8;USD/CHF;0.000190195767010533;318
8;USD/CHF;0.000105348741113701;319
8;USD/CHF;-0.000414389296287526;320
8;USD/CHF;-0.000466632567145906;321
8;USD/CHF;0.000107692574678765;322
8;USD/CHF;0.000254075833450441;323
8;USD/CHF;-5.72478664766629E-05;324
8;USD/CHF;0.000126010233908048;325
8;USD/CHF;9.61604524328595E-05;326
8;USD/CHF;0.00019003899518573;327
8;USD/CHF;-0.000114408624953594;328
8;USD/CHF;0.000340955329338981;329
8;USD/CHF;0.00172179924184607;330
8;USD/CHF;0.00184100002342648;331
8;USD/CHF;0.00165688568337183;332
8;USD/CHF;0.00153902159937268;333
8;USD/CHF;0.00241799145558365;334
8;USD/CHF;0.000587258730564298;335
8;USD/CHF;0.000480241257375913;336
8;USD/CHF;0.000530396067690009;337
8;USD/CHF;0.000560221279324257;338
8;USD/CHF;-0.000393429405696038;339
8;USD/CHF;-0.000101909676263858;340
8;USD/CHF;-4.07304325621486E-05;341
8;USD/CHF;-0.00026048896321283;342
8;USD/CHF;-0.000174475592980969;343
8;USD/CHF;-0.000119991626825549;344
8;USD/CHF;7.92675687123271E-05;345
8;USD/CHF;0.000589780954470104;346
8;USD/CHF;0.000400785855280231;347
8;USD/CHF;-0.000381203174106657;348
8;USD/CHF;-0.000528365945392449;349
8;USD/CHF;-0.000555533867757369;350
8;USD/CHF;-0.00133343637464451;351
8;USD/CHF;-0.000183310809499268;352
8;USD/CHF;0.00127688910068484;353
8;USD/CHF;0.000451352263186904;354
8;USD/CHF;0.000517036401111549;355
8;USD/CHF;0.000702916691081932;356
8;USD/CHF;0.000305424741064814;357
8;USD/CHF;3.61051563656815E-05;358
8;USD/CHF;0.000599469974831318;359
8;USD/CHF;0.000280635096005044;360
8;USD/CHF;0.000305338391141473;361
8;USD/CHF;0.000185289811015913;362
8;USD/CHF;-5.86741894194468E-05;363
8;USD/CHF;0.000101618559992913;364
8;USD/CHF;0.000505957692616052;365
8;USD/CHF;0.000354511933404596;366
8;USD/CHF;0.000230243135064699;367
8;USD/CHF;0.000164695407424115;368
8;USD/CHF;0.000241419213114005;369
8;USD/CHF;0.000160103737726556;370
8;USD/CHF;8.34559810010369E-05;371
8;USD/CHF;-9.0241508853708E-06;372
8;USD/CHF;1.35305791139075E-05;373
8;USD/CHF;0.000112712889447485;374
8;USD/CHF;-0.00023907530334856;375
8;USD/CHF;-0.000666362337910394;376
8;USD/CHF;-0.000544457770852761;377
8;USD/CHF;-0.000657289781904342;378
8;USD/CHF;-0.000706630753312254;379
8;USD/CHF;-0.000372715110775589;380
8;USD/CHF;-0.000199209967912532;381
8;USD/CHF;-0.000210498935814883;382
8;USD/CHF;-0.00031699316043934;383
8;USD/CHF;-0.000244401981103599;384
8;USD/CHF;-0.000287351494955794;385
8;USD/CHF;-3.17107975929789E-05;386
8;USD/CHF;2.03805501793066E-05;387
8;USD/CHF;0.000289841996291471;388
8;USD/CHF;0.000847339214065001;389
8;USD/CHF;0.00077512907541564;390
8;USD/CHF;0.000831874609878396;391
8;USD/CHF;0.000890185719667047;392
8;USD/CHF;0.000729536266476391;393
8;USD/CHF;-6.76551847236218E-05;394
8;USD/CHF;0.00121426454862589;395
8;USD/CHF;0.00107987978748868;396
8;USD/CHF;0.000832369063052227;397
8;USD/CHF;0.00111960724039276;398
8;USD/CHF;0.00145404518268586;399
8;USD/CHF;0.000172546130375299;400
8;USD/CHF;9.64552707386027E-05;401
8;USD/CHF;0.000181760055593785;402
8;USD/CHF;-0.000103155206018325;403
8;USD/CHF;-0.000226288721468219;404
8;USD/CHF;-0.000518085616793131;405
8;USD/CHF;-0.000622168318597326;406
8;USD/CHF;-0.000903697248358529;407
8;USD/CHF;-0.000948828112895209;408
8;USD/CHF;-0.000997822147504255;409
8;USD/CHF;-0.000663581810285674;410
8;USD/CHF;-0.000676018896120581;411
8;USD/CHF;-0.000453384505032216;412
8;USD/CHF;-0.000878635802978498;413
8;USD/CHF;-0.000977919751311498;414
8;USD/CHF;-0.000860303787187203;415
8;USD/CHF;-0.000494940673290393;416
8;USD/CHF;-0.000601585834600081;417
8;USD/CHF;-4.98069981406482E-05;418
8;USD/CHF;-0.000394325468807659;419
8;USD/CHF;-0.0010208965200888;420
8;USD/CHF;-0.00087080891363664;421
8;USD/CHF;-0.00080114945961079;422
8;USD/CHF;-0.0010374420973845;423
8;USD/CHF;-0.000736339365662535;424
8;USD/CHF;-0.000788515150825969;425
8;USD/CHF;-0.00084494497459996;426
8;USD/CHF;-0.000765559895321806;427
8;USD/CHF;-0.000510477596215725;428
8;USD/CHF;-0.000723064112633885;429
8;USD/CHF;0.000120985924808899;430
8;USD/CHF;-0.000344924162221291;431
8;USD/CHF;-7.53471973475843E-05;432
8;USD/CHF;0.000104936584212278;433
8;USD/CHF;0.00034931316349514;434
8;USD/CHF;1.82556706803995E-05;435
8;USD/CHF;0.000916961951131601;436
8;USD/CHF;0.000611091318177271;437
8;USD/CHF;0.000648926142094464;438
8;USD/CHF;0.000828601556258847;439
8;USD/CHF;0.000935650257750431;440
8;USD/CHF;0.000511395877219942;441
8;USD/CHF;0.000634195938606478;442
8;USD/CHF;0.000156792354745895;443
8;USD/CHF;2.04439750080038E-05;444
8;USD/CHF;-2.95278385590276E-05;445
8;USD/CHF;-0.000183951912952596;446
8;USD/CHF;-0.000611430119183163;447
8;USD/CHF;-0.000209083800277035;448
8;USD/CHF;0.000192978985940319;449
8;USD/CHF;0.000365383953248892;450
8;USD/CHF;0.000276998920389614;451
8;USD/CHF;0.000350266769840702;452
8;USD/CHF;-2.95620832710792E-05;453
8;USD/CHF;-0.00065916641097985;454
8;USD/CHF;-0.000192821388617826;455
8;USD/CHF;0.000414780377475616;456
8;USD/CHF;0.000642076976712268;457
8;USD/CHF;0.000860060213329618;458
8;USD/CHF;0.000940355159861732;459
8;USD/CHF;0.000290295562725156;460
8;USD/CHF;-1.58501033170185E-05;461
8;USD/CHF;9.28510380324812E-05;462
8;USD/CHF;1.13217587249993E-05;463
8;USD/CHF;0.000163089651712395;464
8;USD/CHF;-0.000113346560132117;465
8;USD/CHF;2.71708366771106E-05;466
8;USD/CHF;0.000393571789848072;467
8;USD/CHF;0.000389078775409581;468
8;USD/CHF;0.000447812015652885;469
8;USD/CHF;0.000640696030786996;470
8;USD/CHF;0.000264722391283395;471
8;USD/CHF;-0.000239669917325283;472
8;USD/CHF;2.03379489353556E-05;473
8;USD/CHF;-7.23057637828545E-05;474
8;USD/CHF;-1.13019252860205E-05;475
8;USD/CHF;-0.000178705752528992;476
8;USD/CHF;-1.94180609092154E-17;477
8;USD/CHF;-0.000794716527339303;478
8;USD/CHF;-0.000475156346221184;479
8;USD/CHF;-0.000341619381155657;480
8;USD/CHF;-6.7904798126255E-05;481
8;USD/CHF;-0.000310188156162365;482
8;USD/CHF;7.25837556450408E-05;483
8;USD/CHF;-2.94515776949702E-05;484
8;USD/CHF;-0.000353545174728579;485
8;USD/CHF;-0.000326264346416822;486
8;USD/CHF;-0.000206303613302964;487
8;USD/CHF;-2.04115189182197E-05;488
8;USD/CHF;-0.000333331520858491;489
8;USD/CHF;-2.72216866523734E-05;490
8;USD/CHF;-0.000245048019220208;491
8;USD/CHF;-9.98275726325098E-05;492
8;USD/CHF;-0.000217852585278954;493
8;USD/CHF;0.000151995515508022;494
8;USD/CHF;-0.000729558699173389;495
8;USD/CHF;-0.00053652247602555;496
8;USD/CHF;-0.000140750752128606;497
8;USD/CHF;-9.5385176226613E-05;498
8;USD/CHF;-0.000369981663179078;499
8;USD/CHF;0.000277591370971944;500
8;USD/CHF;0.000220694071049009;501
8;USD/CHF;-0.000104492023502472;502
8;USD/CHF;0.000922417821564704;503
8;USD/CHF;0.000716643431959305;504
8;USD/CHF;0.000839527014096042;505
8;USD/CHF;0.00095957173564241;506
8;USD/CHF;0.000789152459299862;507
8;USD/CHF;-0.000842927015901018;508
8;USD/CHF;-0.000775722257174761;509
8;USD/CHF;-0.000723598818136671;510
8;USD/CHF;-0.000829999036850728;511
8;USD/CHF;-0.000823237752146597;512
8;USD/CHF;-0.00047741943486992;513
8;USD/CHF;-0.000304760230909632;514
8;USD/CHF;-0.00010455971506956;515
8;USD/CHF;-0.0001386686726878;516
8;USD/CHF;-0.000204633837001353;517
8;USD/CHF;0.00018655656632554;518
8;USD/CHF;0.000370654720795053;519
8;USD/CHF;-0.000161493023064291;520
8;USD/CHF;-0.000113734592028192;521
8;USD/CHF;-0.000257225978855955;522
8;USD/CHF;-0.000416579081503512;523
8;USD/CHF;-0.000669041551458357;524
8;USD/CHF;-0.000307424357297285;525
8;USD/CHF;-0.000366665440868594;526
8;USD/CHF;-0.000138994121130319;527
8;USD/CHF;1.59506895909653E-05;528
8;USD/CHF;0.00010254949662084;529
8;USD/CHF;-4.55845652635864E-05;530
8;USD/CHF;-0.000616417733944158;531
8;USD/CHF;-0.000932157640777083;532
8;USD/CHF;-0.000776221238264151;533
8;USD/CHF;-0.000885937218317633;534
8;USD/CHF;-0.00073076960462224;535
8;USD/CHF;-0.000132663919135919;536
8;USD/CHF;5.95319874341195E-05;537
8;USD/CHF;8.00443685178096E-05;538
8;USD/CHF;0.000429758654805372;539
8;USD/CHF;0.000429650617168929;540
8;USD/CHF;0.000489048085809785;541
8;USD/CHF;0.000505307711793885;542
8;USD/CHF;0.000112008323545693;543
8;USD/CHF;-0.000656439465585296;544
8;USD/CHF;0.000515276162815161;545
8;USD/CHF;0.000792729801600876;546
8;USD/CHF;0.000961354122827722;547
8;USD/CHF;0.00125295137158509;548
8;USD/CHF;0.00176769259488032;549
8;USD/CHF;0.00127788710227318;550
8;USD/CHF;0.00143619867579541;551
8;USD/CHF;0.00146275290591645;552
8;USD/CHF;0.00134894022448518;553
8;USD/CHF;0.0014638653984052;554
8;USD/CHF;0.00048134256730092;555
8;USD/CHF;0.00019627861856573;556
8;USD/CHF;0.000245759828904621;557
8;USD/CHF;0.00025247974498212;558
8;USD/CHF;0.000114935408338607;559
8;USD/CHF;0.000333773179413678;560
8;USD/CHF;-2.70614633899168E-05;561
8;USD/CHF;0.000456896119840818;562
8;USD/CHF;0.000371377071209452;563
8;USD/CHF;0.000553468528793365;564
8;USD/CHF;0.000465899007113246;565
8;USD/CHF;0.000430294219023068;566
8;USD/CHF;-5.84604665260166E-05;567
8;USD/CHF;-6.7461589064162E-06;568
8;USD/CHF;-0.000148341281636476;569
8;USD/CHF;3.37186627977397E-05;570
8;USD/CHF;0.000166462347505728;571
8;USD/CHF;-2.02402973247333E-05;572
8;USD/CHF;0.000756399144146944;573
8;USD/CHF;0.0011210666004998;574
8;USD/CHF;-3.29597460435593E-18;575
8;USD/CHF;0.000278626685365674;576
8;USD/CHF;0.000292161145086783;577
8;USD/CHF;-0.000520418871687589;578
8;USD/CHF;-0.000927795128956634;579
8;USD/CHF;0.000327898380054758;580
8;USD/CHF;7.18406940351323E-05;581
8;USD/CHF;0.00033657953462687;582
8;USD/CHF;0.000354570232676194;583
8;USD/CHF;0.000240205213489588;584
8;USD/CHF;-1.57088918018712E-05;585
8;USD/CHF;6.05955197615337E-05;586
8;USD/CHF;-0.00011661677144968;587
8;USD/CHF;-2.01801640369501E-05;588
8;USD/CHF;0.000105419577958764;589
8;USD/CHF;0.000177214491587938;590
8;USD/CHF;0.000399022751112496;591
8;USD/CHF;9.86801549561652E-05;592
8;USD/CHF;-5.15807830803795E-05;593
8;USD/CHF;1.36717893950422E-17;594
8;USD/CHF;-6.95211457805287E-05;595
8;USD/CHF;-0.00035863593502692;596
8;USD/CHF;-0.000302923266876901;597
8;USD/CHF;0.000347352644554457;598
8;USD/CHF;0.000725214273737978;599
8;USD/CHF;0.000354081553630679;600
8;USD/CHF;0.000425808636672667;601
8;USD/CHF;0.000708346215779833;602
8;USD/CHF;-2.46309555442917E-05;603
8;USD/CHF;-0.000391378615852762;604
8;USD/CHF;0.00034004482464501;605
8;USD/CHF;0.000174543512689426;606
8;USD/CHF;0.000163280835314874;607
8;USD/CHF;0.000398201514062333;608
8;USD/CHF;0.000319869436217494;609
8;USD/CHF;0.000176505756271246;610
8;USD/CHF;0.000370958116583873;611
8;USD/CHF;0.00022345622024437;612
8;USD/CHF;0.000185407546855454;613
8;USD/CHF;0.000305969250587412;614
8;USD/CHF;-0.000113928931534571;615
8;USD/CHF;-0.000149641258830551;616
8;USD/CHF;-0.000236871536068316;617
8;USD/CHF;-0.000270350323525719;618
8;USD/CHF;-0.000359617919192708;619
8;USD/CHF;-0.000118465539492248;620
8;USD/CHF;-1.11717488843208E-05;621
8;USD/CHF;0.000310557333964369;622
8;USD/CHF;0.000714182853019152;623
8;USD/CHF;0.000482320731262588;624
8;USD/CHF;0.000482363815370144;625
8;USD/CHF;0.000383950115128466;626
8;USD/CHF;0.000370250694016395;627
8;USD/CHF;0.000131399464652458;628
8;USD/CHF;0.000345394364553783;629
8;USD/CHF;0.000334291713851212;630
8;USD/CHF;0.000325333761600896;631
8;USD/CHF;-1.11421233573302E-05;632
8;USD/CHF;-4.67594063685554E-05;633
8;USD/CHF;-0.000307483265966197;634
8;USD/CHF;-0.000262929247520917;635
8;USD/CHF;-0.000109128367730806;636
8;USD/CHF;0.000120302095546947;637
8;USD/CHF;-0.000102463583120538;638
8;USD/CHF;6.68944795393241E-06;639
8;USD/CHF;-0.000102591554058252;640
8;USD/CHF;-0.000736501116854052;641
8;USD/CHF;-0.000579898032033952;642
8;USD/CHF;-0.000477369786516208;643
8;USD/CHF;-0.000265519838631642;644
8;USD/CHF;0.000296479637883962;645
8;USD/CHF;0.000638457530060595;646
8;USD/CHF;0.000595487451280243;647
8;USD/CHF;0.000686695953578267;648
8;USD/CHF;0.000639772278562292;649
8;USD/CHF;0.000124702166286366;650
8;USD/CHF;0.000258374946839504;651
8;USD/CHF;-0.000334325242506529;652
8;USD/CHF;-0.000472407827184348;653
8;USD/CHF;-0.000425543926382701;654
8;USD/CHF;-0.000374340000993033;655
8;USD/CHF;-0.00015587597515638;656
8;USD/CHF;0.000214032526613564;657
8;USD/CHF;-0.000136135649919866;658
8;USD/CHF;-0.000263354685257569;659
8;USD/CHF;9.14214376888372E-05;660
8;USD/CHF;-0.000200590644774882;661
8;USD/CHF;-6.90896333419451E-05;662
8;USD/CHF;-1.78607309622705E-05;663
8;USD/CHF;0.000715604149740904;664
8;USD/CHF;-0.00060728565620132;665
8;USD/CHF;-0.00114273885399394;666
8;USD/CHF;-0.00120285648868045;667
8;USD/CHF;-0.00095563856432314;668
8;USD/CHF;-0.0015929752382914;669
8;USD/CHF;-0.00027298565469732;670
8;USD/CHF;0.000463696900792771;671
8;USD/CHF;0.000338335626644885;672
8;USD/CHF;0.000389968522663786;673
8;USD/CHF;0.000427975403486747;674
8;USD/CHF;-1.80628081936085E-17;675
8;USD/CHF;0.000393410503050361;676
8;USD/CHF;0.000895725587385845;677
8;USD/CHF;0.000893606624839442;678
8;USD/CHF;0.00078187929087019;679
8;USD/CHF;0.000889188238572718;680
8;USD/CHF;0.000339141963056147;681
8;USD/CHF;0.000538627938010739;682
8;USD/CHF;0.00052536120944795;683
8;USD/CHF;0.000481010353112513;684
8;USD/CHF;0.000529842915463444;685
8;USD/CHF;0.000636567527165343;686
8;USD/CHF;4.00053341779243E-05;687
8;USD/CHF;-0.000197961458166772;688
8;USD/CHF;0.000133408936674609;689
8;USD/CHF;9.33561554215185E-05;690
8;USD/CHF;-0.000108918541627516;691
8;USD/CHF;-0.000106698678800219;692
8;USD/CHF;0.000302423895738783;693
8;USD/CHF;6.88930997039534E-05;694
8;USD/CHF;-0.000389271795590614;695
8;USD/CHF;-0.000429583547181881;696
8;USD/CHF;-0.000271448955874325;697
8;USD/CHF;-0.000435991719763268;698
8;USD/CHF;-0.000843906596654414;699
8;USD/CHF;0.000271458015752117;700
8;USD/CHF;0.000716200901032425;701
8;USD/CHF;0.000418144968318935;702
8;USD/CHF;0.000460432498121397;703
8;USD/CHF;0.000706096657772928;704
8;USD/CHF;0.000166697237475461;705
8;USD/CHF;-0.000251045593288146;706
8;USD/CHF;-0.000736788461472167;707
8;USD/CHF;-0.000620831722544824;708
8;USD/CHF;-0.000538813822948139;709
8;USD/CHF;-0.00044928844517223;710
8;USD/CHF;-0.00026694254688637;711
8;USD/CHF;0.000305284034651661;712
8;USD/CHF;0.000538609955952155;713
8;USD/CHF;0.000574386769815928;714
8;USD/CHF;0.000215873390085052;715
8;USD/CHF;0.000211358890346879;716
8;USD/CHF;0.000242557790188156;717
8;USD/CHF;-0.000382664528947928;718
8;USD/CHF;-0.000438433167103711;719
8;USD/CHF;-0.000574693836572596;720
8;USD/CHF;-0.000690523812908809;721
8;USD/CHF;-0.000666069528140424;722
8;USD/CHF;-0.000957639210972782;723
8;USD/CHF;-0.000942428828556472;724
8;USD/CHF;-0.000764357764307434;725
8;USD/CHF;-0.0004490041704249;726
8;USD/CHF;-0.000536247262974525;727
8;USD/CHF;-0.000210446210117056;728
8;USD/CHF;0.000125317493722241;729
8;USD/CHF;0.000478624296058144;730
8;USD/CHF;0.000402140415419481;731
8;USD/CHF;0.000333089368394014;732
8;USD/CHF;0.0006306754789976;733
8;USD/CHF;0.000194534055999275;734
8;USD/CHF;5.80726582372118E-05;735
8;USD/CHF;-0.000230014708328902;736
8;USD/CHF;-0.000131828114324293;737
8;USD/CHF;-0.000332981433312545;738
8;USD/CHF;-8.27097514288617E-05;739
8;USD/CHF;-0.000140743601136907;740
8;USD/CHF;-0.00022580557410783;741
8;USD/CHF;-0.000299729404969468;742
8;USD/CHF;0.000295018268633834;743
8;USD/CHF;-0.00011406142852388;744
8;USD/CHF;-0.00024374293730588;745
8;USD/CHF;-2.01336651829577E-05;746
8;USD/CHF;5.59537601778623E-05;747
8;USD/CHF;-0.000357653886442129;748
8;USD/CHF;-0.000497261956931084;749
8;USD/CHF;-0.00021043914318232;750
8;USD/CHF;-0.000264162386314322;751
8;USD/CHF;-0.000268720928996626;752
8;USD/CHF;-0.000172349163189033;753
8;USD/CHF;0.00047488934098965;754
8;USD/CHF;8.73367348820464E-05;755
8;USD/CHF;0.000181369350935084;756
8;USD/CHF;0.000223959173253688;757
8;USD/CHF;-0.000255439323078533;758
8;USD/CHF;-0.000226103819155319;759
8;USD/CHF;-5.37411694177175E-05;760
8;USD/CHF;-0.000378599184481197;761
8;USD/CHF;-0.000558124258982913;762
8;USD/CHF;-0.00020638216177165;763
8;USD/CHF;-0.000437261572401074;764
8;USD/CHF;-0.000659503951196871;765
8;USD/CHF;-0.000453469119299913;766
8;USD/CHF;-0.000953979151770966;767
8;USD/CHF;-0.000980978668495617;768
8;USD/CHF;-0.000917990136797744;769
8;USD/CHF;-0.000693249397079719;770
8;USD/CHF;-0.000652822910647447;771
8;USD/CHF;-1.12769448531088E-05;772
8;USD/CHF;8.79443033591351E-05;773
8;USD/CHF;0.000133009456463801;774
8;USD/CHF;9.91828704463185E-05;775
8;USD/CHF;0.000182554765014433;776
8;USD/CHF;0.000281733042592827;777
8;USD/CHF;0.000182530082245089;778
8;USD/CHF;0.0002747562533777;779
8;USD/CHF;0.00038724360031702;780
8;USD/CHF;0.000315134391206198;781
8;USD/CHF;0.00034430194549867;782
8;USD/CHF;0.000207116262501701;783
8;USD/CHF;0.000240664442757713;784
8;USD/CHF;0.000940217263087492;785
8;USD/CHF;0.000951389046797542;786
8;USD/CHF;0.000861528748508601;787
8;USD/CHF;0.00097864464709757;788
8;USD/CHF;0.00108948115674305;789
8;USD/CHF;0.000277404966173737;790
8;USD/CHF;0.00012531749372224;791
8;USD/CHF;0.00023269345265961;792
8;USD/CHF;0.000373583093819152;793
8;USD/CHF;0.000187705316452885;794
8;USD/CHF;7.59954858885069E-05;795
8;USD/CHF;-2.01350164885486E-05;796
8;USD/CHF;-0.0002215000701844;797
8;USD/CHF;-0.000389257513733673;798
8;USD/CHF;-0.000485266155962797;799
8;USD/CHF;-0.000308631682568797;800
8;USD/CHF;0.000116307681821239;801
8;USD/CHF;0.000154404738271905;802
8;USD/CHF;-0.000147847813097113;803
8;USD/CHF;-8.50987606335831E-05;804
8;USD/CHF;-0.000221703443989528;805
8;USD/CHF;-0.00029313542619598;806
8;USD/CHF;-0.000295487159766687;807
8;USD/CHF;0.000217253777109228;808
8;USD/CHF;-0.000233087198743579;809
8;USD/CHF;-0.000367807946491945;810
8;USD/CHF;-0.000529177953206012;811
8;USD/CHF;-0.00047324028920906;812
8;USD/CHF;-0.000511033439160575;813
8;USD/CHF;0.000186043397387591;814
8;USD/CHF;0.000381251517109418;815
8;USD/CHF;0.000332021029466946;816
8;USD/CHF;0.000453077530926631;817
8;USD/CHF;0.000343074411289794;818
8;USD/CHF;-6.72246317377828E-05;819
8;USD/CHF;-1.79249616414164E-05;820
8;USD/CHF;8.51597879389621E-05;821
8;USD/CHF;-0.000154648714203484;822
8;USD/CHF;-4.70538152171416E-05;823
8;USD/CHF;2.46516553338358E-05;824
8;USD/CHF;-0.0005227705311481;825
8;USD/CHF;-0.000439634562714241;826
8;USD/CHF;-3.58776572852041E-05;827
8;USD/CHF;-0.000132258087413792;828
8;USD/CHF;-0.000177111193679378;829
8;USD/CHF;0.000428638116482878;830
8;USD/CHF;0.000249095378493047;831
8;USD/CHF;-7.62613980776491E-05;832
8;USD/CHF;0.000765435519852335;833
8;USD/CHF;0.000944274026720882;834
8;USD/CHF;0.000749588324665762;835
8;USD/CHF;0.00097097343797403;836
8;USD/CHF;0.00116318413096138;837
8;USD/CHF;0.000591092780069571;838
8;USD/CHF;0.000546177378823354;839
8;USD/CHF;0.000646636384693398;840
8;USD/CHF;0.000412465518608517;841
8;USD/CHF;0.000245193677965983;842
8;USD/CHF;-0.000109164836038908;843
8;USD/CHF;-6.90257907242821E-05;844
8;USD/CHF;-0.000236114386963475;845
8;USD/CHF;-0.000106936386538342;846
8;USD/CHF;1.11380280150237E-05;847
8;USD/CHF;-1.78284899387282E-05;848
8;USD/CHF;-0.000135894542156592;849
8;USD/CHF;9.58158571283541E-05;850
8;USD/CHF;0.000313963068054824;851
8;USD/CHF;0.000100214349450813;852
8;USD/CHF;0.000118084143950452;853
8;USD/CHF;6.68449204083776E-05;854
8;USD/CHF;0.000122488297845095;855
8;USD/CHF;-0.00010014744137817;856
8;USD/CHF;-8.01674619917342E-05;857
8;USD/CHF;2.44992956758933E-05;858
8;USD/CHF;0.000120264585704435;859
8;USD/CHF;-4.89863174758321E-05;860
8;USD/CHF;0.00031140527894982;861
8;USD/CHF;0.000698158594918116;862
8;USD/CHF;0.00093097314639737;863
8;USD/CHF;0.000866436972261042;864
8;USD/CHF;0.000893225646200731;865
8;USD/CHF;0.000526061999014351;866
8;USD/CHF;0.000430131533232386;867
8;USD/CHF;-1.33008202221605E-05;868
8;USD/CHF;5.98453998314153E-05;869
8;USD/CHF;1.55183976223562E-05;870
8;USD/CHF;2.21674194351936E-06;871
8;USD/CHF;-0.000117418350543255;872
8;USD/CHF;-0.000113092700218847;873
8;USD/CHF;-0.000206209587056942;874
8;USD/CHF;5.98453998314634E-05;875
8;USD/CHF;5.54105649326894E-05;876
8;USD/CHF;6.64816261466368E-06;877
8;USD/CHF;0.000159641701564959;878
8;USD/CHF;0.000195128456557197;879
8;USD/CHF;0.000256910028239416;880
8;USD/CHF;0.000460421666064994;881
8;USD/CHF;0.000473666375296532;882
8;USD/CHF;0.000535641484857864;883
8;USD/CHF;0.000568776353107554;884
8;USD/CHF;0.000252159424681303;885
8;USD/CHF;-9.06723592002226E-05;886
8;USD/CHF;-0.000207920920306807;887
8;USD/CHF;-8.18027570089447E-05;888
8;USD/CHF;-0.000216696723207889;889
8;USD/CHF;-9.06523112512789E-05;890
8;USD/CHF;5.30814914591499E-05;891
8;USD/CHF;0.000196866738230542;892
8;USD/CHF;0.000536634433554205;893
8;USD/CHF;0.000625128212809488;894
8;USD/CHF;0.000552120491981648;895
8;USD/CHF;0.000530041498850439;896
8;USD/CHF;0.000655560986241187;897
8;USD/CHF;0.000108036007279215;898
8;USD/CHF;0.000629776135287655;899
8;USD/CHF;0.000451604212258496;900
8;USD/CHF;0.000451634060053216;901
8;USD/CHF;0.00020483568133582;902
8;USD/CHF;0.000196079527049058;903
8;USD/CHF;-0.000136356643870798;904
8;USD/CHF;-5.9421302974076E-05;905
8;USD/CHF;-1.32040800655523E-05;906
8;USD/CHF;1.98116790009143E-05;907
8;USD/CHF;0.000127678782142116;908
8;USD/CHF;8.35844545082334E-05;909
8;USD/CHF;-0.000187182422921078;910
8;USD/CHF;-0.000873402358482445;911
8;USD/CHF;-0.00053560538300612;912
8;USD/CHF;-0.000608305150247256;913
8;USD/CHF;-0.000731447515509743;914
8;USD/CHF;-0.000443329563125579;915
8;USD/CHF;0.000373206536719979;916
8;USD/CHF;0.000145615009190312;917
8;USD/CHF;0.000136809476080608;918
8;USD/CHF;0.000123564395320629;919
8;USD/CHF;0.000214067804890404;920
8;USD/CHF;0.00024694899892965;921
8;USD/CHF;0.000548413194984314;922
8;USD/CHF;0.000768363770828537;923
8;USD/CHF;0.000594687896855156;924
8;USD/CHF;0.000561665099347906;925
8;USD/CHF;0.000407240208725429;926
8;USD/CHF;-5.05936507666706E-05;927
8;USD/CHF;0.000109839417536372;928
8;USD/CHF;3.51853278090739E-05;929
8;USD/CHF;-0.000361046692874561;930
8;USD/CHF;-0.000365377309566845;931
8;USD/CHF;-0.000400801737343048;932
8;USD/CHF;-0.000461731477481226;933
8;USD/CHF;-0.000261839182351421;934
8;USD/CHF;0.000218026878536444;935
8;USD/CHF;0.000171766452239787;936
8;USD/CHF;0.000381000737376373;937
8;USD/CHF;-8.14632573447106E-05;938
8;USD/CHF;-0.000350388216090712;939
8;USD/CHF;-0.000482620930689036;940
8;USD/CHF;-0.000798421863417386;941
8;USD/CHF;-0.000811324363190786;942
8;USD/CHF;-0.000520385731613369;943
8;USD/CHF;-0.000180943566779629;944
8;USD/CHF;-9.93130865395821E-05;945
8;USD/CHF;0.000231914813867074;946
8;USD/CHF;0.000223001154668765;947
8;USD/CHF;0.000161111457005033;948
8;USD/CHF;0.000191971417619681;949
8;USD/CHF;0.000388144087950931;950
8;USD/CHF;0.000374911895248065;951
8;USD/CHF;0.000770858147491349;952
8;USD/CHF;0.000359274274608297;953
8;USD/CHF;0.000174159388881481;954
8;USD/CHF;-2.86439828846462E-05;955
8;USD/CHF;1.32193531377412E-05;956
8;USD/CHF;-0.000162733939002731;957
8;USD/CHF;-3.9642774683538E-05;958
8;USD/CHF;5.9488072529311E-05;959
8;USD/CHF;-1.98328531374306E-05;960
8;USD/CHF;-7.71252137386754E-05;961
8;USD/CHF;-0.00032145852180023;962
8;USD/CHF;-0.000132199361443155;963
8;USD/CHF;-0.000324093793533601;964
8;USD/CHF;-0.000425778502369061;965
8;USD/CHF;-0.000244794023183664;966
8;USD/CHF;-0.00017856651961921;967
8;USD/CHF;-0.000165372179490803;968
8;USD/CHF;-0.000205310494935198;969
8;USD/CHF;-0.000220967639673037;970
8;USD/CHF;-0.000827013981630043;971
8;USD/CHF;-0.0009373290064855;972
8;USD/CHF;-0.00069606023224737;973
8;USD/CHF;-0.000595044320662371;974
8;USD/CHF;-7.07612368484967E-05;975
8;USD/CHF;0.00039182059627935;976
8;USD/CHF;0.000873359005664367;977
8;USD/CHF;0.000632079646499956;978
8;USD/CHF;0.000881978915694217;979
8;USD/CHF;0.000560979209610604;980
8;USD/CHF;0.00059842268745188;981
8;USD/CHF;3.75021371801937E-05;982
8;USD/CHF;0.00055748704353168;983
8;USD/CHF;0.000464842388725819;984
8;USD/CHF;0.000535216085146532;985
8;USD/CHF;0.000708721083219234;986
8;USD/CHF;0.000891360247332506;987
8;USD/CHF;0.000507656319109717;988
8;USD/CHF;0.000582280422063147;989
8;USD/CHF;0.000908563773788338;990
8;USD/CHF;0.00070402915131799;991
8;USD/CHF;0.000791186220634853;992
8;USD/CHF;0.000206210462607612;993
8;USD/CHF;0.000291601172018863;994
8;USD/CHF;-0.000480102827815328;995
8;USD/CHF;-0.000466882784479743;996
8;USD/CHF;-0.000593644501326719;997
8;USD/CHF;-0.000243526557476747;998
8;USD/CHF;-0.000438659195226882;999
