8;AUD/JPY;-0.00429351188660399;5
8;AUD/JPY;0.00036268610931251;6
8;AUD/JPY;0.000920786424951993;7
8;AUD/JPY;-0.000587340572151408;8
8;AUD/JPY;0.000654413056199118;9
8;AUD/JPY;-0.000297242012874488;10
8;AUD/JPY;-0.00148047400591941;11
8;AUD/JPY;-0.00158201479239828;12
8;AUD/JPY;-0.00028039538194694;13
8;AUD/JPY;-1.92169108964085E-05;14
8;AUD/JPY;0.000316472679392084;15
8;AUD/JPY;9.87537723609095E-05;16
8;AUD/JPY;-0.000401225265845578;17
8;AUD/JPY;-0.000607084905568626;18
8;AUD/JPY;-0.000883835093603323;19
8;AUD/JPY;-0.000453480980174179;20
8;AUD/JPY;0.000435223223563276;21
8;AUD/JPY;0.00114361899815475;22
8;AUD/JPY;0.000686320391253142;23
8;AUD/JPY;0.000725759337184619;24
8;AUD/JPY;-0.000216407338252695;25
8;AUD/JPY;-5.78322547363716E-05;26
8;AUD/JPY;-0.000984749112817768;27
8;AUD/JPY;-0.000119936180414452;28
8;AUD/JPY;-0.00132935019156597;29
8;AUD/JPY;-0.000124379447089069;30
8;AUD/JPY;-0.000493324288946845;31
8;AUD/JPY;-0.00205570277816214;32
8;AUD/JPY;-0.00338339313571782;33
8;AUD/JPY;-0.00213463970385488;34
8;AUD/JPY;-0.00278655319323889;35
8;AUD/JPY;-0.00331083557650089;36
8;AUD/JPY;-0.00171370205301342;37
8;AUD/JPY;-0.000244186964152545;38
8;AUD/JPY;-0.000921866501586772;39
8;AUD/JPY;-0.000361415715424817;40
8;AUD/JPY;0.00116905290434286;41
8;AUD/JPY;0.000755228557082412;42
8;AUD/JPY;0.000122130749119875;43
8;AUD/JPY;0.00231942052019453;44
8;AUD/JPY;0.00124045214539162;45
8;AUD/JPY;0.000885834082099332;46
8;AUD/JPY;-0.000305240381496062;47
8;AUD/JPY;-0.00153202110421916;48
8;AUD/JPY;-0.00455336887556522;49
8;AUD/JPY;-0.00526196011883286;50
8;AUD/JPY;-0.0072527997009003;51
8;AUD/JPY;-0.0064141528426909;52
8;AUD/JPY;-0.00312425051724815;53
8;AUD/JPY;-0.0020917022934144;54
8;AUD/JPY;-0.000694916897134849;55
8;AUD/JPY;0.00232146259190818;56
8;AUD/JPY;0.00312967444948222;57
8;AUD/JPY;0.00238689612102233;58
8;AUD/JPY;0.00228599281716112;59
8;AUD/JPY;-0.000361776824343582;60
8;AUD/JPY;-0.00185366800672209;61
8;AUD/JPY;-0.0017600060110759;62
8;AUD/JPY;-0.00160958199560276;63
8;AUD/JPY;-0.000607785643312574;64
8;AUD/JPY;0.000900992837241136;65
8;AUD/JPY;-0.00108498551189877;66
8;AUD/JPY;0.00027504630366993;67
8;AUD/JPY;-0.00109221678842206;68
8;AUD/JPY;-0.00254615923288319;69
8;AUD/JPY;-0.0030674278638719;70
8;AUD/JPY;0.00217968143538383;71
8;AUD/JPY;0.00154040406657475;72
8;AUD/JPY;0.00253193240569987;73
8;AUD/JPY;0.00178548701795764;74
8;AUD/JPY;0.00385580532891916;75
8;AUD/JPY;0.00137821555340034;76
8;AUD/JPY;0.00161663442748624;77
8;AUD/JPY;0.00142504313927627;78
8;AUD/JPY;0.00280869715799476;79
8;AUD/JPY;0.00236856034901837;80
8;AUD/JPY;0.00202563411810429;81
8;AUD/JPY;0.00164294461686741;82
8;AUD/JPY;7.23006399907928E-05;83
8;AUD/JPY;-0.000164388074681311;84
8;AUD/JPY;0.000111674963076223;85
8;AUD/JPY;0.00155251374293198;86
8;AUD/JPY;0.001724747851105;87
8;AUD/JPY;0.00253150027416146;88
8;AUD/JPY;0.00352537354938529;89
8;AUD/JPY;0.0027242956976072;90
8;AUD/JPY;0.000522049284534021;91
8;AUD/JPY;-0.00224464853270341;92
8;AUD/JPY;-0.00154382236444496;93
8;AUD/JPY;-0.00230119222161435;94
8;AUD/JPY;-0.00221925320573449;95
8;AUD/JPY;-0.00127611522950354;96
8;AUD/JPY;0.00116027063905973;97
8;AUD/JPY;0.000344102967289694;98
8;AUD/JPY;0.00042234985815364;99
8;AUD/JPY;0.00143382267128243;100
8;AUD/JPY;0.00159387584107932;101
8;AUD/JPY;0.0010411154744568;102
8;AUD/JPY;0.000742808972628137;103
8;AUD/JPY;0.000182596799849506;104
8;AUD/JPY;0.000140868732424642;105
8;AUD/JPY;-0.00127190916470447;106
8;AUD/JPY;-0.00260644621727043;107
8;AUD/JPY;-0.000823336976240747;108
8;AUD/JPY;0.000293110332491762;109
8;AUD/JPY;-0.00017772769820133;110
8;AUD/JPY;2.17368858652809E-06;111
8;AUD/JPY;0.00173922678567898;112
8;AUD/JPY;-8.92716212721448E-05;113
8;AUD/JPY;0.000420459626031925;114
8;AUD/JPY;0.000828767827525193;115
8;AUD/JPY;0.000547017793468186;116
8;AUD/JPY;0.000369027825191452;117
8;AUD/JPY;0.000463343347637606;118
8;AUD/JPY;-0.000244799397983678;119
8;AUD/JPY;-0.00210348881194432;120
8;AUD/JPY;-0.00123944426163615;121
8;AUD/JPY;-0.0022924449538965;122
8;AUD/JPY;-0.00141295573672259;123
8;AUD/JPY;-0.00168705728964586;124
8;AUD/JPY;-0.00117311374738984;125
8;AUD/JPY;-0.000830584131815509;126
8;AUD/JPY;-0.0021016495910472;127
8;AUD/JPY;-0.0019018133443291;128
8;AUD/JPY;-0.0019462842783805;129
8;AUD/JPY;-0.00134570890105853;130
8;AUD/JPY;-0.000568091846875946;131
8;AUD/JPY;0.00254648622034083;132
8;AUD/JPY;0.002234144658839;133
8;AUD/JPY;0.00238956187398488;134
8;AUD/JPY;0.00304622842427364;135
8;AUD/JPY;0.00181267810937438;136
8;AUD/JPY;0.00283843762701246;137
8;AUD/JPY;0.00428362422965236;138
8;AUD/JPY;0.0045928471271997;139
8;AUD/JPY;0.00364913020514516;140
8;AUD/JPY;0.00409995668109206;141
8;AUD/JPY;0.00161415131564045;142
8;AUD/JPY;-0.000945212743921451;143
8;AUD/JPY;-0.00151496423437705;144
8;AUD/JPY;-0.000936117684586035;145
8;AUD/JPY;-0.00114846358791294;146
8;AUD/JPY;-0.000778582484986745;147
8;AUD/JPY;-0.00194731733438312;148
8;AUD/JPY;-0.0019490239229079;149
8;AUD/JPY;-0.00210669132555911;150
8;AUD/JPY;-0.0016064689332965;151
8;AUD/JPY;8.59595775221309E-06;152
8;AUD/JPY;0.000662747105923477;153
8;AUD/JPY;-0.000714856839231777;154
8;AUD/JPY;-0.00088292683109689;155
8;AUD/JPY;-0.00172194906623473;156
8;AUD/JPY;-0.00336765205342639;157
8;AUD/JPY;-0.00088849546391218;158
8;AUD/JPY;0.00111570851209263;159
8;AUD/JPY;0.00172092142025117;160
8;AUD/JPY;0.00118068846546855;161
8;AUD/JPY;0.00230324670555021;162
8;AUD/JPY;0.00117802804907539;163
8;AUD/JPY;0.000244449883058896;164
8;AUD/JPY;-0.000320058889925557;165
8;AUD/JPY;0.000498013617074837;166
8;AUD/JPY;-0.000358950059592011;167
8;AUD/JPY;-0.000138231932758195;168
8;AUD/JPY;7.13316876965416E-05;169
8;AUD/JPY;0.000274676298276875;170
8;AUD/JPY;0.0012159927070823;171
8;AUD/JPY;0.00125136601721352;172
8;AUD/JPY;0.00137803873993002;173
8;AUD/JPY;0.00155646159508833;174
8;AUD/JPY;0.00166590505056604;175
8;AUD/JPY;0.000510921761246895;176
8;AUD/JPY;0.00127564442257728;177
8;AUD/JPY;0.00111057306403615;178
8;AUD/JPY;0.00198019306917993;179
8;AUD/JPY;0.0022719040587222;180
8;AUD/JPY;0.00148454994535819;181
8;AUD/JPY;0.0014946575125854;182
8;AUD/JPY;0.00169352980316511;183
8;AUD/JPY;0.00105461797489839;184
8;AUD/JPY;0.000590379784466381;185
8;AUD/JPY;0.0023652140512411;186
8;AUD/JPY;0.0020638537139538;187
8;AUD/JPY;0.0011624811862141;188
8;AUD/JPY;0.001697269228419;189
8;AUD/JPY;0.002108125638282;190
8;AUD/JPY;0.00118474442029152;191
8;AUD/JPY;0.00103652671764498;192
8;AUD/JPY;0.00138778805125934;193
8;AUD/JPY;0.000888096286909305;194
8;AUD/JPY;0.000444841434583682;195
8;AUD/JPY;0.000792890075743096;196
8;AUD/JPY;0.000181623665309198;197
8;AUD/JPY;0.000150358675154612;198
8;AUD/JPY;-4.17005483637138E-06;199
8;AUD/JPY;0.000327255556369521;200
8;AUD/JPY;3.74800888125421E-05;201
8;AUD/JPY;0.000258581176279861;202
8;AUD/JPY;-9.39609244244989E-05;203
8;AUD/JPY;-0.000982381842626933;204
8;AUD/JPY;-0.00110271362427298;205
8;AUD/JPY;-0.000581732156738363;206
8;AUD/JPY;-0.00092115526364926;207
8;AUD/JPY;-0.000946241925856904;208
8;AUD/JPY;0.00042698832582043;209
8;AUD/JPY;-0.000194859292444434;210
8;AUD/JPY;-5.01206029625503E-05;211
8;AUD/JPY;0.00107739306551704;212
8;AUD/JPY;0.000544845265710735;213
8;AUD/JPY;-0.00079610433508416;214
8;AUD/JPY;0.00012154742819308;215
8;AUD/JPY;-0.00058567033077587;216
8;AUD/JPY;-0.00177578150620179;217
8;AUD/JPY;-0.000182148421670436;218
8;AUD/JPY;0.00108234548461447;219
8;AUD/JPY;0.000940538884574693;220
8;AUD/JPY;0.000290957857200635;221
8;AUD/JPY;-0.000610199208755768;222
8;AUD/JPY;-0.000641981040048189;223
8;AUD/JPY;-0.000351067921463257;224
8;AUD/JPY;6.67146184168407E-05;225
8;AUD/JPY;0.000378239835220331;226
8;AUD/JPY;0.00136720000241336;227
8;AUD/JPY;0.000574942167349551;228
8;AUD/JPY;-7.32167800115675E-05;229
8;AUD/JPY;-0.000846002859462995;230
8;AUD/JPY;-0.000533085572665726;231
8;AUD/JPY;0.000319971626332243;232
8;AUD/JPY;0.00045207691995125;233
8;AUD/JPY;0.000369993050570921;234
8;AUD/JPY;0.000677088333722221;235
8;AUD/JPY;0.000918946500888671;236
8;AUD/JPY;0.000777923011294243;237
8;AUD/JPY;0.00102801187617969;238
8;AUD/JPY;-0.00140416165003068;239
8;AUD/JPY;-0.0019812832704174;240
8;AUD/JPY;-0.00165925699693206;241
8;AUD/JPY;-0.00226499668067149;242
8;AUD/JPY;-0.00302188294779773;243
8;AUD/JPY;-0.000604513242938129;244
8;AUD/JPY;-0.00025300179420941;245
8;AUD/JPY;-0.00107865808742912;246
8;AUD/JPY;-0.000706502129230159;247
8;AUD/JPY;0.000581935132670234;248
8;AUD/JPY;-1.05477999950751E-05;249
8;AUD/JPY;0.000122324162834632;250
8;AUD/JPY;0.000523201530431581;251
8;AUD/JPY;0.000769649389163677;252
8;AUD/JPY;0.000239871255779194;253
8;AUD/JPY;0.000760124935218011;254
8;AUD/JPY;-0.000145532015554098;255
8;AUD/JPY;-0.000109590198634479;256
8;AUD/JPY;9.46835221016904E-05;257
8;AUD/JPY;-0.000517976812136065;258
8;AUD/JPY;-0.000671540699654286;259
8;AUD/JPY;0.000476276001397836;260
8;AUD/JPY;-0.000339689403071646;261
8;AUD/JPY;-0.000619410791217993;262
8;AUD/JPY;-0.000356624820824347;263
8;AUD/JPY;-0.000388374227620801;264
8;AUD/JPY;-0.000421425416156924;265
8;AUD/JPY;0.000491413693608955;266
8;AUD/JPY;0.000587854597460643;267
8;AUD/JPY;0.000864086993951858;268
8;AUD/JPY;0.000445300524264351;269
8;AUD/JPY;0.000307728037609317;270
8;AUD/JPY;3.79130948752366E-05;271
8;AUD/JPY;0.000950808559747119;272
8;AUD/JPY;0.000571194961901606;273
8;AUD/JPY;0.000637730809906271;274
8;AUD/JPY;0.000618238513934549;275
8;AUD/JPY;0.000496419097742669;276
8;AUD/JPY;-0.000377263693353769;277
8;AUD/JPY;0.00030173819462902;278
8;AUD/JPY;0.000884818032440379;279
8;AUD/JPY;0.00080880999500145;280
8;AUD/JPY;0.000759069898387556;281
8;AUD/JPY;0.000860378448369113;282
8;AUD/JPY;0.000432952664565279;283
8;AUD/JPY;0.000728811268791727;284
8;AUD/JPY;-0.000475251065000746;285
8;AUD/JPY;-0.000437895970399888;286
8;AUD/JPY;-0.000194360428468782;287
8;AUD/JPY;-0.0019673150254655;288
8;AUD/JPY;-0.00210595536854321;289
8;AUD/JPY;-0.00110981777356904;290
8;AUD/JPY;-0.000619719101579786;291
8;AUD/JPY;-0.00118486864778038;292
8;AUD/JPY;0.000242497117107464;293
8;AUD/JPY;-0.000721740555967319;294
8;AUD/JPY;-0.000409326021135628;295
8;AUD/JPY;-0.0021789473207503;296
8;AUD/JPY;-0.00284278637999407;297
8;AUD/JPY;-0.00298943994558926;298
8;AUD/JPY;-0.00301843488745856;299
8;AUD/JPY;-0.00260632940111581;300
8;AUD/JPY;-0.000775748215363054;301
8;AUD/JPY;0.000577330091299611;302
8;AUD/JPY;0.00071745891766961;303
8;AUD/JPY;0.00152449703545662;304
8;AUD/JPY;0.00109471217097897;305
8;AUD/JPY;0.000905456111358708;306
8;AUD/JPY;0.000408024622988809;307
8;AUD/JPY;0.000729760871780156;308
8;AUD/JPY;0.000669832158171643;309
8;AUD/JPY;0.000758296760603765;310
8;AUD/JPY;0.00038649817186471;311
8;AUD/JPY;0.000326669214057412;312
8;AUD/JPY;0.000648800501124868;313
8;AUD/JPY;-0.000110420982791047;314
8;AUD/JPY;-0.000930748189488401;315
8;AUD/JPY;-0.000965517649859099;316
8;AUD/JPY;-5.93547297356426E-05;317
8;AUD/JPY;-0.000285976100878068;318
8;AUD/JPY;0.00113949560584894;319
8;AUD/JPY;0.00156998334546805;320
8;AUD/JPY;0.00169823555801045;321
8;AUD/JPY;0.000818810484886702;322
8;AUD/JPY;0.000135624833017265;323
8;AUD/JPY;-0.000181714467251504;324
8;AUD/JPY;-7.60930458022438E-05;325
8;AUD/JPY;0.000711087477393733;326
8;AUD/JPY;0.000122427444456155;327
8;AUD/JPY;0.00113226183819841;328
8;AUD/JPY;0.00123283514803063;329
8;AUD/JPY;0.00121402824005733;330
8;AUD/JPY;0.000525884314013092;331
8;AUD/JPY;0.000817075462822352;332
8;AUD/JPY;0.00109237084367144;333
8;AUD/JPY;0.000681638898670264;334
8;AUD/JPY;0.00087223764110098;335
8;AUD/JPY;0.000859468034043654;336
8;AUD/JPY;0.0013405016304301;337
8;AUD/JPY;0.000884221868262905;338
8;AUD/JPY;0.000625062570751728;339
8;AUD/JPY;0.000324022125277675;340
8;AUD/JPY;0.000424178313827554;341
8;AUD/JPY;0.000114781214509608;342
8;AUD/JPY;-6.46685481808212E-05;343
8;AUD/JPY;0.000464915278960408;344
8;AUD/JPY;-4.80475464115204E-05;345
8;AUD/JPY;-0.000284079088576779;346
8;AUD/JPY;0.000152244307314626;347
8;AUD/JPY;0.000337714669721972;348
8;AUD/JPY;-0.00043986988414959;349
8;AUD/JPY;0.00023386198544903;350
8;AUD/JPY;0.000428053304631447;351
8;AUD/JPY;-0.000383961387922842;352
8;AUD/JPY;-0.000761706933489935;353
8;AUD/JPY;-0.000265222946191396;354
8;AUD/JPY;-0.000329991720644236;355
8;AUD/JPY;-0.000984847702786807;356
8;AUD/JPY;-0.000673711276247331;357
8;AUD/JPY;-0.000546457008143563;358
8;AUD/JPY;-0.000554553181682507;359
8;AUD/JPY;-0.000554692475270804;360
8;AUD/JPY;0.000788683326368699;361
8;AUD/JPY;0.000951322404390327;362
8;AUD/JPY;0.000815994603983078;363
8;AUD/JPY;0.000711223424960519;364
8;AUD/JPY;0.000961882120875234;365
8;AUD/JPY;0.000154443385393205;366
8;AUD/JPY;-0.000175288506869765;367
8;AUD/JPY;0.000744041498998518;368
8;AUD/JPY;0.000344243141448439;369
8;AUD/JPY;0.000227247875757812;370
8;AUD/JPY;-2.29502553468052E-05;371
8;AUD/JPY;-1.25264883075133E-05;372
8;AUD/JPY;-0.00147828666387082;373
8;AUD/JPY;-0.00105756213480577;374
8;AUD/JPY;-0.000766168481330919;375
8;AUD/JPY;-0.000223380903279859;376
8;AUD/JPY;-0.000154557899020957;377
8;AUD/JPY;0.000351769932702503;378
8;AUD/JPY;0.00033710402193576;379
8;AUD/JPY;-0.000121352879053971;380
8;AUD/JPY;-0.000671643593345289;381
8;AUD/JPY;-0.000485335579786344;382
8;AUD/JPY;-0.000542570628604539;383
8;AUD/JPY;-0.000284721398000186;384
8;AUD/JPY;-8.37345626633663E-05;385
8;AUD/JPY;0.00115358410559629;386
8;AUD/JPY;0.00171223744796852;387
8;AUD/JPY;0.00216358169021841;388
8;AUD/JPY;0.00116978943113778;389
8;AUD/JPY;0.00119824588384631;390
8;AUD/JPY;0.000174963560418933;391
8;AUD/JPY;-0.00165359993210379;392
8;AUD/JPY;-0.00159172480936512;393
8;AUD/JPY;-0.001042033378016;394
8;AUD/JPY;-0.0013658202547726;395
8;AUD/JPY;-0.00116513698285547;396
8;AUD/JPY;0.000115130807472618;397
8;AUD/JPY;-0.000244881331185061;398
8;AUD/JPY;-0.00020738306449375;399
8;AUD/JPY;-6.49728324961436E-05;400
8;AUD/JPY;0.000169554510937471;401
8;AUD/JPY;-0.00029738225374321;402
8;AUD/JPY;-6.28384115429988E-05;403
8;AUD/JPY;0.000268090939713175;404
8;AUD/JPY;0.000293258255916877;405
8;AUD/JPY;0.000156866854233838;406
8;AUD/JPY;-0.000541448389458347;407
8;AUD/JPY;-0.000896547071359102;408
8;AUD/JPY;-0.0010450682191351;409
8;AUD/JPY;-0.000668837340161973;410
8;AUD/JPY;-0.00123314779439072;411
8;AUD/JPY;-0.000147157759750438;412
8;AUD/JPY;0.000546385268006933;413
8;AUD/JPY;0.000701511908746212;414
8;AUD/JPY;0.000256057794890568;415
8;AUD/JPY;0.00014510049897017;416
8;AUD/JPY;0.000138751661124645;417
8;AUD/JPY;-0.00026670170640713;418
8;AUD/JPY;-0.00062578142421809;419
8;AUD/JPY;-0.000331678515868797;420
8;AUD/JPY;7.77641758650126E-05;421
8;AUD/JPY;-0.000134545650735646;422
8;AUD/JPY;-0.000540793949396704;423
8;AUD/JPY;-0.00104170197014603;424
8;AUD/JPY;-0.000102974169418703;425
8;AUD/JPY;-9.66843589844699E-05;426
8;AUD/JPY;0.000237496021476629;427
8;AUD/JPY;0.000229542572171576;428
8;AUD/JPY;0.000892317123658119;429
8;AUD/JPY;-0.000355563129821919;430
8;AUD/JPY;0.000302508355643414;431
8;AUD/JPY;0.000216233259051032;432
8;AUD/JPY;0.00053177824871203;433
8;AUD/JPY;0.00154107389585831;434
8;AUD/JPY;0.00194469260587835;435
8;AUD/JPY;0.00117626467964125;436
8;AUD/JPY;0.00111940785917383;437
8;AUD/JPY;0.00128054002347979;438
8;AUD/JPY;0.000158673829230232;439
8;AUD/JPY;-7.92616165142824E-05;440
8;AUD/JPY;-0.000210883485543785;441
8;AUD/JPY;-0.000444920416391354;442
8;AUD/JPY;-0.000515832901395915;443
8;AUD/JPY;-6.05317404886744E-05;444
8;AUD/JPY;-0.000118951353447718;445
8;AUD/JPY;0.00010651351250321;446
8;AUD/JPY;0.000250781111425798;447
8;AUD/JPY;0.000288362132430109;448
8;AUD/JPY;-1.4613854984815E-05;449
8;AUD/JPY;6.88751956966433E-05;450
8;AUD/JPY;0.000217028401930884;451
8;AUD/JPY;-3.96860624895655E-05;452
8;AUD/JPY;-0.000461997770019743;453
8;AUD/JPY;-0.000441005294136155;454
8;AUD/JPY;-0.000564222426928313;455
8;AUD/JPY;-0.00121966267286292;456
8;AUD/JPY;-0.00050825948573453;457
8;AUD/JPY;5.0223389714875E-05;458
8;AUD/JPY;-1.46471859159458E-05;459
8;AUD/JPY;0.000232150819509012;460
8;AUD/JPY;0.000917010232242007;461
8;AUD/JPY;0.000167470885553359;462
8;AUD/JPY;-0.000335061069937632;463
8;AUD/JPY;-8.37187898115831E-05;464
8;AUD/JPY;-0.000498095774592852;465
8;AUD/JPY;-0.00061715852925033;466
8;AUD/JPY;-0.00166417231988782;467
8;AUD/JPY;-0.00148097402377894;468
8;AUD/JPY;-0.0019733196089023;469
8;AUD/JPY;-0.0028979437663501;470
8;AUD/JPY;-0.00194759907082244;471
8;AUD/JPY;-2.74318029982458E-05;472
8;AUD/JPY;-1.26691864312903E-05;473
8;AUD/JPY;8.45648083679963E-06;474
8;AUD/JPY;0.00126734272393708;475
8;AUD/JPY;0.000429046382117107;476
8;AUD/JPY;-5.48748961346987E-05;477
8;AUD/JPY;0.000158307176941634;478
8;AUD/JPY;0.00114466112372211;479
8;AUD/JPY;0.00134751536174694;480
8;AUD/JPY;0.00119771550764525;481
8;AUD/JPY;0.00126252418242952;482
8;AUD/JPY;0.00146104972448539;483
8;AUD/JPY;0.000690368584432114;484
8;AUD/JPY;0.000607616621564138;485
8;AUD/JPY;-0.000443307760272973;486
8;AUD/JPY;8.17888705135512E-05;487
8;AUD/JPY;-2.51364174652221E-05;488
8;AUD/JPY;0.000395519666835656;489
8;AUD/JPY;0.000119211326513726;490
8;AUD/JPY;0.00137921462138254;491
8;AUD/JPY;0.000780552084933306;492
8;AUD/JPY;0.000443612272395371;493
8;AUD/JPY;0.000626207264175042;494
8;AUD/JPY;0.00108843238671442;495
8;AUD/JPY;0.00115181656059086;496
8;AUD/JPY;0.00112257465689082;497
8;AUD/JPY;0.00174395511057781;498
8;AUD/JPY;0.00131075816716135;499
8;AUD/JPY;0.00120246244316278;500
8;AUD/JPY;0.000986152385907966;501
8;AUD/JPY;0.00120096852189957;502
8;AUD/JPY;0.00103128699920192;503
8;AUD/JPY;9.10803385712906E-05;504
8;AUD/JPY;-0.000430396938122886;505
8;AUD/JPY;-0.000409615766501226;506
8;AUD/JPY;0.000323853305427215;507
8;AUD/JPY;-9.89711148261594E-05;508
8;AUD/JPY;0.000636403619813378;509
8;AUD/JPY;0.00106395867005423;510
8;AUD/JPY;0.000803956792671075;511
8;AUD/JPY;7.62458215705491E-05;512
8;AUD/JPY;0.000156681655644509;513
8;AUD/JPY;3.91924297982043E-05;514
8;AUD/JPY;0.000173003264896354;515
8;AUD/JPY;0.000428556875628805;516
8;AUD/JPY;0.00021209892386215;517
8;AUD/JPY;0.000646044570929754;518
8;AUD/JPY;0.000878778534751358;519
8;AUD/JPY;0.000501686256974101;520
8;AUD/JPY;0.000620601576822311;521
8;AUD/JPY;0.000628795635539694;522
8;AUD/JPY;0.000519025221923097;523
8;AUD/JPY;0.000629437460513998;524
8;AUD/JPY;0.00115279995238125;525
8;AUD/JPY;0.000962022507611172;526
8;AUD/JPY;0.000980338940891895;527
8;AUD/JPY;0.00176239551828392;528
8;AUD/JPY;0.00171624134621015;529
8;AUD/JPY;0.00096340575417882;530
8;AUD/JPY;0.000904573296560267;531
8;AUD/JPY;0.0010629008340524;532
8;AUD/JPY;-0.000254017317482613;533
8;AUD/JPY;-0.000622014933733822;534
8;AUD/JPY;2.03179763470366E-05;535
8;AUD/JPY;0.000195046643793363;536
8;AUD/JPY;-0.00123038450397065;537
8;AUD/JPY;-0.00135272820062525;538
8;AUD/JPY;-0.0018592417789843;539
8;AUD/JPY;-0.00150913329482359;540
8;AUD/JPY;-0.00140205583254434;541
8;AUD/JPY;8.17168726063806E-05;542
8;AUD/JPY;-0.000613060294368736;543
8;AUD/JPY;0.000201279579924393;544
8;AUD/JPY;-0.00121350001923083;545
8;AUD/JPY;-0.00163244421474807;546
8;AUD/JPY;-0.00246821568946271;547
8;AUD/JPY;-0.00182152312447981;548
8;AUD/JPY;-0.00142149937618481;549
8;AUD/JPY;-0.000660141498157743;550
8;AUD/JPY;-0.00100040514081107;551
8;AUD/JPY;0.00097365953382491;552
8;AUD/JPY;0.00162223295076647;553
8;AUD/JPY;0.001041362926362;554
8;AUD/JPY;0.00065808194621326;555
8;AUD/JPY;0.00148228346288841;556
8;AUD/JPY;0.000146052225301471;557
8;AUD/JPY;0.000671041717957033;558
8;AUD/JPY;0.000990949120338788;559
8;AUD/JPY;0.00117461372191776;560
8;AUD/JPY;0.00021174138694858;561
8;AUD/JPY;0.000240445160717317;562
8;AUD/JPY;-0.00135465523626685;563
8;AUD/JPY;-0.00227642391332754;564
8;AUD/JPY;-0.00237688553909078;565
8;AUD/JPY;-0.00204867348295223;566
8;AUD/JPY;-0.00217240809324936;567
8;AUD/JPY;-0.00179007337976687;568
8;AUD/JPY;-0.000401985195574266;569
8;AUD/JPY;0.000142915587504387;570
8;AUD/JPY;0.00103109020573012;571
8;AUD/JPY;-0.000122538206156292;572
8;AUD/JPY;-0.00104328829913522;573
8;AUD/JPY;-0.00167044283609819;574
8;AUD/JPY;-0.00201853757956349;575
8;AUD/JPY;-0.00223869761402582;576
8;AUD/JPY;-0.00146169453691868;577
8;AUD/JPY;-6.48633951211007E-05;578
8;AUD/JPY;-9.20502108299342E-05;579
8;AUD/JPY;-0.000628437280614471;580
8;AUD/JPY;-0.000142060298032005;581
8;AUD/JPY;0.000484939933663407;582
8;AUD/JPY;0.000514144473423493;583
8;AUD/JPY;-0.000194700192804914;584
8;AUD/JPY;0.00028513627422505;585
8;AUD/JPY;-0.000831401751184488;586
8;AUD/JPY;-0.000430534676943133;587
8;AUD/JPY;-0.00158638683729212;588
8;AUD/JPY;-0.000140385437108694;589
8;AUD/JPY;0.000215678597004217;590
8;AUD/JPY;-0.000304524344645286;591
8;AUD/JPY;-0.000998387038760405;592
8;AUD/JPY;0.000955016428461755;593
8;AUD/JPY;-3.77322895185931E-05;594
8;AUD/JPY;-0.000171686410677032;595
8;AUD/JPY;0.000535233906921855;596
8;AUD/JPY;0.000562730030036025;597
8;AUD/JPY;-0.000671183799998012;598
8;AUD/JPY;-0.000749831536305033;599
8;AUD/JPY;-0.00133031893670307;600
8;AUD/JPY;0.000343473564705615;601
8;AUD/JPY;0.000669849072954443;602
8;AUD/JPY;-0.000848489311144561;603
8;AUD/JPY;-0.00115649954514295;604
8;AUD/JPY;-0.00114826780486635;605
8;AUD/JPY;-0.00331471906353864;606
8;AUD/JPY;-0.00542697689871878;607
8;AUD/JPY;-0.0024348219094538;608
8;AUD/JPY;-0.000920683014962358;609
8;AUD/JPY;-0.00125517638682959;610
8;AUD/JPY;-0.000202216953427619;611
8;AUD/JPY;0.000769384209920988;612
8;AUD/JPY;-0.000393364245158346;613
8;AUD/JPY;-0.00100185659157482;614
8;AUD/JPY;-0.000962661365899963;615
8;AUD/JPY;-0.00151996071230402;616
8;AUD/JPY;-0.00150078802811123;617
8;AUD/JPY;-0.00120843695237089;618
8;AUD/JPY;-0.000522098532272664;619
8;AUD/JPY;0.000218609707031742;620
8;AUD/JPY;0.000617072824107131;621
8;AUD/JPY;0.00217557699610262;622
8;AUD/JPY;0.00193470070035065;623
8;AUD/JPY;0.00114937933836455;624
8;AUD/JPY;0.000970139195875135;625
8;AUD/JPY;0.000815552107363854;626
8;AUD/JPY;7.2468402438358E-05;627
8;AUD/JPY;5.75610124052223E-05;628
8;AUD/JPY;2.98214970944364E-05;629
8;AUD/JPY;0.0011372181623901;630
8;AUD/JPY;0.000129924765353161;631
8;AUD/JPY;0.000823015798089894;632
8;AUD/JPY;0.0022404863605171;633
8;AUD/JPY;0.00167139572628941;634
8;AUD/JPY;0.00112235756511925;635
8;AUD/JPY;0.00270700223303816;636
8;AUD/JPY;0.00213000403611894;637
8;AUD/JPY;0.000242254470511779;638
8;AUD/JPY;0.000179458364507426;639
8;AUD/JPY;0.000149594153839987;640
8;AUD/JPY;-2.94105290223581E-05;641
8;AUD/JPY;0.000635230647695078;642
8;AUD/JPY;0.00167091304446262;643
8;AUD/JPY;0.00236013836596495;644
8;AUD/JPY;0.0026862047508471;645
8;AUD/JPY;0.000482625716827127;646
8;AUD/JPY;0.000334623104306588;647
8;AUD/JPY;0.000696102325212501;648
8;AUD/JPY;0.00108156716051704;649
8;AUD/JPY;0.00357742659200371;650
8;AUD/JPY;0.0063917830915749;651
8;AUD/JPY;0.00624967284075221;652
8;AUD/JPY;0.00501310271992453;653
8;AUD/JPY;0.00604360767157108;654
8;AUD/JPY;0.00168506350241524;655
8;AUD/JPY;0.000917446736765416;656
8;AUD/JPY;0.000226711493447411;657
8;AUD/JPY;0.00142939343919316;658
8;AUD/JPY;0.000166974304709994;659
8;AUD/JPY;-0.000866166645343686;660
8;AUD/JPY;-0.0012587645498416;661
8;AUD/JPY;-0.0005266892540447;662
8;AUD/JPY;-0.00147200729190025;663
8;AUD/JPY;-0.00170038484976549;664
8;AUD/JPY;0.000934974449636851;665
8;AUD/JPY;0.00128301064776493;666
8;AUD/JPY;0.000783453354472608;667
8;AUD/JPY;0.000646348141528244;668
8;AUD/JPY;0.000902479298206337;669
8;AUD/JPY;0.000327524233157456;670
8;AUD/JPY;0.00129089224377945;671
8;AUD/JPY;0.00258757116017112;672
8;AUD/JPY;0.00375741847667587;673
8;AUD/JPY;0.00280672596094817;674
8;AUD/JPY;0.00311485320218707;675
8;AUD/JPY;0.00207884850099031;676
8;AUD/JPY;0.00109199131552468;677
8;AUD/JPY;0.000855794251419293;678
8;AUD/JPY;0.000689618164166122;679
8;AUD/JPY;0.00108101402208116;680
8;AUD/JPY;0.00197879517009374;681
8;AUD/JPY;0.00286751733965544;682
8;AUD/JPY;0.00100168800226532;683
8;AUD/JPY;0.0012676857812004;684
8;AUD/JPY;0.000898044072136643;685
8;AUD/JPY;0.000231979816243357;686
8;AUD/JPY;-0.000915261647793069;687
8;AUD/JPY;0.00021034733819849;688
8;AUD/JPY;0.000403732196872395;689
8;AUD/JPY;-3.15112604171516E-05;690
8;AUD/JPY;-0.000320517615951019;691
8;AUD/JPY;-0.000194566882965786;692
8;AUD/JPY;0.000119818704140027;693
8;AUD/JPY;0.000544239408076242;694
8;AUD/JPY;-5.51566550985071E-05;695
8;AUD/JPY;0.000875781943732122;696
8;AUD/JPY;0.00101399110049738;697
8;AUD/JPY;0.000754581049650745;698
8;AUD/JPY;0.000113768993171871;699
8;AUD/JPY;0.000721742008545224;700
8;AUD/JPY;-0.00180681436682656;701
8;AUD/JPY;-0.00318072673492944;702
8;AUD/JPY;-0.00279934242863278;703
8;AUD/JPY;-0.00261929301201815;704
8;AUD/JPY;-0.00301031187174188;705
8;AUD/JPY;-0.00162186926307996;706
8;AUD/JPY;0.0007895425754998;707
8;AUD/JPY;-0.000176639008013728;708
8;AUD/JPY;-0.000320135280741108;709
8;AUD/JPY;7.96971518814674E-05;710
8;AUD/JPY;0.0019734881830339;711
8;AUD/JPY;-0.00139870435473304;712
8;AUD/JPY;-0.00095535878174086;713
8;AUD/JPY;-4.97564424719729E-05;714
8;AUD/JPY;-0.000161419704954696;715
8;AUD/JPY;-0.000523702776941054;716
8;AUD/JPY;0.000851513815245078;717
8;AUD/JPY;0.00112009444491122;718
8;AUD/JPY;-0.000462331191025468;719
8;AUD/JPY;0.000946728499906366;720
8;AUD/JPY;-0.000838800140860045;721
8;AUD/JPY;-0.000614397047327605;722
8;AUD/JPY;-0.00052444977755818;723
8;AUD/JPY;0.000444415841042175;724
8;AUD/JPY;-0.000333627982956502;725
8;AUD/JPY;0.000967382524557687;726
8;AUD/JPY;0.00117346642269321;727
8;AUD/JPY;-0.000404207478030278;728
8;AUD/JPY;4.97608991375857E-05;729
8;AUD/JPY;-0.00100223869891241;730
8;AUD/JPY;-0.00457256495549785;731
8;AUD/JPY;-0.00330562941987041;732
8;AUD/JPY;-0.00263028373110716;733
8;AUD/JPY;-0.00281998268376732;734
8;AUD/JPY;-0.00293785591187105;735
8;AUD/JPY;-0.00177213519589336;736
8;AUD/JPY;-0.00220193879965045;737
8;AUD/JPY;-0.000947398959736318;738
8;AUD/JPY;-0.00195938810458331;739
8;AUD/JPY;-0.000861334772970945;740
8;AUD/JPY;-0.000459819646776393;741
8;AUD/JPY;-0.00260750806610695;742
8;AUD/JPY;-0.00227745943438367;743
8;AUD/JPY;-0.00191702610539006;744
8;AUD/JPY;-0.0031165838045002;745
8;AUD/JPY;-0.00237512438876511;746
8;AUD/JPY;-0.00149621214236628;747
8;AUD/JPY;-0.00320261723107878;748
8;AUD/JPY;-0.00297518094427007;749
8;AUD/JPY;-0.00175705713778222;750
8;AUD/JPY;-0.000200933216969426;751
8;AUD/JPY;0.00130850682591337;752
8;AUD/JPY;0.00218202838485359;753
8;AUD/JPY;0.00291343285539746;754
8;AUD/JPY;0.00296102312914165;755
8;AUD/JPY;0.00166351161294411;756
8;AUD/JPY;0.000891576300321344;757
8;AUD/JPY;0.00126262526326888;758
8;AUD/JPY;0.000913979809188544;759
8;AUD/JPY;0.000511139101668923;760
8;AUD/JPY;0.000365518192830595;761
8;AUD/JPY;0.000830340350353916;762
8;AUD/JPY;0.000591549871174721;763
8;AUD/JPY;0.000272358244321186;764
8;AUD/JPY;0.000239723424781989;765
8;AUD/JPY;0.000215301827789583;766
8;AUD/JPY;-0.000579850116499211;767
8;AUD/JPY;-0.00050957005755571;768
8;AUD/JPY;-2.86518291613059E-05;769
8;AUD/JPY;6.75623806808518E-05;770
8;AUD/JPY;0.000155693046744872;771
8;AUD/JPY;0.000806824279099316;772
8;AUD/JPY;0.0012256817892214;773
8;AUD/JPY;0.000804780741726246;774
8;AUD/JPY;-0.000192510536382761;775
8;AUD/JPY;0.000296710153305949;776
8;AUD/JPY;-0.000233112175828071;777
8;AUD/JPY;-0.000599645557199916;778
8;AUD/JPY;-3.05796370793001E-05;779
8;AUD/JPY;0.000911759370398025;780
8;AUD/JPY;0.00043914089039015;781
8;AUD/JPY;-0.000190371904838201;782
8;AUD/JPY;-0.00160995962601219;783
8;AUD/JPY;-0.00251325312237747;784
8;AUD/JPY;-0.0025143106181745;785
8;AUD/JPY;-0.002736279328232;786
8;AUD/JPY;-0.00170502613738288;787
8;AUD/JPY;-0.00168531319769025;788
8;AUD/JPY;-0.00212538322289347;789
8;AUD/JPY;-0.00150725050578353;790
8;AUD/JPY;-0.00137814206290677;791
8;AUD/JPY;-0.00108942432679353;792
8;AUD/JPY;0.00161116894508008;793
8;AUD/JPY;0.00245132113992199;794
8;AUD/JPY;0.00222268199611473;795
8;AUD/JPY;0.00202243792212426;796
8;AUD/JPY;0.00209075534264099;797
8;AUD/JPY;0.00025527012688104;798
8;AUD/JPY;0.000563977855785456;799
8;AUD/JPY;-0.000771206531362029;800
8;AUD/JPY;-0.00113717728909864;801
8;AUD/JPY;-0.00121419262940616;802
8;AUD/JPY;-0.00122993495050896;803
8;AUD/JPY;-0.00216368010400286;804
8;AUD/JPY;-0.00400664457320946;805
8;AUD/JPY;-0.00227925665225465;806
8;AUD/JPY;-0.00235655320782475;807
8;AUD/JPY;0.000454883993958492;808
8;AUD/JPY;-0.0002307656581544;809
8;AUD/JPY;0.00125653103391967;810
8;AUD/JPY;0.00108760712686849;811
8;AUD/JPY;0.00181614943991939;812
8;AUD/JPY;-0.000241786771475011;813
8;AUD/JPY;0.000280625945732551;814
8;AUD/JPY;0.00230542301052121;815
8;AUD/JPY;0.00117091360764772;816
8;AUD/JPY;0.000866836632405749;817
8;AUD/JPY;0.000105430173041966;818
8;AUD/JPY;0.00122803316111515;819
8;AUD/JPY;-7.24851542807784E-05;820
8;AUD/JPY;-0.00104996940511315;821
8;AUD/JPY;-0.00294468537533634;822
8;AUD/JPY;-0.00264210131315379;823
8;AUD/JPY;-0.00261419899385807;824
8;AUD/JPY;-0.00290014366159873;825
8;AUD/JPY;-0.00328932313224211;826
8;AUD/JPY;-0.00390304788640481;827
8;AUD/JPY;-0.00642663173759444;828
8;AUD/JPY;-0.00477972095443786;829
8;AUD/JPY;-0.00280849689897393;830
8;AUD/JPY;-0.00105175614348244;831
8;AUD/JPY;-0.000265070581768126;832
8;AUD/JPY;0.00202256650978557;833
8;AUD/JPY;-0.000152160525971081;834
8;AUD/JPY;0.00132979778276634;835
8;AUD/JPY;-0.000366757392611054;836
8;AUD/JPY;-0.00153101137904609;837
8;AUD/JPY;-0.0016682169939892;838
8;AUD/JPY;-0.0029089144580342;839
8;AUD/JPY;-0.00520133763804683;840
8;AUD/JPY;-0.00431474305679812;841
8;AUD/JPY;-0.00280450443471006;842
8;AUD/JPY;-0.00320539559006141;843
8;AUD/JPY;-0.000804312542176967;844
8;AUD/JPY;-0.000781637969149268;845
8;AUD/JPY;-3.48960208516754E-05;846
8;AUD/JPY;-0.00438465754768147;847
8;AUD/JPY;-0.00177814203174174;848
8;AUD/JPY;-0.000529251265654583;849
8;AUD/JPY;0.000514178306451162;850
8;AUD/JPY;-0.00139426772201143;851
8;AUD/JPY;0.00329087827856506;852
8;AUD/JPY;0.00216603847324981;853
8;AUD/JPY;0.000795533826380159;854
8;AUD/JPY;-0.000551267664638871;855
8;AUD/JPY;0.00177778948344917;856
8;AUD/JPY;0.00416754247521022;857
8;AUD/JPY;0.00212116931069762;858
8;AUD/JPY;0.00169845944953852;859
8;AUD/JPY;0.00228016029050754;860
8;AUD/JPY;0.00123273642363997;861
8;AUD/JPY;-0.000489242833935793;862
8;AUD/JPY;0.000961680576561483;863
8;AUD/JPY;0.000912755868847455;864
8;AUD/JPY;0.000549329571278865;865
8;AUD/JPY;0.000865741467875377;866
8;AUD/JPY;0.000273864824751918;867
8;AUD/JPY;-0.00141711837299778;868
8;AUD/JPY;-0.00245641064253329;869
8;AUD/JPY;-0.00162867701346854;870
8;AUD/JPY;-0.00119271760757248;871
8;AUD/JPY;-0.00119741423026198;872
8;AUD/JPY;-1.73705352405653E-05;873
8;AUD/JPY;0.00128179106769599;874
8;AUD/JPY;-0.000240889366512912;875
8;AUD/JPY;-0.000825227022073803;876
8;AUD/JPY;0.000387674669683474;877
8;AUD/JPY;0.00155733704917347;878
8;AUD/JPY;0.00162407004758085;879
8;AUD/JPY;0.00218340657937549;880
8;AUD/JPY;0.00203517820928687;881
8;AUD/JPY;0.00054450612170482;882
8;AUD/JPY;-0.000857198148997394;883
8;AUD/JPY;-0.000863234806027302;884
8;AUD/JPY;-0.000770431899070771;885
8;AUD/JPY;0.000342209703024106;886
8;AUD/JPY;0.000667801831100816;887
8;AUD/JPY;0.00210081895450505;888
8;AUD/JPY;0.000852494186613183;889
8;AUD/JPY;8.19186214632609E-05;890
8;AUD/JPY;-0.000585771774089268;891
8;AUD/JPY;-0.000723912498970008;892
8;AUD/JPY;-0.000495232835483572;893
8;AUD/JPY;-3.65224211083638E-05;894
8;AUD/JPY;0.00183862487203515;895
8;AUD/JPY;0.00220065279286946;896
8;AUD/JPY;0.00214897705736634;897
8;AUD/JPY;0.000546615346444096;898
8;AUD/JPY;0.000658526847514964;899
8;AUD/JPY;-0.00106206688347281;900
8;AUD/JPY;-0.00114234683558612;901
8;AUD/JPY;-0.000200822534632057;902
8;AUD/JPY;-0.000308493264673071;903
8;AUD/JPY;-0.000675716177249108;904
8;AUD/JPY;0.000698686923303643;905
8;AUD/JPY;-1.96891114523368E-17;906
8;AUD/JPY;0.00028194891142356;907
8;AUD/JPY;0.00076820705482185;908
8;AUD/JPY;0.00096888821149142;909
8;AUD/JPY;0.000297165756617842;910
8;AUD/JPY;0.000732366230152521;911
8;AUD/JPY;-0.000245615002703438;912
8;AUD/JPY;-0.000228655711113509;913
8;AUD/JPY;-0.000186125134441096;914
8;AUD/JPY;-0.000357079951380475;915
8;AUD/JPY;0.000224312266155297;916
8;AUD/JPY;0.000147405194694357;917
8;AUD/JPY;-0.000681103273436609;918
8;AUD/JPY;-0.000413517670921431;919
8;AUD/JPY;5.77747111270309E-05;920
8;AUD/JPY;-0.000767976984491019;921
8;AUD/JPY;-0.00112644985167822;922
8;AUD/JPY;-0.00145347129581523;923
8;AUD/JPY;-0.00164321057871546;924
8;AUD/JPY;-0.0026815683194229;925
8;AUD/JPY;-0.0026103835206606;926
8;AUD/JPY;-0.0017753159446814;927
8;AUD/JPY;0.000933588728488213;928
8;AUD/JPY;0.00204816660580002;929
8;AUD/JPY;0.00272221459534779;930
8;AUD/JPY;0.00251605501991428;931
8;AUD/JPY;0.000307439222226193;932
8;AUD/JPY;-0.001299154294064;933
8;AUD/JPY;-0.00157082652295121;934
8;AUD/JPY;-0.0013866287191647;935
8;AUD/JPY;-0.00111170530457194;936
8;AUD/JPY;0.00111321143882633;937
8;AUD/JPY;-5.41345246234158E-05;938
8;AUD/JPY;-0.000602803816048205;939
8;AUD/JPY;-0.00136377672829831;940
8;AUD/JPY;-0.000496562104018893;941
8;AUD/JPY;0.000910116944837337;942
8;AUD/JPY;0.000715556535026392;943
8;AUD/JPY;-0.000719690356271449;944
8;AUD/JPY;0.000563063434966677;945
8;AUD/JPY;0.000496562104018848;946
8;AUD/JPY;-0.000169260033134555;947
8;AUD/JPY;0.00154771249904317;948
8;AUD/JPY;0.00278198596024137;949
8;AUD/JPY;0.00320082345557295;950
8;AUD/JPY;0.00327220533048508;951
8;AUD/JPY;0.00177543737733732;952
8;AUD/JPY;0.00199852520534772;953
8;AUD/JPY;0.00168266250239904;954
8;AUD/JPY;0.000480406663330497;955
8;AUD/JPY;-0.00108266463104999;956
8;AUD/JPY;-0.00120823112818874;957
8;AUD/JPY;-0.0024250994307136;958
8;AUD/JPY;-0.00196984951259986;959
8;AUD/JPY;-0.00181928984587316;960
8;AUD/JPY;-0.00176089910253489;961
8;AUD/JPY;-0.00258576075207377;962
8;AUD/JPY;-0.00210975606234208;963
8;AUD/JPY;-0.00269469033006951;964
8;AUD/JPY;-0.00333575110438314;965
8;AUD/JPY;-0.00227211237732404;966
8;AUD/JPY;-0.00204788487906966;967
8;AUD/JPY;-0.00169872746306647;968
8;AUD/JPY;-0.00140048345562149;969
8;AUD/JPY;-0.000868959054397474;970
8;AUD/JPY;-0.00181669382310613;971
8;AUD/JPY;-0.00110333307890413;972
8;AUD/JPY;-0.0016823986491372;973
8;AUD/JPY;-0.00168391502454734;974
8;AUD/JPY;-0.00149785466865958;975
8;AUD/JPY;-0.000501341570403467;976
8;AUD/JPY;-8.79846027089729E-06;977
8;AUD/JPY;0.000262295119562115;978
8;AUD/JPY;0.00072938496358019;979
8;AUD/JPY;0.000945701029687546;980
8;AUD/JPY;-0.00036800971174877;981
8;AUD/JPY;0.00232685364727082;982
8;AUD/JPY;0.00266724591150983;983
8;AUD/JPY;0.00209180835806501;984
8;AUD/JPY;0.00247494177164817;985
8;AUD/JPY;0.00406537587414812;986
8;AUD/JPY;0.000616527314734737;987
8;AUD/JPY;0.00114434642496929;988
8;AUD/JPY;0.00175970102248318;989
8;AUD/JPY;0.00123792584215616;990
8;AUD/JPY;8.42728508035922E-05;991
8;AUD/JPY;5.85147022362111E-05;992
8;AUD/JPY;-0.000922768638285586;993
8;AUD/JPY;-0.00302617758318216;994
8;AUD/JPY;-0.00366240937595515;995
8;AUD/JPY;-0.00331763484675035;996
8;AUD/JPY;-0.00317354304945303;997
8;AUD/JPY;-0.00225105403017467;998
8;AUD/JPY;-0.000772549162546423;999
8;AUD/JPY;-0.00118363067809064;1000
9;AUD/JPY;-0.000798409520015018;1001
8;AUD/JPY;-0.000737192135784673;1001
9;AUD/JPY;-3.95168206760404E-05;1002
8;AUD/JPY;0.00130783960106713;1002
9;AUD/JPY;0.00114189425984913;1003
1;AUD/JPY;92.46;1003
8;AUD/JPY;0.00296191930251028;1003
9;AUD/JPY;0.00146853944777541;1004
8;AUD/JPY;0.00423839630865943;1004
9;AUD/JPY;0.00140480387244164;1005
8;AUD/JPY;0.00449035410635604;1005
9;AUD/JPY;0.000479279719604951;1006
8;AUD/JPY;0.00444547529135262;1006
9;AUD/JPY;0.000897954148607966;1007
8;AUD/JPY;0.00239588916146154;1007
9;AUD/JPY;3.27652114212567E-05;1008
8;AUD/JPY;0.000652289529247875;1008
9;AUD/JPY;0.000483447859511231;1009
8;AUD/JPY;-0.000217558732686906;1009
9;AUD/JPY;3.77171138246813E-05;1010
8;AUD/JPY;-0.00117935715317243;1010
9;AUD/JPY;-0.0010754748142127;1011
8;AUD/JPY;-0.00157371189740939;1011
9;AUD/JPY;-0.00053082417801726;1012
8;AUD/JPY;-0.000825100653209772;1012
9;AUD/JPY;8.80693909909461E-05;1013
8;AUD/JPY;-0.00065445296608363;1013
9;AUD/JPY;0.000358279827706926;1014
0;AUD/JPY;92.297;1014
8;AUD/JPY;-0.00110652742760937;1014
9;AUD/JPY;-0.000476678851200805;1015
8;AUD/JPY;0.00192234405781965;1015
9;AUD/JPY;0.00128966683961073;1016
1;AUD/JPY;93.17;1016
8;AUD/JPY;0.00243432619695426;1016
9;AUD/JPY;0.000707130433567535;1017
8;AUD/JPY;0.00160160799706758;1017
9;AUD/JPY;-0.000101502169997552;1018
8;AUD/JPY;0.000533659174663649;1018
9;AUD/JPY;-0.000306353414096468;1019
8;AUD/JPY;0.0018422573713006;1019
9;AUD/JPY;0.00100065654135254;1020
8;AUD/JPY;-0.000169889743176783;1020
9;AUD/JPY;-0.000351105898016439;1021
8;AUD/JPY;-0.000100930387019626;1021
9;AUD/JPY;0.000203799870360284;1022
8;AUD/JPY;0.000389274642079785;1022
9;AUD/JPY;3.90464712087252E-05;1023
8;AUD/JPY;0.000893440094167664;1023
9;AUD/JPY;0.000250111843854482;1024
8;AUD/JPY;-1.07368138530619E-05;1024
9;AUD/JPY;5.29404118148829E-05;1025
8;AUD/JPY;0.00135295737200208;1025
9;AUD/JPY;0.00098948499517656;1026
8;AUD/JPY;0.00126118538567934;1026
9;AUD/JPY;0.000479719925323438;1027
8;AUD/JPY;0.0015772800509876;1027
9;AUD/JPY;0.000586674767520121;1028
8;AUD/JPY;0.00448392602571104;1028
9;AUD/JPY;0.00180971311445209;1029
8;AUD/JPY;0.0040053636236483;1029
9;AUD/JPY;0.000300634330961391;1030
8;AUD/JPY;0.00313788464134967;1030
9;AUD/JPY;0.000513251386269264;1031
8;AUD/JPY;0.00449139312001991;1031
9;AUD/JPY;0.00155163431518886;1032
8;AUD/JPY;0.00272277240411752;1032
9;AUD/JPY;-0.000583766429240114;1033
8;AUD/JPY;-0.00141227150069525;1033
9;AUD/JPY;-0.0010918868075964;1034
8;AUD/JPY;-0.00158277323902966;1034
9;AUD/JPY;-0.000805110850524797;1035
8;AUD/JPY;-0.00155430801823664;1035
9;AUD/JPY;-0.000248089874933196;1036
8;AUD/JPY;-0.00290113036466912;1036
9;AUD/JPY;-0.000424196296878729;1037
8;AUD/JPY;-0.00256508738241813;1037
9;AUD/JPY;-0.00132447672929695;1038
8;AUD/JPY;-0.00112002329111338;1038
9;AUD/JPY;-2.48941337495674E-05;1039
8;AUD/JPY;-0.00065451203808269;1039
9;AUD/JPY;-0.00021119548252547;1040
8;AUD/JPY;-0.000193018473697319;1040
9;AUD/JPY;0.000443324101414386;1041
0;AUD/JPY;94.156;1041
8;AUD/JPY;-0.000640536731439444;1041
9;AUD/JPY;-0.000285668973223201;1042
8;AUD/JPY;0.00146435289149139;1042
9;AUD/JPY;0.000989769755974702;1043
1;AUD/JPY;95.183;1043
8;AUD/JPY;0.00243354958918718;1043
9;AUD/JPY;0.00131811310872666;1044
8;AUD/JPY;0.0024013956189594;1044
9;AUD/JPY;0.000417536089924412;1045
8;AUD/JPY;0.00275453645169074;1045
9;AUD/JPY;0.00125165427303741;1046
8;AUD/JPY;0.00304432074544607;1046
9;AUD/JPY;0.000739597311476016;1047
8;AUD/JPY;0.000785051287074444;1047
9;AUD/JPY;-0.000632481551340542;1048
8;AUD/JPY;-0.000439692392543809;1048
9;AUD/JPY;-6.04581418017109E-05;1049
8;AUD/JPY;-0.00075222516336731;1049
9;AUD/JPY;-0.000502577140718043;1050
8;AUD/JPY;-0.00207449787539558;1050
9;AUD/JPY;-0.000746403339889228;1051
8;AUD/JPY;-0.00116460567345672;1051
9;AUD/JPY;0.000411972339311347;1052
0;AUD/JPY;94.796;1052
8;AUD/JPY;-0.000368927947596726;1052
9;AUD/JPY;-0.000511211311311705;1053
8;AUD/JPY;-5.8979652447504E-05;1053
9;AUD/JPY;0.000214220346315884;1054
1;AUD/JPY;94.703;1054
0;AUD/JPY;94.703;1054
8;AUD/JPY;-0.000101355633741508;1054
9;AUD/JPY;-0.000426412418507;1055
8;AUD/JPY;0.000538574371469553;1055
9;AUD/JPY;0.000335150093853131;1056
1;AUD/JPY;94.872;1056
8;AUD/JPY;-0.00037284558248963;1056
9;AUD/JPY;-2.4611623012124E-05;1057
8;AUD/JPY;0.000968300632633485;1057
9;AUD/JPY;0.000815235933050181;1058
8;AUD/JPY;0.0016135465225981;1058
9;AUD/JPY;0.00103572090548091;1059
8;AUD/JPY;0.00223057666364129;1059
9;AUD/JPY;0.000621007952164893;1060
8;AUD/JPY;0.00198543002020874;1060
9;AUD/JPY;0.000498606662414414;1061
8;AUD/JPY;0.00375755780009912;1061
9;AUD/JPY;0.00172341461065272;1062
8;AUD/JPY;0.00296400534936499;1062
9;AUD/JPY;0.000604969254656921;1063
8;AUD/JPY;0.00115856587199734;1063
9;AUD/JPY;-0.000419605463097178;1064
8;AUD/JPY;0.00119325013867073;1064
9;AUD/JPY;0.000292697324399105;1065
8;AUD/JPY;0.00124081758729186;1065
9;AUD/JPY;0.000255266668102447;1066
8;AUD/JPY;-0.00128703244469521;1066
9;AUD/JPY;-0.000799777410135717;1067
8;AUD/JPY;-0.00114121215552113;1067
9;AUD/JPY;-0.000135401587567357;1068
8;AUD/JPY;-0.00054927370236427;1068
9;AUD/JPY;-0.000317514807767764;1069
8;AUD/JPY;-0.0012120491924655;1069
9;AUD/JPY;-0.000688246530858038;1070
8;AUD/JPY;-0.00104043350106246;1070
9;AUD/JPY;-5.82854315257936E-05;1071
8;AUD/JPY;-0.000381470653303586;1071
9;AUD/JPY;-0.000105630668566837;1072
8;AUD/JPY;-0.000903049058935926;1072
9;AUD/JPY;-0.000499953684080636;1073
8;AUD/JPY;-0.0011177590400737;1073
9;AUD/JPY;-0.000628849917316581;1074
8;AUD/JPY;-0.000355425558730732;1074
9;AUD/JPY;0.00010475477781926;1075
8;AUD/JPY;-0.000869784761343255;1075
9;AUD/JPY;-0.000422602024373378;1076
8;AUD/JPY;-0.000683461232893711;1076
9;AUD/JPY;-4.00495441066293E-05;1077
8;AUD/JPY;-0.000416398721266573;1077
9;AUD/JPY;-0.000170284984578629;1078
0;AUD/JPY;95.521;1078
8;AUD/JPY;0.000100540406792461;1078
9;AUD/JPY;7.70523520176143E-05;1079
1;AUD/JPY;95.495;1079
0;AUD/JPY;95.495;1079
8;AUD/JPY;-0.000196800953824529;1079
9;AUD/JPY;-8.74449236836574E-05;1080
8;AUD/JPY;0.00032870467428476;1080
9;AUD/JPY;0.000293991955282508;1081
1;AUD/JPY;95.458;1081
0;AUD/JPY;95.277;1081
8;AUD/JPY;-0.000171754736428802;1081
9;AUD/JPY;-0.000295826538129452;1082
8;AUD/JPY;-0.000892207274776036;1082
9;AUD/JPY;-0.000787289421640832;1083
8;AUD/JPY;-0.00115085266206001;1083
9;AUD/JPY;-0.000435590856217777;1084
8;AUD/JPY;-0.000557956480514752;1084
9;AUD/JPY;0.000274867480660618;1085
1;AUD/JPY;95.127;1085
8;AUD/JPY;-0.00103820069012573;1085
9;AUD/JPY;-0.000423530099694105;1086
8;AUD/JPY;-0.000602305794633923;1086
9;AUD/JPY;-6.06279167910187E-05;1087
0;AUD/JPY;95.425;1087
8;AUD/JPY;0.000762297683090532;1087
9;AUD/JPY;0.000605478640968157;1088
1;AUD/JPY;95.23;1088
8;AUD/JPY;0.000540549396499785;1088
9;AUD/JPY;-0.000183512264207389;1089
8;AUD/JPY;7.77037501833284E-05;1089
9;AUD/JPY;8.23067768855208E-05;1090
0;AUD/JPY;95.252;1090
8;AUD/JPY;0.000279480799657151;1090
9;AUD/JPY;6.29771215841817E-05;1091
1;AUD/JPY;95.437;1091
8;AUD/JPY;0.000564583784777257;1091
9;AUD/JPY;0.000442310668445009;1092
0;AUD/JPY;95.037;1092
8;AUD/JPY;0.000600648188304694;1092
9;AUD/JPY;0.00059208773526442;1093
1;AUD/JPY;95.051;1093
0;AUD/JPY;95.037;1093
8;AUD/JPY;-0.000376337132408726;1093
9;AUD/JPY;-0.000874035018486515;1094
8;AUD/JPY;-0.00102095275357058;1094
9;AUD/JPY;-0.000610514368780118;1095
8;AUD/JPY;-0.000949300595628206;1095
9;AUD/JPY;-0.000123916311198645;1096
8;AUD/JPY;-0.00149785069514955;1096
9;AUD/JPY;-0.000436626512960843;1097
8;AUD/JPY;-0.0015924135421558;1097
9;AUD/JPY;4.19120758543522E-05;1098
1;AUD/JPY;94.952;1098
8;AUD/JPY;-0.000208446304471663;1098
9;AUD/JPY;-5.9680762871436E-05;1099
0;AUD/JPY;95.006;1099
8;AUD/JPY;0.000478496863483313;1099
9;AUD/JPY;0.000219373803315595;1100
1;AUD/JPY;94.874;1100
8;AUD/JPY;0.000153962160331628;1100
9;AUD/JPY;-0.000165580952651811;1101
8;AUD/JPY;0.000760845855915218;1101
9;AUD/JPY;0.000533840333203746;1102
8;AUD/JPY;0.00174699242685622;1102
9;AUD/JPY;0.00123031286767901;1103
8;AUD/JPY;0.00267637405126681;1103
9;AUD/JPY;0.00120330028930155;1104
8;AUD/JPY;0.00265405945425029;1104
9;AUD/JPY;0.000648817909492475;1105
8;AUD/JPY;0.00389788795467349;1105
9;AUD/JPY;0.00151172425793801;1106
8;AUD/JPY;0.00360238634470227;1106
9;AUD/JPY;0.000904114180217197;1107
8;AUD/JPY;0.00168631732021679;1107
9;AUD/JPY;6.24949633653342E-05;1108
8;AUD/JPY;-0.000766396172837965;1108
9;AUD/JPY;-0.00102093255621414;1109
8;AUD/JPY;-0.00143036472892291;1109
9;AUD/JPY;-0.000716973939142102;1110
8;AUD/JPY;-0.00232500304785379;1110
9;AUD/JPY;-0.000435234475030218;1111
8;AUD/JPY;-0.00197661662648494;1111
9;AUD/JPY;-3.46688857409568E-05;1112
8;AUD/JPY;-0.00182626876069082;1112
9;AUD/JPY;-0.000591685324953804;1113
8;AUD/JPY;-0.000371758965029421;1113
9;AUD/JPY;-0.00015598806625987;1114
8;AUD/JPY;0.000213326660958134;1114
9;AUD/JPY;7.16434479523229E-05;1115
8;AUD/JPY;0.000131736469102655;1115
9;AUD/JPY;3.54870990081503E-05;1116
0;AUD/JPY;95.781;1116
8;AUD/JPY;-0.000169083774376402;1116
9;AUD/JPY;0.000114957967808379;1117
1;AUD/JPY;95.363;1117
0;AUD/JPY;95.363;1117
8;AUD/JPY;-0.000762049240837633;1117
9;AUD/JPY;-0.000786968799330596;1118
8;AUD/JPY;-0.000529590923338537;1118
9;AUD/JPY;4.09503711300605E-06;1119
1;AUD/JPY;95.598;1119
0;AUD/JPY;95.114;1119
8;AUD/JPY;-0.000200771733144811;1119
9;AUD/JPY;0.000239577267552659;1120
1;AUD/JPY;95.422;1120
0;AUD/JPY;95.12;1120
8;AUD/JPY;-0.000558908086390773;1120
9;AUD/JPY;-0.00039460771473508;1121
8;AUD/JPY;-0.00144616820830692;1121
9;AUD/JPY;-0.000845731383471474;1122
8;AUD/JPY;-0.000823928693278129;1122
9;AUD/JPY;-0.000396418466174009;1123
8;AUD/JPY;0.000489867938757463;1123
9;AUD/JPY;0.00091835930296962;1124
1;AUD/JPY;95.516;1124
8;AUD/JPY;-0.00016327556797302;1124
9;AUD/JPY;-0.000351372909270017;1125
8;AUD/JPY;0.000732333297192669;1125
9;AUD/JPY;0.000513098988532515;1126
8;AUD/JPY;0.000667794276381096;1126
9;AUD/JPY;-0.000442955287440865;1127
8;AUD/JPY;0.000912005783124739;1127
9;AUD/JPY;0.000156144716701529;1128
8;AUD/JPY;-0.000762536143837244;1128
9;AUD/JPY;-0.000350778200570445;1129
8;AUD/JPY;-0.000207426515756642;1129
9;AUD/JPY;0.000152168098207527;1130
0;AUD/JPY;95.829;1130
8;AUD/JPY;0.000129448491328907;1130
9;AUD/JPY;0.000639150592888502;1131
1;AUD/JPY;95.753;1131
8;AUD/JPY;0.000719891956489345;1131
9;AUD/JPY;4.32277130539879E-05;1132
8;AUD/JPY;0.000318431374092963;1132
9;AUD/JPY;-0.00024545278945782;1133
8;AUD/JPY;0.000768808718572897;1133
9;AUD/JPY;0.00036839329425029;1134
8;AUD/JPY;0.000439740102396493;1134
9;AUD/JPY;3.65483618824616E-05;1135
8;AUD/JPY;-0.00115546759753485;1135
9;AUD/JPY;-0.000808133639398974;1136
8;AUD/JPY;-0.00102411281650667;1136
9;AUD/JPY;-0.000275001524262953;1137
8;AUD/JPY;-0.000295369973087278;1137
9;AUD/JPY;0.000183840226430693;1138
8;AUD/JPY;-0.000441651452882774;1138
9;AUD/JPY;-2.7442516935983E-05;1139
0;AUD/JPY;96.206;1139
8;AUD/JPY;0.00120952133906188;1139
9;AUD/JPY;0.00111997158224421;1140
1;AUD/JPY;95.833;1140
8;AUD/JPY;0.00115338038328749;1140
9;AUD/JPY;-0.000341981572966144;1141
8;AUD/JPY;0.000672861393348851;1141
9;AUD/JPY;-0.000292055990803787;1142
8;AUD/JPY;-0.000465936490801478;1142
9;AUD/JPY;-0.000769472007324669;1143
8;AUD/JPY;-0.000222240881640312;1143
9;AUD/JPY;0.000133925846171926;1144
8;AUD/JPY;-0.00122625564020536;1144
9;AUD/JPY;0.000136110634859667;1145
8;AUD/JPY;-0.00072139212646753;1145
9;AUD/JPY;-0.000379868902177829;1146
8;AUD/JPY;-0.000395896630615032;1146
9;AUD/JPY;-0.000233052692171049;1147
0;AUD/JPY;95.528;1147
8;AUD/JPY;0.000704780013844605;1147
9;AUD/JPY;0.000397473449081618;1148
1;AUD/JPY;95.741;1148
8;AUD/JPY;0.000814375140602522;1148
9;AUD/JPY;0.000544307722011944;1149
8;AUD/JPY;0.000637006402091703;1149
9;AUD/JPY;0.000463278472216151;1150
8;AUD/JPY;0.00103214712534972;1150
9;AUD/JPY;0.000364722151630571;1151
8;AUD/JPY;0.000274487866616766;1151
9;AUD/JPY;-0.000551598087372516;1152
8;AUD/JPY;-0.000146624501236315;1152
9;AUD/JPY;-0.000120235324777302;1153
8;AUD/JPY;-0.000146301198878544;1153
9;AUD/JPY;0.000326644798055605;1154
8;AUD/JPY;-0.000457186001273274;1154
9;AUD/JPY;-2.83560223346097E-05;1155
0;AUD/JPY;95.035;1155
8;AUD/JPY;-0.000860449930010341;1155
9;AUD/JPY;-0.000413102037633653;1156
8;AUD/JPY;-0.00093816579404277;1156
9;AUD/JPY;-0.000901227662596844;1157
8;AUD/JPY;-0.0014025406140562;1157
9;AUD/JPY;-0.00077357229198194;1158
8;AUD/JPY;-0.00479258693878451;1158
9;AUD/JPY;-0.00191907424741748;1159
8;AUD/JPY;-0.00358493002462196;1159
9;AUD/JPY;0.000244103711737361;1160
1;AUD/JPY;94.05;1160
8;AUD/JPY;-0.00321114106074177;1160
9;AUD/JPY;-0.000392844869734452;1161
8;AUD/JPY;-0.00203835272156467;1161
9;AUD/JPY;-7.30417599247921E-05;1162
8;AUD/JPY;-0.00187199594347806;1162
9;AUD/JPY;-0.000485034247365033;1163
0;AUD/JPY;94.073;1163
8;AUD/JPY;0.00141904346157565;1163
9;AUD/JPY;0.000575855976907149;1164
1;AUD/JPY;94.187;1164
8;AUD/JPY;0.000359274532324186;1164
9;AUD/JPY;0.000276122038012066;1165
8;AUD/JPY;0.00115578450878067;1165
9;AUD/JPY;0.000898898402340631;1166
8;AUD/JPY;0.000333391807175025;1166
9;AUD/JPY;-0.000412025509508182;1167
8;AUD/JPY;0.000620993023601879;1167
9;AUD/JPY;3.44586941738393E-05;1168
8;AUD/JPY;-5.95465956506423E-05;1168
9;AUD/JPY;-0.000280941074287747;1169
8;AUD/JPY;-0.00046995050994844;1169
9;AUD/JPY;-0.000274593329705132;1170
8;AUD/JPY;-0.0012919489325756;1170
9;AUD/JPY;-0.000271025615263471;1171
0;AUD/JPY;92.617;1171
8;AUD/JPY;-0.00256029120304592;1171
9;AUD/JPY;-0.00148967804817334;1172
8;AUD/JPY;-0.00432723118251826;1172
9;AUD/JPY;-0.00178259189564739;1173
8;AUD/JPY;-0.0051579345435768;1173
9;AUD/JPY;-0.00172386576238619;1174
8;AUD/JPY;-0.00395835391836478;1174
9;AUD/JPY;4.64155545307142E-06;1175
1;AUD/JPY;92.152;1175
8;AUD/JPY;-0.00393971183152636;1175
9;AUD/JPY;-0.000611871940435811;1176
8;AUD/JPY;-0.00296830974194861;1176
9;AUD/JPY;-0.00122982427511879;1177
0;AUD/JPY;90.903;1177
8;AUD/JPY;-0.00191862633670004;1177
9;AUD/JPY;-0.0010451565534317;1178
8;AUD/JPY;-0.00176911793918371;1178
9;AUD/JPY;-0.00109894073552489;1179
8;AUD/JPY;-0.00165282988603874;1179
9;AUD/JPY;0.000350479898103416;1180
1;AUD/JPY;89.945;1180
0;AUD/JPY;89.945;1180
8;AUD/JPY;-0.00484000002788997;1180
9;AUD/JPY;-0.00190480625504418;1181
8;AUD/JPY;-0.00433491046321627;1181
9;AUD/JPY;-0.00104130131369191;1182
8;AUD/JPY;-0.00350283261598541;1182
9;AUD/JPY;-0.000519081251046689;1183
8;AUD/JPY;-0.000792062767506581;1183
9;AUD/JPY;0.000991199261875519;1184
1;AUD/JPY;90.161;1184
8;AUD/JPY;-0.00263821467282365;1184
9;AUD/JPY;-0.000884833875073765;1185
8;AUD/JPY;0.00188135648755388;1185
9;AUD/JPY;0.00114507321391483;1186
8;AUD/JPY;0.00314040686324641;1186
9;AUD/JPY;0.00116258204936878;1187
8;AUD/JPY;0.00315639448257082;1187
9;AUD/JPY;0.000593025053732452;1188
8;AUD/JPY;0.000941738660166384;1188
9;AUD/JPY;-0.000222755964979161;1189
8;AUD/JPY;0.00307346103756298;1189
9;AUD/JPY;0.00146261165856254;1190
8;AUD/JPY;0.00125177468291736;1190
9;AUD/JPY;-6.93910776667495E-05;1191
8;AUD/JPY;0.00047121502069951;1191
9;AUD/JPY;6.27019831829221E-05;1192
8;AUD/JPY;0.00117719476879776;1192
9;AUD/JPY;0.000720568643954044;1193
8;AUD/JPY;0.00222309602510844;1193
9;AUD/JPY;0.000876506908477561;1194
8;AUD/JPY;0.000634765359017311;1194
9;AUD/JPY;2.42194003589812E-05;1195
8;AUD/JPY;0.00173725541793559;1195
9;AUD/JPY;0.000932223608859157;1196
8;AUD/JPY;-0.000219031682918293;1196
9;AUD/JPY;-0.000903216129476614;1197
8;AUD/JPY;-0.000751905236392243;1197
9;AUD/JPY;8.19473902560961E-05;1198
8;AUD/JPY;-0.00115441380647568;1198
9;AUD/JPY;-4.06442566067624E-05;1199
0;AUD/JPY;92.149;1199
8;AUD/JPY;0.000660977934876603;1199
9;AUD/JPY;0.00113283381886524;1200
1;AUD/JPY;92.064;1200
8;AUD/JPY;-0.000228011816163169;1200
9;AUD/JPY;-0.000149619332988527;1201
8;AUD/JPY;0.00114942845111362;1201
9;AUD/JPY;-0.000228106517663638;1202
8;AUD/JPY;0.000116030236792648;1202
9;AUD/JPY;-0.000672781512607585;1203
8;AUD/JPY;0.000175008761604583;1203
9;AUD/JPY;0.000101731034230969;1204
8;AUD/JPY;-0.000809127703630804;1204
9;AUD/JPY;0.000294412465623436;1205
8;AUD/JPY;-0.000805548480236978;1205
9;AUD/JPY;-0.000333192809409145;1206
0;AUD/JPY;91.667;1206
8;AUD/JPY;-0.000285647361345959;1206
9;AUD/JPY;-9.2086071878928E-05;1207
8;AUD/JPY;0.000500565856706956;1207
9;AUD/JPY;5.21883954538306E-05;1208
1;AUD/JPY;92.069;1208
8;AUD/JPY;0.00129467219029101;1208
9;AUD/JPY;0.000961971778622557;1209
8;AUD/JPY;0.000407148090990094;1209
9;AUD/JPY;-9.55042220138144E-05;1210
8;AUD/JPY;0.000224573361507788;1210
9;AUD/JPY;-0.000248481828191378;1211
8;AUD/JPY;-0.000522196360525897;1211
9;AUD/JPY;-0.000711256101114703;1212
8;AUD/JPY;-0.00029494180245702;1212
9;AUD/JPY;1.77557618584355E-05;1213
8;AUD/JPY;-0.00105646895731648;1213
9;AUD/JPY;-8.71020755873955E-05;1214
8;AUD/JPY;-0.00133338919249705;1214
9;AUD/JPY;-0.00070369118300394;1215
0;AUD/JPY;90.868;1215
8;AUD/JPY;-0.00140389817650741;1215
9;AUD/JPY;-0.000675469818694354;1216
8;AUD/JPY;-0.00218655939445972;1216
9;AUD/JPY;-0.00136451904048751;1217
8;AUD/JPY;-0.00313787230708189;1217
9;AUD/JPY;-0.00127393646213488;1218
8;AUD/JPY;-0.00341203339136906;1218
9;AUD/JPY;-0.000811342730328886;1219
8;AUD/JPY;-0.00342300164690556;1219
9;AUD/JPY;-0.00115536031757809;1220
8;AUD/JPY;-0.0025041178604173;1220
9;AUD/JPY;-0.000167094221759299;1221
8;AUD/JPY;-0.00163456575817766;1221
9;AUD/JPY;-0.000907760491996524;1222
8;AUD/JPY;0.000470285715483467;1222
9;AUD/JPY;0.000876471920473699;1223
1;AUD/JPY;90.465;1223
8;AUD/JPY;0.000961870627608826;1223
9;AUD/JPY;0.000528104239197489;1224
8;AUD/JPY;0.00224371798640246;1224
9;AUD/JPY;0.00105603976138409;1225
8;AUD/JPY;0.000915627655788286;1225
9;AUD/JPY;-0.000405094049527006;1226
8;AUD/JPY;0.00180038399773238;1226
9;AUD/JPY;0.000550364055190533;1227
8;AUD/JPY;0.000371895445183474;1227
9;AUD/JPY;-6.53160582435297E-06;1228
8;AUD/JPY;0.0001326142741542;1228
9;AUD/JPY;0.000194599422664917;1229
8;AUD/JPY;-0.000666277518235976;1229
9;AUD/JPY;-0.000174438480823855;1230
8;AUD/JPY;0.000218863149483689;1230
9;AUD/JPY;9.12678796117332E-05;1231
8;AUD/JPY;-0.000114952695710359;1231
9;AUD/JPY;-0.000144505395090624;1232
0;AUD/JPY;90.868;1232
8;AUD/JPY;0.000931127085897772;1232
9;AUD/JPY;0.000846479598010446;1233
1;AUD/JPY;90.513;1233
8;AUD/JPY;-5.74553896001413E-05;1233
9;AUD/JPY;-0.000585990848520278;1234
8;AUD/JPY;7.73314046941714E-05;1234
9;AUD/JPY;9.73384407317224E-05;1235
8;AUD/JPY;-0.000677261503276587;1235
9;AUD/JPY;-0.000690123947723178;1236
8;AUD/JPY;-0.000622332475276636;1236
9;AUD/JPY;-0.000231429608058377;1237
0;AUD/JPY;91.495;1237
8;AUD/JPY;0.00137768182525482;1237
9;AUD/JPY;0.00109599235311183;1238
1;AUD/JPY;91.999;1238
8;AUD/JPY;0.00327933695011306;1238
9;AUD/JPY;0.00115988521313764;1239
8;AUD/JPY;0.00246331244088676;1239
9;AUD/JPY;-0.000277283643872649;1240
8;AUD/JPY;0.0030254101437019;1240
9;AUD/JPY;0.000252426890763393;1241
8;AUD/JPY;0.00336966763835952;1241
9;AUD/JPY;0.000650894091921148;1242
8;AUD/JPY;0.000476029528918818;1242
9;AUD/JPY;0.000105429125515152;1243
8;AUD/JPY;-0.00118408702050733;1243
9;AUD/JPY;-0.000703068331552685;1244
8;AUD/JPY;-0.000353796855676333;1244
9;AUD/JPY;9.2166754502634E-06;1245
8;AUD/JPY;6.33184321967899E-05;1245
9;AUD/JPY;0.00022870846615397;1246
0;AUD/JPY;91.94;1246
8;AUD/JPY;0.000501024093327372;1246
9;AUD/JPY;0.000626206495907452;1247
1;AUD/JPY;91.881;1247
8;AUD/JPY;0.000359545761855748;1247
9;AUD/JPY;-9.02741727434076E-06;1248
8;AUD/JPY;0.00114929684864311;1248
9;AUD/JPY;0.000475752337317677;1249
8;AUD/JPY;0.000645971427403714;1249
9;AUD/JPY;-0.000130823625018869;1250
8;AUD/JPY;0.0012665156680169;1250
9;AUD/JPY;0.000912735048776503;1251
0;AUD/JPY;91.292;1251
8;AUD/JPY;0.000983144236957927;1251
9;AUD/JPY;0.000541346214602904;1252
1;AUD/JPY;91.785;1252
0;AUD/JPY;91.785;1252
8;AUD/JPY;-0.000211291018546285;1252
9;AUD/JPY;-0.000829412482036732;1253
8;AUD/JPY;-0.0021095512528819;1253
9;AUD/JPY;-0.0013153726052938;1254
8;AUD/JPY;-0.000659087041547051;1254
9;AUD/JPY;0.000663922343021963;1255
1;AUD/JPY;90.891;1255
0;AUD/JPY;90.891;1255
8;AUD/JPY;-0.00289293294276388;1255
9;AUD/JPY;-0.00136989366566996;1256
8;AUD/JPY;-0.00223587639903853;1256
9;AUD/JPY;0.000307511109885753;1257
1;AUD/JPY;91.761;1257
8;AUD/JPY;-4.79527449794853E-05;1257
9;AUD/JPY;0.000686389172599472;1258
8;AUD/JPY;0.00103678850384704;1258
9;AUD/JPY;-0.000174841222398904;1259
8;AUD/JPY;6.55694714416309E-05;1259
9;AUD/JPY;0.000112669773680939;1260
8;AUD/JPY;0.00188167100866437;1260
9;AUD/JPY;0.000785215641901582;1261
8;AUD/JPY;0.000830212131255942;1261
9;AUD/JPY;0.000207727202006036;1262
8;AUD/JPY;-0.000191926035971308;1262
9;AUD/JPY;-0.000166743348758697;1263
8;AUD/JPY;0.000318941008903784;1263
9;AUD/JPY;3.37426760615063E-05;1264
8;AUD/JPY;0.000196579532240468;1264
9;AUD/JPY;3.04990802323364E-05;1265
8;AUD/JPY;0.00019177128387008;1265
9;AUD/JPY;0.000398760753501324;1266
8;AUD/JPY;7.15573433840433E-18;1266
9;AUD/JPY;-0.000142850145025748;1267
8;AUD/JPY;-0.000874719844326671;1267
9;AUD/JPY;-0.000890266999539822;1268
8;AUD/JPY;-0.000866256768343313;1268
9;AUD/JPY;-0.000235388464227457;1269
8;AUD/JPY;-0.000702019845886553;1269
9;AUD/JPY;-4.14192707344816E-05;1270
8;AUD/JPY;-0.000776937316281427;1270
9;AUD/JPY;0.000128747095408125;1271
8;AUD/JPY;-0.00210185653455877;1271
9;AUD/JPY;-0.00130588942441056;1272
8;AUD/JPY;-0.000256580389249722;1272
9;AUD/JPY;0.000586801238179214;1273
0;AUD/JPY;90.301;1273
8;AUD/JPY;-0.00155375628777658;1273
9;AUD/JPY;-0.00108959931246068;1274
8;AUD/JPY;-0.000913464182079877;1274
9;AUD/JPY;0.000451213105612098;1275
1;AUD/JPY;90.546;1275
0;AUD/JPY;90.195;1275
8;AUD/JPY;-0.0020439962960199;1275
9;AUD/JPY;-0.00092376658001224;1276
8;AUD/JPY;-0.00191719514163443;1276
9;AUD/JPY;-0.00121583156917198;1277
8;AUD/JPY;-0.00329444982493331;1277
9;AUD/JPY;-0.00113406907618404;1278
8;AUD/JPY;-0.00499310112790694;1278
9;AUD/JPY;-0.00191224847840624;1279
8;AUD/JPY;-0.00743678436381661;1279
9;AUD/JPY;-0.00224181464869656;1280
8;AUD/JPY;-0.0115822191095369;1280
9;AUD/JPY;-0.00265103190511746;1281
8;AUD/JPY;-0.0105271835437351;1281
9;AUD/JPY;-0.00157629294375116;1282
8;AUD/JPY;-0.00766985549988198;1282
9;AUD/JPY;0.000231035595647073;1283
1;AUD/JPY;86.134;1283
8;AUD/JPY;-0.00498388851096351;1283
9;AUD/JPY;-0.00081642238523982;1284
8;AUD/JPY;-0.00785465034754876;1284
9;AUD/JPY;-0.00174375860377245;1285
8;AUD/JPY;-0.00109145592594099;1285
9;AUD/JPY;0.00108449365943854;1286
8;AUD/JPY;-0.00212856988460281;1286
9;AUD/JPY;-0.000922319281172999;1287
8;AUD/JPY;-0.00187245915137791;1287
9;AUD/JPY;0.000993500482344591;1288
0;AUD/JPY;86.053;1288
8;AUD/JPY;-0.00017425348011924;1288
9;AUD/JPY;0.00111168626124836;1289
1;AUD/JPY;86.789;1289
8;AUD/JPY;0.0060718844520883;1289
9;AUD/JPY;0.00189699135621435;1290
8;AUD/JPY;0.00433283732886585;1290
9;AUD/JPY;0.000801805911860222;1291
8;AUD/JPY;0.00522298616082665;1291
9;AUD/JPY;0.000502110241715451;1292
8;AUD/JPY;0.00232165819174249;1292
9;AUD/JPY;0.000142937006765272;1293
8;AUD/JPY;0.00125124953385874;1293
9;AUD/JPY;0.00040652642252713;1294
8;AUD/JPY;-0.000838352931099982;1294
9;AUD/JPY;-0.000502349439524653;1295
8;AUD/JPY;-0.00172095806491528;1295
9;AUD/JPY;-0.000969588492284237;1296
8;AUD/JPY;-0.00122273550226788;1296
9;AUD/JPY;-0.000282643233165177;1297
8;AUD/JPY;-0.00258623791739853;1297
9;AUD/JPY;-0.00147527766576059;1298
8;AUD/JPY;-0.00518537164094629;1298
9;AUD/JPY;-0.00201148759342034;1299
8;AUD/JPY;-0.00585932393789662;1299
9;AUD/JPY;-0.00181042876273999;1300
8;AUD/JPY;-0.0041286488839007;1300
9;AUD/JPY;-1.97771494378323E-05;1301
8;AUD/JPY;-0.00464825706461889;1301
9;AUD/JPY;-0.00120054281932796;1302
8;AUD/JPY;-0.000911141910251679;1302
9;AUD/JPY;0.000843122147235463;1303
0;AUD/JPY;84.54;1303
8;AUD/JPY;0.000381297592652376;1303
9;AUD/JPY;-0.000742305304761465;1304
8;AUD/JPY;0.00120226082262993;1304
9;AUD/JPY;-4.37849965558381E-05;1305
8;AUD/JPY;-2.6088761117257E-05;1305
9;AUD/JPY;-0.000343589647830596;1306
8;AUD/JPY;-0.00219934802216164;1306
9;AUD/JPY;-0.00148147144245197;1307
8;AUD/JPY;-0.0063292410843227;1307
9;AUD/JPY;-0.00210754529887687;1308
8;AUD/JPY;-0.00453953120940865;1308
9;AUD/JPY;-0.000128765627653574;1309
8;AUD/JPY;-0.00406819645113948;1309
9;AUD/JPY;-0.000357818886002182;1310
8;AUD/JPY;-0.00403705631146163;1310
9;AUD/JPY;-0.000701565014453023;1311
8;AUD/JPY;-0.000580153629846099;1311
9;AUD/JPY;0.000587056086613041;1312
1;AUD/JPY;83.86;1312
8;AUD/JPY;0.00365176148682023;1312
9;AUD/JPY;0.00171006963360764;1313
8;AUD/JPY;0.00346958494236071;1313
9;AUD/JPY;0.00108456892650254;1314
8;AUD/JPY;0.00423158257832592;1314
9;AUD/JPY;0.00149732505408966;1315
8;AUD/JPY;0.00561756928238176;1315
9;AUD/JPY;0.00186966890338708;1316
8;AUD/JPY;0.00470783747242019;1316
9;AUD/JPY;0.000828104788324726;1317
8;AUD/JPY;-0.000367686662706225;1317
9;AUD/JPY;-0.00088783189988466;1318
8;AUD/JPY;0.00341041977831964;1318
9;AUD/JPY;0.00157173557547909;1319
8;AUD/JPY;0.00249335794231434;1319
9;AUD/JPY;0.00031455305069143;1320
8;AUD/JPY;0.000828955893632097;1320
9;AUD/JPY;-0.000502460251350136;1321
8;AUD/JPY;0.000197695917437592;1321
9;AUD/JPY;-0.000824838107883076;1322
8;AUD/JPY;0.00392819063913339;1322
9;AUD/JPY;0.000831480278418215;1323
8;AUD/JPY;0.000518479883995767;1323
9;AUD/JPY;0.000753543267581423;1324
8;AUD/JPY;-0.000592294753999286;1324
9;AUD/JPY;-0.000836383512296468;1325
8;AUD/JPY;0.000542944400845217;1325
9;AUD/JPY;0.000611887087442684;1326
8;AUD/JPY;0.00273581622766751;1326
9;AUD/JPY;0.00145732943500042;1327
8;AUD/JPY;-0.000511491227978419;1327
9;AUD/JPY;-0.00100148125900679;1328
8;AUD/JPY;-0.00103361820236686;1328
9;AUD/JPY;0.000266414894028211;1329
0;AUD/JPY;85.81;1329
8;AUD/JPY;0.00115953195560759;1329
9;AUD/JPY;0.00118834586149432;1330
1;AUD/JPY;86.302;1330
8;AUD/JPY;0.00166640478090552;1330
9;AUD/JPY;0.00127190119260958;1331
8;AUD/JPY;0.00109224134101769;1331
9;AUD/JPY;0.00104907255775351;1332
8;AUD/JPY;0.00381850405374897;1332
9;AUD/JPY;0.00106391675589506;1333
8;AUD/JPY;0.00341713818182023;1333
9;AUD/JPY;0.000774490456980489;1334
8;AUD/JPY;0.00138215945423368;1334
9;AUD/JPY;-0.000293413306582823;1335
8;AUD/JPY;4.17144646417697E-05;1335
9;AUD/JPY;-0.000134759389000832;1336
8;AUD/JPY;-0.000443582105872937;1336
9;AUD/JPY;0.000198073653277947;1337
8;AUD/JPY;-0.000579359301816467;1337
9;AUD/JPY;-3.34634263598215E-05;1338
8;AUD/JPY;-0.00115575191026413;1338
9;AUD/JPY;-0.000698028655038262;1339
8;AUD/JPY;-0.000502975817468865;1339
9;AUD/JPY;-0.000292487030751202;1340
8;AUD/JPY;-0.00118296095878275;1340
9;AUD/JPY;-0.000892392778568816;1341
8;AUD/JPY;-0.00138092443547548;1341
9;AUD/JPY;-0.000189119284545293;1342
0;AUD/JPY;84.989;1342
8;AUD/JPY;-0.0017085787686346;1342
9;AUD/JPY;-0.000579006624940626;1343
8;AUD/JPY;-0.00309544033107499;1343
9;AUD/JPY;-0.00160924149568268;1344
8;AUD/JPY;-0.00286335245844864;1344
9;AUD/JPY;-0.000541526603002725;1345
8;AUD/JPY;-0.00271292426968788;1345
9;AUD/JPY;-0.00104571019938171;1346
8;AUD/JPY;-0.00413909298867881;1346
9;AUD/JPY;-0.00163158881678185;1347
8;AUD/JPY;-0.00391278443912307;1347
9;AUD/JPY;-0.000766879193409281;1348
8;AUD/JPY;-0.00339777978616547;1348
9;AUD/JPY;-0.00159879440867293;1349
8;AUD/JPY;-0.00314634558602405;1349
9;AUD/JPY;-0.000463439859818853;1350
8;AUD/JPY;-0.000826325158397293;1350
9;AUD/JPY;0.000728169053207808;1351
1;AUD/JPY;84.503;1351
8;AUD/JPY;0.000873053034019881;1351
9;AUD/JPY;0.00054552868950767;1352
8;AUD/JPY;0.00126317955647789;1352
9;AUD/JPY;0.000611659755849492;1353
8;AUD/JPY;0.00231893556750795;1353
9;AUD/JPY;0.000199693117416999;1354
8;AUD/JPY;0.0020935873426749;1354
9;AUD/JPY;0.000466149672573262;1355
8;AUD/JPY;-0.000875025173608456;1355
9;AUD/JPY;-0.000993931744871889;1356
0;AUD/JPY;82.939;1356
8;AUD/JPY;-0.0023047325351546;1356
9;AUD/JPY;-0.00116519960782718;1357
8;AUD/JPY;-0.00257028021372287;1357
9;AUD/JPY;-0.000453974416104377;1358
8;AUD/JPY;-0.00140148084673791;1358
9;AUD/JPY;0.00028452918255642;1359
1;AUD/JPY;84.005;1359
8;AUD/JPY;-0.00124161333176155;1359
9;AUD/JPY;-7.75940273845965E-05;1360
0;AUD/JPY;84.123;1360
8;AUD/JPY;0.000430857656352136;1360
9;AUD/JPY;0.000362073478211905;1361
1;AUD/JPY;84.111;1361
8;AUD/JPY;0.00138174340718567;1361
9;AUD/JPY;0.000328976092304991;1362
8;AUD/JPY;0.00105017187205933;1362
9;AUD/JPY;0.000115460876568356;1363
8;AUD/JPY;0.00248974225883809;1363
9;AUD/JPY;0.00144230284347057;1364
8;AUD/JPY;0.000613460944871002;1364
9;AUD/JPY;-0.000879686349548388;1365
8;AUD/JPY;0.000536677199806559;1365
9;AUD/JPY;0.000209527626823089;1366
0;AUD/JPY;84.478;1366
8;AUD/JPY;0.000863798967309126;1366
9;AUD/JPY;0.000352940942675589;1367
1;AUD/JPY;83.879;1367
0;AUD/JPY;83.879;1367
8;AUD/JPY;-0.000352624522502257;1367
9;AUD/JPY;-0.00097119739537314;1368
8;AUD/JPY;-0.000894254322726927;1368
9;AUD/JPY;0.000776910537238457;1369
1;AUD/JPY;85.098;1369
8;AUD/JPY;0.00198437762174088;1369
9;AUD/JPY;0.00118279652220794;1370
8;AUD/JPY;0.00225908502285985;1370
9;AUD/JPY;0.000859423941042301;1371
8;AUD/JPY;0.00209879850584588;1371
9;AUD/JPY;0.000557086373735302;1372
8;AUD/JPY;0.00367190891533429;1372
9;AUD/JPY;0.00090176712037883;1373
8;AUD/JPY;0.0029343593774701;1373
9;AUD/JPY;0.00131692067380674;1374
8;AUD/JPY;0.00232302591785882;1374
9;AUD/JPY;0.0010013212730305;1375
8;AUD/JPY;0.00273640309430584;1375
9;AUD/JPY;0.00127614936066819;1376
8;AUD/JPY;0.00252407476121321;1376
9;AUD/JPY;0.00054513703198928;1377
8;AUD/JPY;0.00200346454714017;1377
9;AUD/JPY;0.000197073623369474;1378
8;AUD/JPY;0.000474827399904443;1378
9;AUD/JPY;-0.000331264101289272;1379
8;AUD/JPY;0.00131773683198224;1379
9;AUD/JPY;0.00109661708468232;1380
8;AUD/JPY;0.00156209394793215;1380
9;AUD/JPY;0.00103064101693554;1381
8;AUD/JPY;0.00293545321246154;1381
9;AUD/JPY;0.00137297291506208;1382
8;AUD/JPY;0.00427016782699925;1382
9;AUD/JPY;0.00153640499979384;1383
8;AUD/JPY;0.00427809038830585;1383
9;AUD/JPY;0.0004597560125901;1384
8;AUD/JPY;0.00404898955098856;1384
9;AUD/JPY;0.00161060868755376;1385
8;AUD/JPY;0.00314002499250006;1385
9;AUD/JPY;0.000861925362917309;1386
8;AUD/JPY;0.000978063794565365;1386
9;AUD/JPY;-0.000402689288554966;1387
8;AUD/JPY;-0.00135007200383703;1387
9;AUD/JPY;-0.00113823925394805;1388
8;AUD/JPY;-0.00146860475001431;1388
9;AUD/JPY;-0.000840822114168019;1389
8;AUD/JPY;-0.00446028411804657;1389
9;AUD/JPY;-0.00188457861686731;1390
8;AUD/JPY;-0.00388268689466633;1390
9;AUD/JPY;-0.000206005935365972;1391
8;AUD/JPY;-0.00378167098452226;1391
9;AUD/JPY;-0.00131745457872376;1392
8;AUD/JPY;-0.0012373866534878;1392
9;AUD/JPY;0.000544183067374432;1393
0;AUD/JPY;86.953;1393
8;AUD/JPY;-0.000691203921251186;1393
9;AUD/JPY;-0.000210177290079255;1394
8;AUD/JPY;7.16908052656885E-05;1394
9;AUD/JPY;-0.000693648829490677;1395
8;AUD/JPY;0.000928470498281624;1395
9;AUD/JPY;0.00104279727733551;1396
1;AUD/JPY;86.759;1396
8;AUD/JPY;0.000591081115051365;1396
9;AUD/JPY;-0.000671101694083982;1397
8;AUD/JPY;-0.000446418483894778;1397
9;AUD/JPY;-3.75278257617965E-05;1398
8;AUD/JPY;-0.000797502526091195;1398
9;AUD/JPY;-0.000629173942904855;1399
8;AUD/JPY;0.00123780886428509;1399
9;AUD/JPY;0.000892020744735324;1400
0;AUD/JPY;86.698;1400
8;AUD/JPY;-0.00124430432470117;1400
9;AUD/JPY;-0.000865018938069652;1401
8;AUD/JPY;-2.99737730047601E-05;1401
9;AUD/JPY;7.6765475601865E-05;1402
1;AUD/JPY;87.256;1402
8;AUD/JPY;0.000972097261833112;1402
9;AUD/JPY;0.000944734631164527;1403
8;AUD/JPY;0.00073078179200452;1403
9;AUD/JPY;-0.000393128854680756;1404
0;AUD/JPY;86.506;1404
8;AUD/JPY;3.67634388637158E-05;1404
9;AUD/JPY;0.00023760288571511;1405
1;AUD/JPY;86.534;1405
0;AUD/JPY;86.534;1405
8;AUD/JPY;-0.000381047070641297;1405
9;AUD/JPY;-0.00085797399234372;1406
8;AUD/JPY;-0.000209942285154693;1406
9;AUD/JPY;0.000190830052421659;1407
1;AUD/JPY;86.463;1407
0;AUD/JPY;86.311;1407
8;AUD/JPY;-0.0018262863892454;1407
9;AUD/JPY;-0.000750157636188802;1408
8;AUD/JPY;-0.0012719414519672;1408
9;AUD/JPY;-0.000419475843473515;1409
8;AUD/JPY;-0.000163189325899689;1409
9;AUD/JPY;0.000788567547301205;1410
1;AUD/JPY;87.179;1410
8;AUD/JPY;0.00150149818037531;1410
9;AUD/JPY;0.000648344559804335;1411
8;AUD/JPY;0.0019547533881432;1411
9;AUD/JPY;0.00094538564423775;1412
8;AUD/JPY;0.00226825527634663;1412
9;AUD/JPY;0.000385107606097342;1413
8;AUD/JPY;0.00285343032507666;1413
9;AUD/JPY;0.000941163501552235;1414
8;AUD/JPY;0.00198596822518397;1414
9;AUD/JPY;0.000907743968241289;1415
