8;AUD/USD;0.0308754870181064;5
8;AUD/USD;0.00199846128759389;6
8;AUD/USD;0.00178157428934604;7
8;AUD/USD;0.000632809315699391;8
8;AUD/USD;0.00124704455782372;9
8;AUD/USD;-2.00721482384818E-05;10
8;AUD/USD;-0.00127330628565077;11
8;AUD/USD;-0.00109171309426254;12
8;AUD/USD;-0.000930900355871347;13
8;AUD/USD;-0.00102931531739573;14
8;AUD/USD;-0.000838135205102559;15
8;AUD/USD;-0.000803890289303339;16
8;AUD/USD;-0.000818208502787517;17
8;AUD/USD;-0.000707782404889891;18
8;AUD/USD;-0.000440192424925826;19
8;AUD/USD;-0.000675293558273993;20
8;AUD/USD;0.00176743512958047;21
8;AUD/USD;0.00293800699765351;22
8;AUD/USD;0.00328176314435656;23
8;AUD/USD;0.00354551650175713;24
8;AUD/USD;0.00329642890957901;25
8;AUD/USD;0.00125612493902163;26
8;AUD/USD;-0.00032654519185851;27
8;AUD/USD;-0.0016051307783247;28
8;AUD/USD;-0.00312102856327456;29
8;AUD/USD;-0.00274435773238652;30
8;AUD/USD;-0.00268184873148566;31
8;AUD/USD;-0.00425344773336154;32
8;AUD/USD;-0.0034787009823599;33
8;AUD/USD;-0.00213150697164939;34
8;AUD/USD;-0.00251683444041854;35
8;AUD/USD;-0.00269097846683663;36
8;AUD/USD;-0.000762235065025563;37
8;AUD/USD;-0.000193152201893067;38
8;AUD/USD;-0.000426768526593076;39
8;AUD/USD;-0.000202085585672747;40
8;AUD/USD;0.000386649349967801;41
8;AUD/USD;0.000673646517621808;42
8;AUD/USD;9.54632257418377E-05;43
8;AUD/USD;0.00167459679396089;44
8;AUD/USD;0.0012501031494126;45
8;AUD/USD;0.000947536029775294;46
8;AUD/USD;-0.000425316731142862;47
8;AUD/USD;-0.000434498422093978;48
8;AUD/USD;-0.00266557185439491;49
8;AUD/USD;-0.00357164551337006;50
8;AUD/USD;-0.0028194821233776;51
8;AUD/USD;-0.0020528257575274;52
8;AUD/USD;-0.00123813944100987;53
8;AUD/USD;-0.000237651845199509;54
8;AUD/USD;0.00066310699701727;55
8;AUD/USD;0.00149895592431658;56
8;AUD/USD;0.00178169797268795;57
8;AUD/USD;0.00129961800084641;58
8;AUD/USD;0.000939814907271935;59
8;AUD/USD;0.000464469986756445;60
8;AUD/USD;-0.000892079438857564;61
8;AUD/USD;-0.000898025513206026;62
8;AUD/USD;-0.000572252979512479;63
8;AUD/USD;0.000156965344878381;64
8;AUD/USD;0.000394979551774119;65
8;AUD/USD;-0.000512861888535186;66
8;AUD/USD;0.000484931901096506;67
8;AUD/USD;4.79405539429276E-05;68
8;AUD/USD;0.000349884786323156;69
8;AUD/USD;-0.000468124917573376;70
8;AUD/USD;0.00394969197914974;71
8;AUD/USD;0.00320467376798184;72
8;AUD/USD;0.00338147158238461;73
8;AUD/USD;0.00182354570003146;74
8;AUD/USD;0.00383133525109213;75
8;AUD/USD;0.000630600321571865;76
8;AUD/USD;0.00141145427302449;77
8;AUD/USD;0.00110787487926304;78
8;AUD/USD;0.00124229573096253;79
8;AUD/USD;0.000564396392423644;80
8;AUD/USD;0.000581707945434442;81
8;AUD/USD;-0.000323977169014494;82
8;AUD/USD;-0.000581148847625598;83
8;AUD/USD;-0.00012522501778752;84
8;AUD/USD;4.91971915356851E-05;85
8;AUD/USD;0.00150456974868373;86
8;AUD/USD;0.00196482502354499;87
8;AUD/USD;0.00186485173017045;88
8;AUD/USD;0.00257144653197105;89
8;AUD/USD;0.00196688610338435;90
8;AUD/USD;5.54259208406773E-05;91
8;AUD/USD;-0.0017413363423389;92
8;AUD/USD;-0.000806636390947496;93
8;AUD/USD;-0.00167201692293092;94
8;AUD/USD;-0.000878702887949544;95
8;AUD/USD;-8.20358197623391E-05;96
8;AUD/USD;0.00230518102842779;97
8;AUD/USD;0.00111244007141772;98
8;AUD/USD;0.000959681947995507;99
8;AUD/USD;0.000971672608058241;100
8;AUD/USD;0.000299157429175637;101
8;AUD/USD;-0.000559416184250882;102
8;AUD/USD;-0.000347943729752562;103
8;AUD/USD;-0.000117491233101937;104
8;AUD/USD;-0.000123969233035511;105
8;AUD/USD;-0.000863232465253215;106
8;AUD/USD;-0.00154260694959637;107
8;AUD/USD;-0.000806806710646877;108
8;AUD/USD;-0.000230749628995685;109
8;AUD/USD;-0.000732097720466058;110
8;AUD/USD;-0.00071068609131787;111
8;AUD/USD;0.000305464415368641;112
8;AUD/USD;-4.00917657310402E-05;113
8;AUD/USD;0.000184177400248643;114
8;AUD/USD;0.000807373918578349;115
8;AUD/USD;0.00122374892300359;116
8;AUD/USD;0.00108873431623532;117
8;AUD/USD;0.000709327050306815;118
8;AUD/USD;-2.66175720730711E-05;119
8;AUD/USD;-0.00164703282989615;120
8;AUD/USD;-0.00119250589682978;121
8;AUD/USD;-0.00265217713754428;122
8;AUD/USD;-0.00127145726789772;123
8;AUD/USD;-0.00125057428566681;124
8;AUD/USD;6.91767416841925E-05;125
8;AUD/USD;-0.000332765772867037;126
8;AUD/USD;-0.000105564011861708;127
8;AUD/USD;-0.000460695719750798;128
8;AUD/USD;-0.000612557906109172;129
8;AUD/USD;-0.000905651798829138;130
8;AUD/USD;-7.82468250154146E-05;131
8;AUD/USD;0.000988320357259423;132
8;AUD/USD;0.000547795467086455;133
8;AUD/USD;0.000817814271454202;134
8;AUD/USD;0.00126454023293235;135
8;AUD/USD;0.000718718687833761;136
8;AUD/USD;0.00162311987124208;137
8;AUD/USD;0.00259991682283128;138
8;AUD/USD;0.00298134743136622;139
8;AUD/USD;0.00257571271048686;140
8;AUD/USD;0.00223555133359211;141
8;AUD/USD;0.000798916661662441;142
8;AUD/USD;-0.000989838520683263;143
8;AUD/USD;-0.00184288350299582;144
8;AUD/USD;-0.00168019048454665;145
8;AUD/USD;-0.000912028521690239;146
8;AUD/USD;-0.000803351693982955;147
8;AUD/USD;-0.00146722753048418;148
8;AUD/USD;-0.00129015484311072;149
8;AUD/USD;-0.00109383436095292;150
8;AUD/USD;-0.000876187441163104;151
8;AUD/USD;0.00114980968984724;152
8;AUD/USD;0.00207761790187419;153
8;AUD/USD;0.00145859456937899;154
8;AUD/USD;0.00101843630266879;155
8;AUD/USD;0.000935938809526635;156
8;AUD/USD;-0.000928178461492974;157
8;AUD/USD;0.000220696983397686;158
8;AUD/USD;0.00140404126454275;159
8;AUD/USD;0.0014629576180679;160
8;AUD/USD;0.000808206816891774;161
8;AUD/USD;0.00229052167683993;162
8;AUD/USD;0.00138262820323918;163
8;AUD/USD;0.00038241349658142;164
8;AUD/USD;0.000413518684162215;165
8;AUD/USD;-0.00102516739783804;166
8;AUD/USD;-0.00231488909320404;167
8;AUD/USD;-0.00196579627712194;168
8;AUD/USD;-0.00158716995560076;169
8;AUD/USD;-0.000785976738769734;170
8;AUD/USD;0.00132245388805603;171
8;AUD/USD;0.00142822273006874;172
8;AUD/USD;0.00107004629191363;173
8;AUD/USD;0.00188775197835779;174
8;AUD/USD;0.00131701652761929;175
8;AUD/USD;0.000972447462717351;176
8;AUD/USD;0.00117551931719214;177
8;AUD/USD;0.00158022158240233;178
8;AUD/USD;0.0018853036818933;179
8;AUD/USD;0.00213835841725026;180
8;AUD/USD;0.00191347309555899;181
8;AUD/USD;0.0019042684896448;182
8;AUD/USD;0.00206756103454304;183
8;AUD/USD;0.0012923871246435;184
8;AUD/USD;0.000889135532195382;185
8;AUD/USD;0.000396526730216214;186
8;AUD/USD;0.000527801818338596;187
8;AUD/USD;-0.000514889896808202;188
8;AUD/USD;9.92352434903952E-05;189
8;AUD/USD;5.82722288394013E-05;190
8;AUD/USD;0.000447584690000608;191
8;AUD/USD;-0.000159923936598618;192
8;AUD/USD;9.09592972830123E-05;193
8;AUD/USD;-0.000706504566985507;194
8;AUD/USD;-0.00073070892951157;195
8;AUD/USD;-0.0002982784700887;196
8;AUD/USD;-0.000569415435160066;197
8;AUD/USD;-0.000418321772473799;198
8;AUD/USD;-0.000177558367731714;199
8;AUD/USD;0.000166698247953239;200
8;AUD/USD;0.00096670667030618;201
8;AUD/USD;0.00138498573767442;202
8;AUD/USD;0.00147431437844449;203
8;AUD/USD;0.000670430351623262;204
8;AUD/USD;0.000510055496407624;205
8;AUD/USD;0.000571779029425936;206
8;AUD/USD;0.00142463886974547;207
8;AUD/USD;0.00133947758950434;208
8;AUD/USD;0.00249108768484715;209
8;AUD/USD;0.00216188149501199;210
8;AUD/USD;0.00125602882070051;211
8;AUD/USD;0.0018302088795878;212
8;AUD/USD;0.00158118751426106;213
8;AUD/USD;0.000366425326187759;214
8;AUD/USD;0.000373327468495359;215
8;AUD/USD;0.00050489207323011;216
8;AUD/USD;-0.00121330326898231;217
8;AUD/USD;-0.000527093534700451;218
8;AUD/USD;0.0002403680259547;219
8;AUD/USD;0.00057887776512836;220
8;AUD/USD;-0.000157508814798832;221
8;AUD/USD;-0.000918579314683562;222
8;AUD/USD;-0.00118250077669079;223
8;AUD/USD;-0.00113845018094866;224
8;AUD/USD;-0.000687604123820862;225
8;AUD/USD;-0.000432722965090724;226
8;AUD/USD;0.000521758020708438;227
8;AUD/USD;-9.85010726548388E-05;228
8;AUD/USD;-0.00052878650821339;229
8;AUD/USD;-0.00102192656251176;230
8;AUD/USD;-0.000947580153674731;231
8;AUD/USD;-0.000708124372577174;232
8;AUD/USD;-0.000171421847493656;233
8;AUD/USD;0.000135005549997038;234
8;AUD/USD;0.000111425390728211;235
8;AUD/USD;0.000776791419621716;236
8;AUD/USD;0.000686767575222271;237
8;AUD/USD;0.000855643732109075;238
8;AUD/USD;-0.00127223337719775;239
8;AUD/USD;-0.00115799125765714;240
8;AUD/USD;-0.00164272851478087;241
8;AUD/USD;-0.00183018050096845;242
8;AUD/USD;-0.00244397852638484;243
8;AUD/USD;-0.000200598577036774;244
8;AUD/USD;-0.000258723880716488;245
8;AUD/USD;-0.000351310229291321;246
8;AUD/USD;-0.000150936893982788;247
8;AUD/USD;0.000825872732182495;248
8;AUD/USD;-0.000313163173369676;249
8;AUD/USD;-0.000388714449725447;250
8;AUD/USD;-0.000460006141835188;251
8;AUD/USD;-0.000155368306206949;252
8;AUD/USD;-0.000461033219718003;253
8;AUD/USD;0.000671080020905234;254
8;AUD/USD;0.000606496010485463;255
8;AUD/USD;0.000682071479879475;256
8;AUD/USD;0.000855185452996024;257
8;AUD/USD;1.72540223546313E-05;258
8;AUD/USD;-0.000213379334301193;259
8;AUD/USD;-0.000150912488700492;260
8;AUD/USD;-0.000565350051700602;261
8;AUD/USD;-0.000658837296869253;262
8;AUD/USD;9.05592046262706E-05;263
8;AUD/USD;8.6258019313588E-06;264
8;AUD/USD;0.000206936708767978;265
8;AUD/USD;0.00112910650364675;266
8;AUD/USD;0.00181622312747101;267
8;AUD/USD;0.00152684791870225;268
8;AUD/USD;0.00147598974769874;269
8;AUD/USD;0.0011257710298079;270
8;AUD/USD;0.000317756875532147;271
8;AUD/USD;0.000503724839928392;272
8;AUD/USD;0.000696195124895634;273
8;AUD/USD;0.000532287599688897;274
8;AUD/USD;0.000658767759907622;275
8;AUD/USD;0.00072807558162083;276
8;AUD/USD;-0.000531509296706803;277
8;AUD/USD;-0.000168487514696692;278
8;AUD/USD;-0.000121723999934825;279
8;AUD/USD;-0.000147392599659065;280
8;AUD/USD;-0.00037655527335782;281
8;AUD/USD;0.000230707635729452;282
8;AUD/USD;-0.000219886983172596;283
8;AUD/USD;0.00072923521838865;284
8;AUD/USD;0.000384274746485771;285
8;AUD/USD;0.000626487215459217;286
8;AUD/USD;0.000164323641436452;287
8;AUD/USD;-0.000401971505545125;288
8;AUD/USD;-0.000889511329265166;289
8;AUD/USD;-0.00075002091156485;290
8;AUD/USD;-6.40553443646118E-05;291
8;AUD/USD;-0.000236925124158105;292
8;AUD/USD;0.000269495698902377;293
8;AUD/USD;-0.000295244057810297;294
8;AUD/USD;-0.000216340124873568;295
8;AUD/USD;-0.00196792205308532;296
8;AUD/USD;-0.0022962216776185;297
8;AUD/USD;-0.00268110913563019;298
8;AUD/USD;-0.00237994204049072;299
8;AUD/USD;-0.00256239552770146;300
8;AUD/USD;-0.000858022572012338;301
8;AUD/USD;1.72823504104291E-05;302
8;AUD/USD;-0.000240599577079383;303
8;AUD/USD;-0.000117033845625634;304
8;AUD/USD;0.000565771240095537;305
8;AUD/USD;6.49762024713711E-06;306
8;AUD/USD;-0.000439002149608261;307
8;AUD/USD;0.000398674107701293;308
8;AUD/USD;0.000465562159742025;309
8;AUD/USD;0.000380614720957767;310
8;AUD/USD;0.00063142696437945;311
8;AUD/USD;1.73188288249995E-05;312
8;AUD/USD;0.000525294969583631;313
8;AUD/USD;1.73023477230633E-05;314
8;AUD/USD;-0.000686062472410899;315
8;AUD/USD;-0.000887159303847352;316
8;AUD/USD;0.00105792936185624;317
8;AUD/USD;0.000515305829996183;318
8;AUD/USD;0.00131491495607108;319
8;AUD/USD;0.00186654067443671;320
8;AUD/USD;0.00160697215385576;321
8;AUD/USD;0.000189404144456983;322
8;AUD/USD;-0.000688090151927368;323
8;AUD/USD;-0.00130626434349825;324
8;AUD/USD;-0.00165852557459153;325
8;AUD/USD;-0.000400534179262049;326
8;AUD/USD;-0.000940173593029621;327
8;AUD/USD;2.37666974832559E-05;328
8;AUD/USD;0.000587365592707611;329
8;AUD/USD;0.000717722220817865;330
8;AUD/USD;-0.000131532847521426;331
8;AUD/USD;0.000606443653768313;332
8;AUD/USD;0.00133932436387894;333
8;AUD/USD;0.00108595995017666;334
8;AUD/USD;0.00172322245230259;335
8;AUD/USD;0.00118498155731533;336
8;AUD/USD;0.00116027054533713;337
8;AUD/USD;0.000841628602378449;338
8;AUD/USD;0.000439158064421626;339
8;AUD/USD;-0.000124125242069268;340
8;AUD/USD;0.00094765109994315;341
8;AUD/USD;0.000618205451761194;342
8;AUD/USD;0.000222129691027651;343
8;AUD/USD;0.00093507994676981;344
8;AUD/USD;0.0010142821685339;345
8;AUD/USD;0.000183449068419221;346
8;AUD/USD;0.000731246650719475;347
8;AUD/USD;0.00127672231920814;348
8;AUD/USD;0.000661305243869067;349
8;AUD/USD;0.000468035528988919;350
8;AUD/USD;0.000302536463258084;351
8;AUD/USD;-0.000178833760398486;352
8;AUD/USD;-0.000941858559292445;353
8;AUD/USD;-0.000467577947769457;354
8;AUD/USD;-0.000438218795356857;355
8;AUD/USD;-0.000930373186197752;356
8;AUD/USD;-0.00108279805097131;357
8;AUD/USD;-0.00103198190647522;358
8;AUD/USD;-0.0013471946237943;359
8;AUD/USD;-0.00111689780670393;360
8;AUD/USD;0.00103040777470935;361
8;AUD/USD;0.00172288025557256;362
8;AUD/USD;0.00145136969034489;363
8;AUD/USD;0.00130676156431039;364
8;AUD/USD;0.00144458882914546;365
8;AUD/USD;-0.000278944527813361;366
8;AUD/USD;-0.000770049877054346;367
8;AUD/USD;0.000683608928294459;368
8;AUD/USD;0.000401839240079043;369
8;AUD/USD;0.000303804518819128;370
8;AUD/USD;0.000304477257615987;371
8;AUD/USD;-9.80642980335592E-05;372
8;AUD/USD;-0.00155530216832316;373
8;AUD/USD;-0.00108831925571326;374
8;AUD/USD;-0.00051227303874152;375
8;AUD/USD;6.38175673903528E-05;376
8;AUD/USD;0.000528126205281745;377
8;AUD/USD;0.000850425694283386;378
8;AUD/USD;0.000858795704361078;379
8;AUD/USD;0.000525009999282423;380
8;AUD/USD;0.000172205785910465;381
8;AUD/USD;0.00020193755468692;382
8;AUD/USD;1.70142175157604E-05;383
8;AUD/USD;0.000435445414773148;384
8;AUD/USD;0.000144295557500043;385
8;AUD/USD;0.000920165726139123;386
8;AUD/USD;0.00155550578551292;387
8;AUD/USD;0.00182696071649339;388
8;AUD/USD;0.000741259293584343;389
8;AUD/USD;0.000313695631241409;390
8;AUD/USD;-0.000459553672934047;391
8;AUD/USD;-0.00245196245564876;392
8;AUD/USD;-0.00285252198397907;393
8;AUD/USD;-0.00243311485779578;394
8;AUD/USD;-0.0018596670009161;395
8;AUD/USD;-0.00161146131370103;396
8;AUD/USD;-0.000273355372449118;397
8;AUD/USD;4.48849824214682E-05;398
8;AUD/USD;0.00050436537634473;399
8;AUD/USD;0.000307590495420476;400
8;AUD/USD;0.00067639357137815;401
8;AUD/USD;0.000857253839436331;402
8;AUD/USD;0.0010721029141301;403
8;AUD/USD;0.000626545563981204;404
8;AUD/USD;0.000515859767574238;405
8;AUD/USD;0.000688973919837457;406
8;AUD/USD;-0.000509217859072838;407
8;AUD/USD;-0.000491643901702598;408
8;AUD/USD;-0.000344996571693521;409
8;AUD/USD;1.49017813019554E-05;410
8;AUD/USD;-0.000833875212174721;411
8;AUD/USD;0.000149277609958334;412
8;AUD/USD;0.000142722490706045;413
8;AUD/USD;0.000161924351826253;414
8;AUD/USD;-8.94273470947039E-05;415
8;AUD/USD;-0.000317871819528369;416
8;AUD/USD;-0.000364860424763793;417
8;AUD/USD;-0.000665487037662695;418
8;AUD/USD;-0.000860124581566181;419
8;AUD/USD;-0.000644205379973064;420
8;AUD/USD;-6.19264468242654E-05;421
8;AUD/USD;0.000113156591454134;422
8;AUD/USD;0.000194329232473015;423
8;AUD/USD;-0.00010269356893222;424
8;AUD/USD;0.000471625351260756;425
8;AUD/USD;0.000435214098584049;426
8;AUD/USD;0.000509478380207786;427
8;AUD/USD;0.000326304356458131;428
8;AUD/USD;0.00064097140581504;429
8;AUD/USD;-0.000409674430847684;430
8;AUD/USD;4.04864771222246E-05;431
8;AUD/USD;-0.000149085262371605;432
8;AUD/USD;5.75278987640197E-05;433
8;AUD/USD;0.00147707234747975;434
8;AUD/USD;0.00180521417156115;435
8;AUD/USD;0.00113030661822127;436
8;AUD/USD;0.00129333451323244;437
8;AUD/USD;0.000631717167319621;438
8;AUD/USD;-0.000615006634677505;439
8;AUD/USD;-0.00086336410688057;440
8;AUD/USD;-0.000789692579236635;441
8;AUD/USD;-0.00103569992476707;442
8;AUD/USD;-0.000631717167319609;443
8;AUD/USD;-0.000155110417701712;444
8;AUD/USD;1.70062604398802E-05;445
8;AUD/USD;-5.74379487963475E-05;446
8;AUD/USD;-0.000462275259464094;447
8;AUD/USD;-0.000100151827999163;448
8;AUD/USD;-0.000694156796786614;449
8;AUD/USD;-0.00201678790636597;450
8;AUD/USD;-0.00163215637870723;451
8;AUD/USD;-0.00148994020761379;452
8;AUD/USD;-0.00178555410577551;453
8;AUD/USD;-0.00162339596670581;454
8;AUD/USD;-0.000662444550612051;455
8;AUD/USD;-0.000448823101948895;456
8;AUD/USD;5.37105968864078E-05;457
8;AUD/USD;0.000391015367698116;458
8;AUD/USD;0.000562612437106861;459
8;AUD/USD;0.00101213812156423;460
8;AUD/USD;0.000686784380925611;461
8;AUD/USD;-0.000223530952211588;462
8;AUD/USD;-0.000358759904359047;463
8;AUD/USD;-0.000171622269938216;464
8;AUD/USD;-8.79021941458751E-05;465
8;AUD/USD;0.000218417777786945;466
8;AUD/USD;-0.000708781326827227;467
8;AUD/USD;-0.000436965738566082;468
8;AUD/USD;-0.0012119748841608;469
8;AUD/USD;-0.00164076541432678;470
8;AUD/USD;-0.00149514133186398;471
8;AUD/USD;0.000224324085508321;472
8;AUD/USD;-9.91496857215865E-05;473
8;AUD/USD;-1.29558852154165E-05;474
8;AUD/USD;0.00023121015145713;475
8;AUD/USD;-0.000291304610415567;476
8;AUD/USD;-0.000187638518478563;477
8;AUD/USD;-0.000204921365878561;478
8;AUD/USD;0.000532657942151407;479
8;AUD/USD;0.000846924703062864;480
8;AUD/USD;0.000930685150120277;481
8;AUD/USD;0.000779593746798274;482
8;AUD/USD;0.00114271883392953;483
8;AUD/USD;0.000576344484867116;484
8;AUD/USD;0.000530461565286579;485
8;AUD/USD;-1.2896569516974E-05;486
8;AUD/USD;0.000180466647401335;487
8;AUD/USD;-6.00935747320672E-05;488
8;AUD/USD;0.000326145335659399;489
8;AUD/USD;-8.36636091595165E-05;490
8;AUD/USD;0.000598812481523172;491
8;AUD/USD;-7.5174647698459E-05;492
8;AUD/USD;-0.00047924804664583;493
8;AUD/USD;-0.00081421003677826;494
8;AUD/USD;-0.000356498676987383;495
8;AUD/USD;-0.000999019173286875;496
8;AUD/USD;-0.000753304665702282;497
8;AUD/USD;0.000126908334499541;498
8;AUD/USD;0.000223754581799859;499
8;AUD/USD;0.000438017502528741;500
8;AUD/USD;0.000475424959943773;501
8;AUD/USD;0.000471685632461958;502
8;AUD/USD;0.000371657473232816;503
8;AUD/USD;-0.000131210312243706;504
8;AUD/USD;-0.00102138129661907;505
8;AUD/USD;-0.000262312038376207;506
8;AUD/USD;0.000468429579071336;507
8;AUD/USD;-5.15181765413922E-05;508
8;AUD/USD;0.00076239656359645;509
8;AUD/USD;0.00121860517240092;510
8;AUD/USD;0.000837333354085551;511
8;AUD/USD;0.00078184926358178;512
8;AUD/USD;0.000762828099426223;513
8;AUD/USD;0.000398295598348509;514
8;AUD/USD;0.000487935611981279;515
8;AUD/USD;0.00017775018704101;516
8;AUD/USD;-0.00055876423219361;517
8;AUD/USD;-6.63105156369249E-05;518
8;AUD/USD;-0.000181918395395218;519
8;AUD/USD;-0.000509363571202919;520
8;AUD/USD;-0.000967755937080717;521
8;AUD/USD;-0.00117182585884558;522
8;AUD/USD;-0.00156573805328845;523
8;AUD/USD;-0.000690654340693303;524
8;AUD/USD;0.000149947525392431;525
8;AUD/USD;0.000858554656070441;526
8;AUD/USD;0.00129827317578428;527
8;AUD/USD;0.00180734465950103;528
8;AUD/USD;0.000514999640814319;529
8;AUD/USD;0.000256791638192343;530
8;AUD/USD;0.000793028383501459;531
8;AUD/USD;0.000601137478646899;532
8;AUD/USD;-6.41148944389428E-05;533
8;AUD/USD;-0.000727823935762837;534
8;AUD/USD;-0.00164272411687392;535
8;AUD/USD;-0.00238210464412871;536
8;AUD/USD;-0.00339944203712765;537
8;AUD/USD;-0.00325830654129541;538
8;AUD/USD;-0.0037078701430734;539
8;AUD/USD;-0.00269389923005274;540
8;AUD/USD;-0.00239115460283174;541
8;AUD/USD;-0.00089715543597295;542
8;AUD/USD;-0.00199569332056781;543
8;AUD/USD;-0.000702394347718089;544
8;AUD/USD;-0.0020009062174408;545
8;AUD/USD;-0.00238470915045434;546
8;AUD/USD;-0.00336068385004211;547
8;AUD/USD;-0.00263965352961967;548
8;AUD/USD;-0.00155178996151316;549
8;AUD/USD;-0.000607960320691053;550
8;AUD/USD;-0.000739855530944265;551
8;AUD/USD;0.00169510332755143;552
8;AUD/USD;0.00189876944843044;553
8;AUD/USD;0.000877810203829598;554
8;AUD/USD;-0.000141754438528952;555
8;AUD/USD;-0.00120199357911688;556
8;AUD/USD;-0.00282130260871108;557
8;AUD/USD;-0.00217690730498034;558
8;AUD/USD;-0.0018396335208268;559
8;AUD/USD;-0.00161063348903587;560
8;AUD/USD;-0.000536546973410325;561
8;AUD/USD;-0.000496111812446795;562
8;AUD/USD;-0.00173538820950283;563
8;AUD/USD;-0.00240583520163749;564
8;AUD/USD;-0.00174534488833199;565
8;AUD/USD;-0.00109993991890271;566
8;AUD/USD;-0.00194261417319033;567
8;AUD/USD;-0.00117589093464264;568
8;AUD/USD;0.000186961162862823;569
8;AUD/USD;-0.000169060764866606;570
8;AUD/USD;-0.000599653281790516;571
8;AUD/USD;-0.00107153833673943;572
8;AUD/USD;-0.00129423882729021;573
8;AUD/USD;-0.00181389701886423;574
8;AUD/USD;-0.0021128713201269;575
8;AUD/USD;-0.00222945982422264;576
8;AUD/USD;-0.00159410639995552;577
8;AUD/USD;-0.00172425689298304;578
8;AUD/USD;-0.00151204017925736;579
8;AUD/USD;-0.00143638686068582;580
8;AUD/USD;-0.000317592759820797;581
8;AUD/USD;1.83164859949605E-05;582
8;AUD/USD;0.000412432696249796;583
8;AUD/USD;-0.00100291099636686;584
8;AUD/USD;0.000472309375650494;585
8;AUD/USD;-8.69117744822245E-05;586
8;AUD/USD;0.00111414541388345;587
8;AUD/USD;0.00125041764508159;588
8;AUD/USD;0.00229444523997818;589
8;AUD/USD;0.00121461560528142;590
8;AUD/USD;-0.00158243391402065;591
8;AUD/USD;-0.00281094135501612;592
8;AUD/USD;-0.00144736272248421;593
8;AUD/USD;-0.00107646077759156;594
8;AUD/USD;-0.000380485974693684;595
8;AUD/USD;0.00274119627956664;596
8;AUD/USD;0.00331801046179785;597
8;AUD/USD;0.00182006045666156;598
8;AUD/USD;0.00101731475473052;599
8;AUD/USD;-0.000461197948612348;600
8;AUD/USD;0.00100504434153465;601
8;AUD/USD;0.0019143227689396;602
8;AUD/USD;-0.000732418250976702;603
8;AUD/USD;-0.000610680539630662;604
8;AUD/USD;-0.00056538919579557;605
8;AUD/USD;-0.00272047940294163;606
8;AUD/USD;-0.00487476391412885;607
8;AUD/USD;-0.00117243409443374;608
8;AUD/USD;-7.76078530623739E-05;609
8;AUD/USD;0.000656800009000627;610
8;AUD/USD;0.000881255324219008;611
8;AUD/USD;0.00111473400004671;612
8;AUD/USD;-0.00038315726324265;613
8;AUD/USD;-0.000747946594176731;614
8;AUD/USD;0.000893621903177155;615
8;AUD/USD;0.000793235750693024;616
8;AUD/USD;0.000823432355197328;617
8;AUD/USD;0.00129108026552286;618
8;AUD/USD;0.00097383863496134;619
8;AUD/USD;-0.000430354981071514;620
8;AUD/USD;-0.000727012474890274;621
8;AUD/USD;-0.000157562133867786;622
8;AUD/USD;-9.58575848544934E-05;623
8;AUD/USD;0.000328115460837909;624
8;AUD/USD;6.15360075962903E-05;625
8;AUD/USD;0.00111110131970553;626
8;AUD/USD;0.000927599992211445;627
8;AUD/USD;0.000168861110366506;628
8;AUD/USD;-0.000125258349431538;629
8;AUD/USD;0.000343797221578783;630
8;AUD/USD;-0.000962749445096427;631
8;AUD/USD;-0.000202474068195718;632
8;AUD/USD;9.80565441028891E-05;633
8;AUD/USD;-0.000565777693743925;634
8;AUD/USD;-0.000590054933992279;635
8;AUD/USD;0.00101269495934077;636
8;AUD/USD;0.000397928629206264;637
8;AUD/USD;0.000500933819872781;638
8;AUD/USD;0.00100042937557275;639
8;AUD/USD;0.000901466406613352;640
8;AUD/USD;0.000399115728573135;641
8;AUD/USD;0.000960853924488247;642
8;AUD/USD;0.00147500144598085;643
8;AUD/USD;0.00170443037702831;644
8;AUD/USD;0.00218662881297733;645
8;AUD/USD;-0.00136618608693134;646
8;AUD/USD;-0.00181452972018789;647
8;AUD/USD;-0.000809790968102812;648
8;AUD/USD;-0.00104628869129065;649
8;AUD/USD;-0.00206855567232202;650
8;AUD/USD;0.000501184880460719;651
8;AUD/USD;-0.000342493205294377;652
8;AUD/USD;-0.00189473423291904;653
8;AUD/USD;-0.00283171590079222;654
8;AUD/USD;-0.0027702983467256;655
8;AUD/USD;-0.00172524191904491;656
8;AUD/USD;-0.000585879810205696;657
8;AUD/USD;9.6079061188057E-05;658
8;AUD/USD;-0.000239138211270585;659
8;AUD/USD;-0.00225677249122849;660
8;AUD/USD;-0.00315976224315107;661
8;AUD/USD;-0.00258359801367204;662
8;AUD/USD;-0.00356274635590494;663
8;AUD/USD;-0.00303696488184426;664
8;AUD/USD;-0.000393776594984658;665
8;AUD/USD;0.000744697803647802;666
8;AUD/USD;0.000660605923688652;667
8;AUD/USD;0.00190003166837662;668
8;AUD/USD;0.00184390965855371;669
8;AUD/USD;0.00114654809773494;670
8;AUD/USD;-0.000139419786989222;671
8;AUD/USD;0.000367602537988108;672
8;AUD/USD;0.000738904339904338;673
8;AUD/USD;0.0017077673032393;674
8;AUD/USD;0.00250958200350083;675
8;AUD/USD;0.00243740634914558;676
8;AUD/USD;0.00114700608040089;677
8;AUD/USD;0.000754497199727827;678
8;AUD/USD;-0.000227321023536784;679
8;AUD/USD;-0.000895133354051178;680
8;AUD/USD;0.000426659488100229;681
8;AUD/USD;0.00098512209618675;682
8;AUD/USD;0.000731136931225352;683
8;AUD/USD;0.000163054408342454;684
8;AUD/USD;0.000303416946102141;685
8;AUD/USD;-0.000112311265593576;686
8;AUD/USD;-0.000498827556798341;687
8;AUD/USD;-0.00139834302522019;688
8;AUD/USD;-0.00116958051252573;689
8;AUD/USD;-0.00184135317004422;690
8;AUD/USD;-0.002761052680651;691
8;AUD/USD;-0.00349675822330644;692
8;AUD/USD;-0.00199420015300232;693
8;AUD/USD;-0.000937366101814129;694
8;AUD/USD;0.000169150838168775;695
8;AUD/USD;0.00181882544729577;696
8;AUD/USD;0.0023433286377457;697
8;AUD/USD;0.00111495645043883;698
8;AUD/USD;-0.000148529794011128;699
8;AUD/USD;-0.000784396637909048;700
8;AUD/USD;-0.00244511739413944;701
8;AUD/USD;-0.00328278024941998;702
8;AUD/USD;-0.00260273113553121;703
8;AUD/USD;-0.00152180600114681;704
8;AUD/USD;-0.00145624914085787;705
8;AUD/USD;-0.00106617039953904;706
8;AUD/USD;0.00165161024908066;707
8;AUD/USD;-0.000217456135622212;708
8;AUD/USD;-0.000538780807924206;709
8;AUD/USD;-0.0010944775126352;710
8;AUD/USD;0.000147638666942153;711
8;AUD/USD;-0.00396047899569779;712
8;AUD/USD;-0.00249301414707642;713
8;AUD/USD;-0.000794416631955042;714
8;AUD/USD;-0.000320550661402575;715
8;AUD/USD;-0.000734583105480941;716
8;AUD/USD;0.000392973943957481;717
8;AUD/USD;0.000350283511430459;718
8;AUD/USD;-0.00201423012663702;719
8;AUD/USD;-0.00127312095007361;720
8;AUD/USD;-0.00259368947264174;721
8;AUD/USD;-0.00191054741058948;722
8;AUD/USD;-0.00141197437412435;723
8;AUD/USD;-0.000516879243928623;724
8;AUD/USD;-0.00121200225659734;725
8;AUD/USD;-0.00158787930238564;726
8;AUD/USD;-0.00166877429231285;727
8;AUD/USD;-0.00311769430820302;728
8;AUD/USD;-0.00180161973414919;729
8;AUD/USD;-0.00179694003699056;730
8;AUD/USD;-0.00169983964672883;731
8;AUD/USD;0.00109251182590877;732
8;AUD/USD;0.000702657417005525;733
8;AUD/USD;0.000230899692525676;734
8;AUD/USD;0.000171031801860481;735
8;AUD/USD;0.00171424454440024;736
8;AUD/USD;-0.000460288362731406;737
8;AUD/USD;-0.00107793520232846;738
8;AUD/USD;-0.00180861222975253;739
8;AUD/USD;-0.000842116667053439;740
8;AUD/USD;-0.0020486765726946;741
8;AUD/USD;-0.00299604807128033;742
8;AUD/USD;-0.000264327367860151;743
8;AUD/USD;-0.000887329079953241;744
8;AUD/USD;-0.00141713769328891;745
8;AUD/USD;-0.00032527437017377;746
8;AUD/USD;0.000143691289112656;747
8;AUD/USD;-0.00047375252195194;748
8;AUD/USD;-0.00129304737120143;749
8;AUD/USD;-0.00113804568623761;750
8;AUD/USD;-0.00263126296412578;751
8;AUD/USD;-0.00121365670989931;752
8;AUD/USD;-0.00157016770584784;753
8;AUD/USD;0.000298950055048845;754
8;AUD/USD;-2.20432905957601E-05;755
8;AUD/USD;0.000560451677544741;756
8;AUD/USD;-0.000451196228683403;757
8;AUD/USD;6.61809319166518E-05;758
8;AUD/USD;-0.000642559014493775;759
8;AUD/USD;-0.00113483146949893;760
8;AUD/USD;-0.00084866278659633;761
8;AUD/USD;-0.00117937790589304;762
8;AUD/USD;-0.00128092880771322;763
8;AUD/USD;-0.000592884594208638;764
8;AUD/USD;-0.000308153176081799;765
8;AUD/USD;-0.00019483924221842;766
8;AUD/USD;0.00046125311039994;767
8;AUD/USD;-2.96000296540659E-05;768
8;AUD/USD;0.000118225148453152;769
8;AUD/USD;0.000123318251308047;770
8;AUD/USD;0.00018497852484922;771
8;AUD/USD;0.000447900959951333;772
8;AUD/USD;0.00100886040691406;773
8;AUD/USD;0.000302633336332956;774
8;AUD/USD;0.000949466172120484;775
8;AUD/USD;0.00204063381220073;776
8;AUD/USD;0.0011447161807399;777
8;AUD/USD;0.000891426408714923;778
8;AUD/USD;0.0011619815733846;779
8;AUD/USD;0.000707930656534023;780
8;AUD/USD;-0.0014006962754085;781
8;AUD/USD;-0.00140792104496917;782
8;AUD/USD;-0.00290682399878627;783
8;AUD/USD;-0.00330997505536707;784
8;AUD/USD;-0.00201522944615006;785
8;AUD/USD;-0.00103476542141129;786
8;AUD/USD;4.92289515490879E-06;787
8;AUD/USD;0.00115449354278095;788
8;AUD/USD;0.000734246176729077;789
8;AUD/USD;-0.000643238515401095;790
8;AUD/USD;-0.00142289367041484;791
8;AUD/USD;-0.00126670999689174;792
8;AUD/USD;-0.000219507855874799;793
8;AUD/USD;0.000741428096563949;794
8;AUD/USD;0.00101832962192663;795
8;AUD/USD;0.00204685757723913;796
8;AUD/USD;0.00277722452110641;797
8;AUD/USD;0.00287633735152123;798
8;AUD/USD;0.00285829365678345;799
8;AUD/USD;0.0011406828290448;800
8;AUD/USD;0.000705468103593661;801
8;AUD/USD;-0.000163741127106812;802
8;AUD/USD;-0.00167814704011359;803
8;AUD/USD;-0.0013199757568336;804
8;AUD/USD;-0.00135528703441724;805
8;AUD/USD;0.000166785224646916;806
8;AUD/USD;-0.000985271961500637;807
8;AUD/USD;0.00185807094930253;808
8;AUD/USD;0.00138076270512811;809
8;AUD/USD;0.00287912253593525;810
8;AUD/USD;0.00172831540566063;811
8;AUD/USD;0.00146145975551688;812
8;AUD/USD;-0.000106962274039172;813
8;AUD/USD;-0.000238390648283383;814
8;AUD/USD;-8.27311007733326E-05;815
8;AUD/USD;-0.000911118912543419;816
8;AUD/USD;-0.00018301500169845;817
8;AUD/USD;-0.00116814642447602;818
8;AUD/USD;-0.00131625210281804;819
8;AUD/USD;-0.000282516882302112;820
8;AUD/USD;-0.00104042585991177;821
8;AUD/USD;-0.00226612540839462;822
8;AUD/USD;-0.00205031665090071;823
8;AUD/USD;-0.00136443785397662;824
8;AUD/USD;-0.00467517250084077;825
8;AUD/USD;-0.00405882536873336;826
8;AUD/USD;-0.00385921778834588;827
8;AUD/USD;-0.0054531640995346;828
8;AUD/USD;-0.00518282831572532;829
8;AUD/USD;-0.00232115776209004;830
8;AUD/USD;-0.00160445478161933;831
8;AUD/USD;-0.000617677395513279;832
8;AUD/USD;0.00190808586739092;833
8;AUD/USD;0.000500632372657443;834
8;AUD/USD;0.00180405499655563;835
8;AUD/USD;0.000977282686070919;836
8;AUD/USD;-0.000756412374304034;837
8;AUD/USD;-0.00203763518003829;838
8;AUD/USD;-0.00336660270344416;839
8;AUD/USD;-0.00542060585134415;840
8;AUD/USD;-0.0046106424798374;841
8;AUD/USD;-0.00258160264103351;842
8;AUD/USD;-0.00232835665892898;843
8;AUD/USD;1.28403495187035E-05;844
8;AUD/USD;0.000935869147813195;845
8;AUD/USD;0.000490501597302192;846
8;AUD/USD;-0.00400931440236276;847
8;AUD/USD;-0.00235838371835659;848
8;AUD/USD;-0.000671370314627523;849
8;AUD/USD;4.09243795629198E-05;850
8;AUD/USD;-0.00128917325856733;851
8;AUD/USD;0.0031757011338706;852
8;AUD/USD;0.00256393886376667;853
8;AUD/USD;0.00112538837533333;854
8;AUD/USD;-0.000550622358587044;855
8;AUD/USD;0.00206483933805747;856
8;AUD/USD;0.00128498810103313;857
8;AUD/USD;-0.000684289046213458;858
8;AUD/USD;-0.000837014675515228;859
8;AUD/USD;0.000555737317284019;860
8;AUD/USD;-0.000834668048788135;861
8;AUD/USD;-1.02472140409069E-05;862
8;AUD/USD;0.000445311226011758;863
8;AUD/USD;0.000249416667385796;864
8;AUD/USD;-0.00127253331618995;865
8;AUD/USD;-0.0021305609083078;866
8;AUD/USD;-0.00220766156838156;867
8;AUD/USD;-0.0030885843560609;868
8;AUD/USD;-0.00183545551161107;869
8;AUD/USD;-0.000435440926942817;870
8;AUD/USD;0.00131042928377028;871
8;AUD/USD;0.00136817096101733;872
8;AUD/USD;0.00272056582556331;873
8;AUD/USD;0.00193564883543631;874
8;AUD/USD;0.00050749352611898;875
8;AUD/USD;-0.000170103103037522;876
8;AUD/USD;0.00061391896446346;877
8;AUD/USD;0.000958519601309778;878
8;AUD/USD;0.000600108161883574;879
8;AUD/USD;0.0010136999213898;880
8;AUD/USD;0.000926082403748684;881
8;AUD/USD;0.000233257102652349;882
8;AUD/USD;-0.00037720609322276;883
8;AUD/USD;-0.000494830811414774;884
8;AUD/USD;-0.000451039375191282;885
8;AUD/USD;0.000873268777521437;886
8;AUD/USD;0.000634312188456589;887
8;AUD/USD;0.00146378318022276;888
8;AUD/USD;0.000492270073922353;889
8;AUD/USD;0.000223084096336917;890
8;AUD/USD;-0.000732160817669166;891
8;AUD/USD;-0.00158956854641673;892
8;AUD/USD;-0.000679377975859211;893
8;AUD/USD;0.000529374841545656;894
8;AUD/USD;0.0019738008928249;895
8;AUD/USD;0.00232289463797465;896
8;AUD/USD;0.00287248903407254;897
8;AUD/USD;0.00115560809002853;898
8;AUD/USD;-0.000171190229613733;899
8;AUD/USD;-0.00200199318996719;900
8;AUD/USD;-0.00189760785759814;901
8;AUD/USD;-0.00138509293141613;902
8;AUD/USD;-0.00201194280424853;903
8;AUD/USD;-0.00148810210331669;904
8;AUD/USD;-0.000536410097554612;905
8;AUD/USD;-0.001528578227108;906
8;AUD/USD;-7.41076741864282E-05;907
8;AUD/USD;0.00120652811295385;908
8;AUD/USD;0.00132699840648178;909
8;AUD/USD;0.00104837761121844;910
8;AUD/USD;0.00165394201003509;911
8;AUD/USD;-7.66920185788965E-05;912
8;AUD/USD;-0.000606196710529727;913
8;AUD/USD;-0.00105163501847644;914
8;AUD/USD;-0.00100726183160841;915
8;AUD/USD;-0.000530134060323605;916
8;AUD/USD;-0.00236110816949637;917
8;AUD/USD;-0.0022333936789221;918
8;AUD/USD;-0.00162159561126682;919
8;AUD/USD;-0.00179121083716068;920
8;AUD/USD;-0.0029580414566263;921
8;AUD/USD;-0.00218257295588072;922
8;AUD/USD;-0.00221408319892271;923
8;AUD/USD;-0.00193306181151402;924
8;AUD/USD;-0.00284607533882555;925
8;AUD/USD;-0.00273842268218985;926
8;AUD/USD;-0.00114368466945412;927
8;AUD/USD;0.00121687279694242;928
8;AUD/USD;0.00167103208165848;929
8;AUD/USD;0.00264115595926125;930
8;AUD/USD;0.00280087633038068;931
8;AUD/USD;0.000698530121855093;932
8;AUD/USD;-0.00178081129476712;933
8;AUD/USD;-0.00149832953795667;934
8;AUD/USD;-0.00136455309155328;935
8;AUD/USD;-0.00117164645629515;936
8;AUD/USD;0.000737892351270212;937
8;AUD/USD;-2.62668846822585E-06;938
8;AUD/USD;-0.000707455211652553;939
8;AUD/USD;-0.00139497641862157;940
8;AUD/USD;0.000251085454330638;941
8;AUD/USD;0.00311244951685211;942
8;AUD/USD;0.00181988208069395;943
8;AUD/USD;-6.56318714254641E-05;944
8;AUD/USD;0.00152819569332272;945
8;AUD/USD;0.000673234375677184;946
8;AUD/USD;-0.000517537993731105;947
8;AUD/USD;0.00253986446682791;948
8;AUD/USD;0.00416018533363728;949
8;AUD/USD;0.0048499106821671;950
8;AUD/USD;0.00501894516365907;951
8;AUD/USD;0.00288721276066018;952
8;AUD/USD;0.00218796512873584;953
8;AUD/USD;0.00216132600144851;954
8;AUD/USD;0.000709829584768973;955
8;AUD/USD;-0.000437442156103494;956
8;AUD/USD;-0.00104206048591608;957
8;AUD/USD;-0.000269644669574466;958
8;AUD/USD;-0.000672749220032856;959
8;AUD/USD;-0.00111803985264468;960
8;AUD/USD;-0.00186473786058476;961
8;AUD/USD;-0.00199474091298173;962
8;AUD/USD;-0.00315318668468945;963
8;AUD/USD;-0.00381135708637417;964
8;AUD/USD;-0.00486779145305799;965
8;AUD/USD;-0.00326718711473608;966
8;AUD/USD;-0.00379232344289011;967
8;AUD/USD;-0.00288861641401496;968
8;AUD/USD;-0.00188992603738394;969
8;AUD/USD;-0.000489949088602141;970
8;AUD/USD;-0.00112117020745418;971
8;AUD/USD;-6.04869201646698E-05;972
8;AUD/USD;-0.000965188105529979;973
8;AUD/USD;-0.00130959671622673;974
8;AUD/USD;-0.00117604837833824;975
8;AUD/USD;-0.000536609425850872;976
8;AUD/USD;0.00102056431073453;977
8;AUD/USD;0.00138452492096797;978
8;AUD/USD;0.00199914860108573;979
8;AUD/USD;0.00201634725258996;980
8;AUD/USD;-0.000108021949523935;981
8;AUD/USD;0.000882554045841608;982
8;AUD/USD;0.000136095376700406;983
8;AUD/USD;-5.75901158398795E-05;984
8;AUD/USD;0.00111753235999206;985
8;AUD/USD;0.0032699985446652;986
8;AUD/USD;0.000156260181137166;987
8;AUD/USD;0.00131430162007137;988
8;AUD/USD;0.00168418754708441;989
8;AUD/USD;8.57059390449093E-05;990
8;AUD/USD;-0.000820961624519834;991
8;AUD/USD;-0.000252681518179669;992
8;AUD/USD;-0.000802157521869434;993
8;AUD/USD;-0.00354380969043477;994
8;AUD/USD;-0.00326972773135892;995
8;AUD/USD;-0.0025623909502134;996
8;AUD/USD;-0.00245742966718802;997
8;AUD/USD;-0.000726798185454624;998
8;AUD/USD;0.00120139469696734;999
8;AUD/USD;0.000182035245618043;1000
8;AUD/USD;0.000626596621319299;1001
8;AUD/USD;0.00250955508122855;1002
8;AUD/USD;0.00293536022847087;1003
8;AUD/USD;0.00469363734950733;1004
8;AUD/USD;0.00523133572974566;1005
8;AUD/USD;0.00513813532428112;1006
8;AUD/USD;0.0025916723488887;1007
8;AUD/USD;0.00141452399581031;1008
8;AUD/USD;0.000571359415994114;1009
8;AUD/USD;-0.00153955025227601;1010
8;AUD/USD;-0.00223883415532395;1011
8;AUD/USD;-0.00184776128065889;1012
8;AUD/USD;-0.00166503570511852;1013
8;AUD/USD;-0.00270462355173144;1014
8;AUD/USD;0.00140335160257451;1015
8;AUD/USD;0.0012886526043668;1016
8;AUD/USD;0.00107971909967302;1017
8;AUD/USD;-0.000175803731636885;1018
8;AUD/USD;0.00178657906359843;1019
8;AUD/USD;-0.000136291463271479;1020
8;AUD/USD;0.000911748344548699;1021
8;AUD/USD;0.00201688426798095;1022
8;AUD/USD;0.00248306705809801;1023
8;AUD/USD;0.000823357816072428;1024
8;AUD/USD;0.00210596947101051;1025
8;AUD/USD;0.00154431066260546;1026
8;AUD/USD;0.00149498655460079;1027
8;AUD/USD;0.00468346350462389;1028
8;AUD/USD;0.00462024164212881;1029
8;AUD/USD;0.00347224810258209;1030
8;AUD/USD;0.00497976043074485;1031
8;AUD/USD;0.00280679839691882;1032
8;AUD/USD;-0.00154313248313974;1033
8;AUD/USD;-0.00326563598796255;1034
8;AUD/USD;-0.00245917632285877;1035
8;AUD/USD;-0.00446171095181736;1036
8;AUD/USD;-0.00460110386511497;1037
8;AUD/USD;-0.00319909481063834;1038
8;AUD/USD;-0.00113970592002328;1039
8;AUD/USD;-0.00150750330813691;1040
8;AUD/USD;-0.00121853097952411;1041
8;AUD/USD;0.00157089565301557;1042
8;AUD/USD;0.00284419693939933;1043
8;AUD/USD;0.00271739860242735;1044
8;AUD/USD;0.00359859749739155;1045
8;AUD/USD;0.00418404699644738;1046
8;AUD/USD;0.0020118198778231;1047
8;AUD/USD;0.00038255847566721;1048
8;AUD/USD;-0.000419165610158042;1049
8;AUD/USD;-0.0020353845878512;1050
8;AUD/USD;-0.00212022333556151;1051
8;AUD/USD;-0.00103118354157422;1052
8;AUD/USD;-0.000745658541359264;1053
8;AUD/USD;-0.000513791007756309;1054
8;AUD/USD;-4.30469656716041E-05;1055
8;AUD/USD;-0.00057157347956362;1056
8;AUD/USD;0.000575496383760197;1057
8;AUD/USD;0.00159373408133956;1058
8;AUD/USD;0.00246325902376454;1059
8;AUD/USD;0.00238146001727619;1060
8;AUD/USD;0.00547849425590349;1061
8;AUD/USD;0.00436536890583133;1062
8;AUD/USD;0.00222100010418897;1063
8;AUD/USD;0.00227495794824657;1064
8;AUD/USD;0.00226685599069925;1065
8;AUD/USD;-0.00189659368461759;1066
8;AUD/USD;-0.00143297049780533;1067
8;AUD/USD;-0.000846149859210707;1068
8;AUD/USD;-0.0021423311189855;1069
8;AUD/USD;-0.00204925941076218;1070
8;AUD/USD;-0.00114765047208638;1071
8;AUD/USD;-0.00192924732223262;1072
8;AUD/USD;-0.00316301282919099;1073
8;AUD/USD;-0.00183452941723852;1074
8;AUD/USD;-0.00277894120450451;1075
8;AUD/USD;-0.00295159014547421;1076
8;AUD/USD;-0.00246278076916355;1077
8;AUD/USD;-0.000607226455728056;1078
8;AUD/USD;-0.000900788446149721;1079
8;AUD/USD;0.000179884607291319;1080
8;AUD/USD;0.000729974070024778;1081
8;AUD/USD;-0.00129395884307613;1082
8;AUD/USD;-0.00207590964650095;1083
8;AUD/USD;-0.00148909643436546;1084
8;AUD/USD;-0.00177039577939085;1085
8;AUD/USD;-0.00211101201941904;1086
8;AUD/USD;-0.000996537244704454;1087
8;AUD/USD;-0.00193215845878817;1088
8;AUD/USD;-0.00214485465285514;1089
8;AUD/USD;-0.00215001974201779;1090
8;AUD/USD;-0.00288438060919348;1091
8;AUD/USD;-0.00135803388587635;1092
8;AUD/USD;-0.00128380965880945;1093
8;AUD/USD;-0.00295808346507682;1094
8;AUD/USD;-0.00229090438728138;1095
8;AUD/USD;-0.00146578022513265;1096
8;AUD/USD;-0.00199050573723905;1097
8;AUD/USD;-0.00118738075389683;1098
8;AUD/USD;0.000518284194448395;1099
8;AUD/USD;-0.00120004028269357;1100
8;AUD/USD;-0.00105060009064883;1101
8;AUD/USD;0.00070387726136438;1102
8;AUD/USD;0.00275794733204773;1103
8;AUD/USD;0.00283195625901659;1104
8;AUD/USD;0.00469338664127084;1105
8;AUD/USD;0.00489642451896753;1106
8;AUD/USD;0.0022075936323193;1107
8;AUD/USD;-0.000908180997133056;1108
8;AUD/USD;-0.00226547608235465;1109
8;AUD/USD;-0.00270077049601332;1110
8;AUD/USD;-0.00300877945728081;1111
8;AUD/USD;-0.00389058170302978;1112
8;AUD/USD;-0.00251569078837667;1113
8;AUD/USD;-0.000817601755097913;1114
8;AUD/USD;-0.000983366941215594;1115
8;AUD/USD;3.12235738616187E-05;1116
8;AUD/USD;0.000919036238068464;1117
8;AUD/USD;0.00179084993393476;1118
8;AUD/USD;0.00118742723518431;1119
8;AUD/USD;0.00328069648994582;1120
8;AUD/USD;0.00157564792927118;1121
8;AUD/USD;0.0018643244260553;1122
8;AUD/USD;0.0015194016241192;1123
8;AUD/USD;0.000999268850546137;1124
8;AUD/USD;-0.000713794105471524;1125
8;AUD/USD;-0.000962572854134947;1126
8;AUD/USD;0.000328417914385092;1127
8;AUD/USD;-0.000369712156471878;1128
8;AUD/USD;-2.84813609393825E-05;1129
8;AUD/USD;0.000466702547222652;1130
8;AUD/USD;0.00120249394113899;1131
8;AUD/USD;-8.52850925538196E-05;1132
8;AUD/USD;0.00060204819209996;1133
8;AUD/USD;0.000545618263625616;1134
8;AUD/USD;-0.00157982993522171;1135
8;AUD/USD;-0.00236007769935065;1136
8;AUD/USD;-0.000424381377774331;1137
8;AUD/USD;0.000432973121175718;1138
8;AUD/USD;0.00216259972758857;1139
8;AUD/USD;0.00220725722857719;1140
8;AUD/USD;0.00249925475621774;1141
8;AUD/USD;0.00092523360420689;1142
8;AUD/USD;-9.01254690509635E-05;1143
8;AUD/USD;-0.00163391847868577;1144
8;AUD/USD;-0.00116642428631181;1145
8;AUD/USD;-0.000880507002809571;1146
8;AUD/USD;-0.000888970750220982;1147
8;AUD/USD;-0.000701791318152475;1148
8;AUD/USD;-0.000582917836979013;1149
8;AUD/USD;-3.6157024891878E-05;1150
8;AUD/USD;-0.0010586291111709;1151
8;AUD/USD;-0.000420015710498938;1152
8;AUD/USD;-0.000227578383922547;1153
8;AUD/USD;-7.23383375235068E-05;1154
8;AUD/USD;-0.000305012078658034;1155
8;AUD/USD;0.000475519429916838;1156
8;AUD/USD;-0.00150841869390977;1157
8;AUD/USD;-0.00289304860740894;1158
8;AUD/USD;-0.00243857904031168;1159
8;AUD/USD;-0.00144867968146072;1160
8;AUD/USD;-0.000900023629236326;1161
8;AUD/USD;0.000866321840944126;1162
8;AUD/USD;0.00219836945699041;1163
8;AUD/USD;0.00118920678967624;1164
8;AUD/USD;0.000979916315275216;1165
8;AUD/USD;-0.000245216355865435;1166
8;AUD/USD;-0.00115680465604388;1167
8;AUD/USD;-0.00229552885940148;1168
8;AUD/USD;-0.00166058395231083;1169
8;AUD/USD;-0.00201441489259238;1170
8;AUD/USD;-0.00276769186416915;1171
8;AUD/USD;-0.00323677796927466;1172
8;AUD/USD;-0.00343066128760332;1173
8;AUD/USD;-0.00312595129574839;1174
8;AUD/USD;-0.00308279062335616;1175
8;AUD/USD;-0.00218479616366984;1176
8;AUD/USD;-0.00201966526269826;1177
8;AUD/USD;-0.00134048759189467;1178
8;AUD/USD;-0.0014889036358987;1179
8;AUD/USD;-0.00341223722725426;1180
8;AUD/USD;-0.000833887560857447;1181
8;AUD/USD;-0.000492621032000181;1182
8;AUD/USD;0.000612376928791339;1183
8;AUD/USD;-0.000486222813905014;1184
8;AUD/USD;0.00180458022392462;1185
8;AUD/USD;0.000413356385062017;1186
8;AUD/USD;0.000107780400048633;1187
8;AUD/USD;-0.00102167238359081;1188
8;AUD/USD;-0.000368812568760387;1189
8;AUD/USD;-0.00143695790630607;1190
8;AUD/USD;-0.00183168730358946;1191
8;AUD/USD;2.96294301589806E-05;1192
8;AUD/USD;0.000777483576548157;1193
8;AUD/USD;0.00062147360655608;1194
8;AUD/USD;0.00146913078196021;1195
8;AUD/USD;-0.000666793776230199;1196
8;AUD/USD;-0.00150315666070582;1197
8;AUD/USD;-0.00202940576240073;1198
8;AUD/USD;-0.000478713619080348;1199
8;AUD/USD;-0.00126129088094169;1200
8;AUD/USD;0.000972341692430006;1201
8;AUD/USD;-2.44248292261542E-05;1202
8;AUD/USD;-0.000160096609209523;1203
8;AUD/USD;-0.000982524413415192;1204
8;AUD/USD;-0.000932919493400645;1205
8;AUD/USD;-0.000774239925203856;1206
8;AUD/USD;-0.000105875408837271;1207
8;AUD/USD;0.00163023443259666;1208
8;AUD/USD;0.00086670807334178;1209
8;AUD/USD;0.00103271383821081;1210
8;AUD/USD;-0.000187241793015877;1211
8;AUD/USD;0.000217119925790704;1212
8;AUD/USD;-0.000828326119441882;1213
8;AUD/USD;-0.00136249884896804;1214
8;AUD/USD;-0.00162989936856721;1215
8;AUD/USD;-0.00189856715612639;1216
8;AUD/USD;-0.00260188911655608;1217
8;AUD/USD;-0.00337278879944095;1218
8;AUD/USD;-0.00246185507196815;1219
8;AUD/USD;-0.00147890111504528;1220
8;AUD/USD;-0.000598391926174844;1221
8;AUD/USD;0.000609137526711205;1222
8;AUD/USD;0.00136741895566138;1223
8;AUD/USD;0.00177710900881811;1224
8;AUD/USD;0.000232655238054824;1225
8;AUD/USD;0.000836700783438448;1226
8;AUD/USD;-0.000106876402726963;1227
8;AUD/USD;-0.00088405494794886;1228
8;AUD/USD;-0.00196393760717754;1229
8;AUD/USD;-0.000438164267707237;1230
8;AUD/USD;-0.000671827108547582;1231
8;AUD/USD;0.000935283998368805;1232
8;AUD/USD;0.000112434273475193;1233
8;AUD/USD;0.000400917300921635;1234
8;AUD/USD;-0.000507826980405896;1235
8;AUD/USD;-0.000195115264006599;1236
8;AUD/USD;0.00151124635230101;1237
8;AUD/USD;0.00333857628601607;1238
8;AUD/USD;0.00228302706128486;1239
8;AUD/USD;0.0023254010643378;1240
8;AUD/USD;0.00194263945754674;1241
8;AUD/USD;-0.00101257791948022;1242
8;AUD/USD;-0.00258334211453532;1243
8;AUD/USD;-0.00084797713561434;1244
8;AUD/USD;-0.00049505649061301;1245
8;AUD/USD;0.000576416288496835;1246
8;AUD/USD;0.00116145290520733;1247
8;AUD/USD;0.00201634882220155;1248
8;AUD/USD;0.000791014466121259;1249
8;AUD/USD;0.00160312258481542;1250
8;AUD/USD;0.00123423766354831;1251
8;AUD/USD;-0.00110974976259292;1252
8;AUD/USD;-0.00301847289843495;1253
8;AUD/USD;-0.00159884275488748;1254
8;AUD/USD;-0.00276943406034252;1255
8;AUD/USD;-0.00100359312223842;1256
8;AUD/USD;0.000822727970081014;1257
8;AUD/USD;0.00154761863216049;1258
8;AUD/USD;0.00131378579705539;1259
8;AUD/USD;0.00200880704811499;1260
8;AUD/USD;6.50750402292272E-05;1261
8;AUD/USD;-0.000154512378840085;1262
8;AUD/USD;0.000671638871070922;1263
8;AUD/USD;-9.78274180838485E-05;1264
8;AUD/USD;0.000279142292680455;1265
8;AUD/USD;-0.000162727318687919;1266
8;AUD/USD;-0.000834257342582947;1267
8;AUD/USD;-0.00092238159285675;1268
8;AUD/USD;-0.000514380475818606;1269
8;AUD/USD;-0.000656467603272686;1270
8;AUD/USD;-0.00155801787536525;1271
8;AUD/USD;0.000255810191082251;1272
8;AUD/USD;-0.000959536015386672;1273
8;AUD/USD;0.000449135603079135;1274
8;AUD/USD;-0.000740429041843822;1275
8;AUD/USD;4.64801538671008E-05;1276
8;AUD/USD;-0.000326624005963069;1277
8;AUD/USD;-0.00125624927680957;1278
8;AUD/USD;-0.00229433382589425;1279
8;AUD/USD;-0.00367159537804481;1280
8;AUD/USD;-0.00388672623329045;1281
8;AUD/USD;-0.00374228148461967;1282
8;AUD/USD;-0.00193687999368047;1283
8;AUD/USD;-0.00477618021641604;1284
8;AUD/USD;-0.00211668782003725;1285
8;AUD/USD;-0.00249352859356055;1286
8;AUD/USD;-0.00240694264427393;1287
8;AUD/USD;-0.00108607153236955;1288
8;AUD/USD;0.00216563606969338;1289
8;AUD/USD;0.00142940670128341;1290
8;AUD/USD;0.00245450039556373;1291
8;AUD/USD;0.000224605560132341;1292
8;AUD/USD;-0.000165241815576728;1293
8;AUD/USD;-0.0012971265573196;1294
8;AUD/USD;-0.00213809875431788;1295
8;AUD/USD;-0.00179514056028175;1296
8;AUD/USD;-0.000500091569365969;1297
8;AUD/USD;-0.00293822008890468;1298
8;AUD/USD;-0.00343126605149262;1299
8;AUD/USD;-0.00211564262590554;1300
8;AUD/USD;-0.0028274027458549;1301
8;AUD/USD;-0.00183971059456484;1302
8;AUD/USD;-0.000341491261110021;1303
8;AUD/USD;0.000373413635451128;1304
8;AUD/USD;-0.000131014943236242;1305
8;AUD/USD;-0.000912244655755838;1306
8;AUD/USD;-0.0037049504687601;1307
8;AUD/USD;-0.00249628873881595;1308
8;AUD/USD;-0.00253057289712578;1309
8;AUD/USD;-0.00277999412335147;1310
8;AUD/USD;-0.00090778667772752;1311
8;AUD/USD;0.00179944064008611;1312
8;AUD/USD;0.00249344052713677;1313
8;AUD/USD;0.00288054915675224;1314
8;AUD/USD;0.00343421227670563;1315
8;AUD/USD;0.00218205849884634;1316
8;AUD/USD;-0.000519454721366052;1317
8;AUD/USD;0.00152650837531062;1318
8;AUD/USD;0.00146437798825542;1319
8;AUD/USD;0.000855779936740167;1320
8;AUD/USD;0.000829900295523766;1321
8;AUD/USD;0.00322679595051693;1322
8;AUD/USD;0.000626517417007293;1323
8;AUD/USD;0.000349635650364363;1324
8;AUD/USD;0.00179035088135175;1325
8;AUD/USD;0.0030762259935506;1326
8;AUD/USD;0.00127122356512022;1327
8;AUD/USD;-0.000208621146034145;1328
8;AUD/USD;0.000714286473519473;1329
8;AUD/USD;0.00109555624548882;1330
8;AUD/USD;0.000674753184282519;1331
8;AUD/USD;0.0022769266087466;1332
8;AUD/USD;0.00243348157002697;1333
8;AUD/USD;0.000608222680077459;1334
8;AUD/USD;0.000339743046651335;1335
8;AUD/USD;0.0015582621942895;1336
8;AUD/USD;0.00056589679630953;1337
8;AUD/USD;0.000328544455216633;1338
8;AUD/USD;0.0007932306574459;1339
8;AUD/USD;-0.00181398899902859;1340
8;AUD/USD;-0.0031932971883959;1341
8;AUD/USD;-0.00212202104862708;1342
8;AUD/USD;-0.00315731097074505;1343
8;AUD/USD;-0.00282693194713419;1344
8;AUD/USD;-0.00232140420361606;1345
8;AUD/USD;-0.0035105507367718;1346
8;AUD/USD;-0.00414981403212143;1347
8;AUD/USD;-0.00322231487567797;1348
8;AUD/USD;-0.00224320547940461;1349
8;AUD/USD;-0.000911046572440972;1350
8;AUD/USD;-9.14155136612028E-05;1351
8;AUD/USD;0.000399765984529305;1352
8;AUD/USD;0.0015563835587913;1353
8;AUD/USD;0.0008786708567215;1354
8;AUD/USD;-0.000151293495171942;1355
8;AUD/USD;-0.000844710725741;1356
8;AUD/USD;-0.00107547132140531;1357
8;AUD/USD;-0.000359409638190144;1358
8;AUD/USD;-0.000581544923551557;1359
8;AUD/USD;0.000111340297356294;1360
8;AUD/USD;0.00139542764728519;1361
8;AUD/USD;0.000995582024082079;1362
8;AUD/USD;0.00176798615885684;1363
8;AUD/USD;0.00112734093002515;1364
8;AUD/USD;0.000871448664725923;1365
8;AUD/USD;0.000455406006038483;1366
8;AUD/USD;0.000433301670360937;1367
8;AUD/USD;-0.000612193318740713;1368
8;AUD/USD;0.000991124403642307;1369
8;AUD/USD;0.00134808423281357;1370
8;AUD/USD;0.0014136737021746;1371
8;AUD/USD;0.00240028921560811;1372
8;AUD/USD;0.00268142484220426;1373
8;AUD/USD;0.00217172041918364;1374
8;AUD/USD;0.00333931218139637;1375
8;AUD/USD;0.0034785919064145;1376
8;AUD/USD;0.00239962605651399;1377
8;AUD/USD;0.00111996606004124;1378
8;AUD/USD;0.00184407444969987;1379
8;AUD/USD;0.00169164588595159;1380
8;AUD/USD;0.00258829249608795;1381
8;AUD/USD;0.00365552257089748;1382
8;AUD/USD;0.00362657762452257;1383
8;AUD/USD;0.00364334784912542;1384
8;AUD/USD;0.00310803594622758;1385
8;AUD/USD;0.00108430956668396;1386
8;AUD/USD;-0.000366115319243233;1387
8;AUD/USD;-0.000835944016583359;1388
8;AUD/USD;-0.00371534508077866;1389
8;AUD/USD;-0.00330631206193552;1390
8;AUD/USD;-0.00238667297685116;1391
8;AUD/USD;0.000199533981741301;1392
8;AUD/USD;0.00171742950243603;1393
8;AUD/USD;0.00256477275754274;1394
8;AUD/USD;0.00181567599639058;1395
8;AUD/USD;0.000726413037508455;1396
8;AUD/USD;-0.00168450927221553;1397
8;AUD/USD;-0.0023501324948894;1398
8;AUD/USD;-0.000596974496762443;1399
8;AUD/USD;-0.00198105638067624;1400
8;AUD/USD;-0.000665777744547636;1401
8;AUD/USD;0.000871461073791112;1402
8;AUD/USD;-0.000104726473386481;1403
8;AUD/USD;-0.000711573422378306;1404
8;AUD/USD;-0.000972995810215558;1405
8;AUD/USD;-0.000881016110533814;1406
8;AUD/USD;-0.0021733348618443;1407
8;AUD/USD;-0.00108909244439365;1408
8;AUD/USD;-0.00131993630908301;1409
8;AUD/USD;-0.000191285438770903;1410
8;AUD/USD;0.00123894079410498;1411
8;AUD/USD;5.54538904456087E-05;1412
8;AUD/USD;0.000149617650776786;1413
8;AUD/USD;0.00120981475964371;1414
