8;EUR/CHF;0.0322454929882333;5
8;EUR/CHF;0.000571203454211991;6
8;EUR/CHF;0.000483251196123824;7
8;EUR/CHF;3.25137167248548E-06;8
8;EUR/CHF;0.000653239557324208;9
8;EUR/CHF;0.000477866408556422;10
8;EUR/CHF;0.000514474955554784;11
8;EUR/CHF;0.00105356387924568;12
8;EUR/CHF;0.00129309747598317;13
8;EUR/CHF;0.000914518538304788;14
8;EUR/CHF;0.000692016977915019;15
8;EUR/CHF;0.000526088192395205;16
8;EUR/CHF;-7.11433060034526E-05;17
8;EUR/CHF;-0.000504577037695568;18
8;EUR/CHF;-0.000732900831071713;19
8;EUR/CHF;-0.000422704737865426;20
8;EUR/CHF;-0.000561750374366846;21
8;EUR/CHF;-0.000550598718624116;22
8;EUR/CHF;-0.000281952649492049;23
8;EUR/CHF;-0.000262750319598791;24
8;EUR/CHF;-0.0007146345105471;25
8;EUR/CHF;-0.000378085749805879;26
8;EUR/CHF;-8.59653475570636E-05;27
8;EUR/CHF;0.000163710565635212;28
8;EUR/CHF;0.000436106183845193;29
8;EUR/CHF;0.00117616383420332;30
8;EUR/CHF;0.000805612815220165;31
8;EUR/CHF;0.000558924313653351;32
8;EUR/CHF;-0.000251293994304147;33
8;EUR/CHF;-0.000447467376448873;34
8;EUR/CHF;-0.000711361044209933;35
8;EUR/CHF;-0.0005945755475648;36
8;EUR/CHF;-0.000547568281772271;37
8;EUR/CHF;0.000103798373992903;38
8;EUR/CHF;0.000193052556915509;39
8;EUR/CHF;0.000301705667154952;40
8;EUR/CHF;0.000406835295057624;41
8;EUR/CHF;0.000230226117172677;42
8;EUR/CHF;0.000175037692895727;43
8;EUR/CHF;0.000234980519598194;44
8;EUR/CHF;5.67217276378046E-05;45
8;EUR/CHF;5.66643330148227E-05;46
8;EUR/CHF;-0.000358424488250035;47
8;EUR/CHF;-0.000569433506695874;48
8;EUR/CHF;-0.000899279171135072;49
8;EUR/CHF;-0.000844383272139687;50
8;EUR/CHF;-0.00190132970768881;51
8;EUR/CHF;-0.00140745846579169;52
8;EUR/CHF;-0.000988589285778926;53
8;EUR/CHF;-0.000606125257196544;54
8;EUR/CHF;-0.000550767021794298;55
8;EUR/CHF;0.000481512998794709;56
8;EUR/CHF;0.000739173310886219;57
8;EUR/CHF;0.000542944706104558;58
8;EUR/CHF;0.000458022310748091;59
8;EUR/CHF;-0.000578469584266003;60
8;EUR/CHF;-0.000723523019412549;61
8;EUR/CHF;-0.000780046192280536;62
8;EUR/CHF;-0.000665433185809146;63
8;EUR/CHF;-0.000776484613721968;64
8;EUR/CHF;0.000196278895328258;65
8;EUR/CHF;-0.000171874051459149;66
8;EUR/CHF;-8.66781433371708E-05;67
8;EUR/CHF;-0.000217397544217815;68
8;EUR/CHF;-0.000554844398032167;69
8;EUR/CHF;-0.000748527774436759;70
8;EUR/CHF;-0.000190051787025634;71
8;EUR/CHF;-0.000147275411662464;72
8;EUR/CHF;-0.000171796717793185;73
8;EUR/CHF;0.000268612509564684;74
8;EUR/CHF;0.000566976479866183;75
8;EUR/CHF;0.000548364866802829;76
8;EUR/CHF;0.000163632653840559;77
8;EUR/CHF;0.000175067604448855;78
8;EUR/CHF;0.000382640663532671;79
8;EUR/CHF;0.000246934810334088;80
8;EUR/CHF;-4.41409077652979E-05;81
8;EUR/CHF;0.000217424198818278;82
8;EUR/CHF;0.000134060315810528;83
8;EUR/CHF;-0.000102946645681341;84
8;EUR/CHF;-1.307499326284E-05;85
8;EUR/CHF;1.30798031536372E-05;86
8;EUR/CHF;-0.000114404324334179;87
8;EUR/CHF;0.000209085433701597;88
8;EUR/CHF;9.64119258977056E-05;89
8;EUR/CHF;0.000120911085019848;90
8;EUR/CHF;0.0001095097830218;91
8;EUR/CHF;-0.000145551487083252;92
8;EUR/CHF;-0.000469113517380488;93
8;EUR/CHF;-0.000359738795879082;94
8;EUR/CHF;-0.000418598339429334;95
8;EUR/CHF;-0.000271432584135127;96
8;EUR/CHF;-0.000139108809149771;97
8;EUR/CHF;-1.47286853487855E-05;98
8;EUR/CHF;-3.7646442726922E-05;99
8;EUR/CHF;1.47312166823719E-05;100
8;EUR/CHF;0.000106327729094884;101
8;EUR/CHF;-2.29213225854104E-05;102
8;EUR/CHF;-5.72885340916769E-05;103
8;EUR/CHF;-0.000106430448168695;104
8;EUR/CHF;-0.000147361016580791;105
8;EUR/CHF;-0.00041254004968385;106
8;EUR/CHF;-0.000409752243304715;107
8;EUR/CHF;-0.000199819851197056;108
8;EUR/CHF;-0.000142541754791624;109
8;EUR/CHF;-5.56979862225264E-05;110
8;EUR/CHF;3.76877732966538E-05;111
8;EUR/CHF;2.29683283410454E-05;112
8;EUR/CHF;-0.000237750742274804;113
8;EUR/CHF;0.000165470022094812;114
8;EUR/CHF;-1.80232582076448E-05;115
8;EUR/CHF;-0.000180310145642397;116
8;EUR/CHF;8.36480397958449E-05;117
8;EUR/CHF;2.13271211459812E-05;118
8;EUR/CHF;-0.000244157257745294;119
8;EUR/CHF;-0.000278747975009254;120
8;EUR/CHF;-0.000152570950837027;121
8;EUR/CHF;-0.000223139230838247;122
8;EUR/CHF;-0.000397385923373099;123
8;EUR/CHF;-0.000357761298000666;124
8;EUR/CHF;-0.000353091489008411;125
8;EUR/CHF;-0.000356452164281472;126
8;EUR/CHF;-0.00106167409086695;127
8;EUR/CHF;-0.000651975848407126;128
8;EUR/CHF;-0.000806485888935094;129
8;EUR/CHF;-0.000655279450153122;130
8;EUR/CHF;-0.000236890835838256;131
8;EUR/CHF;0.00102883849043524;132
8;EUR/CHF;0.00106248502372677;133
8;EUR/CHF;0.000914866504594645;134
8;EUR/CHF;0.000898404623832465;135
8;EUR/CHF;0.000578571890761715;136
8;EUR/CHF;0.000274011979609098;137
8;EUR/CHF;0.000173801844055066;138
8;EUR/CHF;0.000332984842455649;139
8;EUR/CHF;3.11906198946895E-05;140
8;EUR/CHF;6.56507217536178E-06;141
8;EUR/CHF;-0.000236251504043223;142
8;EUR/CHF;-0.00045942706701238;143
8;EUR/CHF;-0.000259122627473149;144
8;EUR/CHF;-6.4028107243929E-05;145
8;EUR/CHF;1.96939236198452E-05;146
8;EUR/CHF;-6.89592900741804E-05;147
8;EUR/CHF;-0.000243267040191399;148
8;EUR/CHF;-0.000358075685735213;149
8;EUR/CHF;-0.000331961194033118;150
8;EUR/CHF;-0.000552164225072042;151
8;EUR/CHF;-0.000379701694904767;152
8;EUR/CHF;-0.00012174457049673;153
8;EUR/CHF;-0.000558100844938235;154
8;EUR/CHF;-0.000276506841501706;155
8;EUR/CHF;-0.000383796656196244;156
8;EUR/CHF;-0.000354050886398699;157
8;EUR/CHF;-0.000217350160940057;158
8;EUR/CHF;0.00035578405389798;159
8;EUR/CHF;0.00033735284812956;160
8;EUR/CHF;0.000392024569392876;161
8;EUR/CHF;0.000488919312562124;162
8;EUR/CHF;0.000383496601431179;163
8;EUR/CHF;0.000236838237574536;164
8;EUR/CHF;5.91837577785242E-05;165
8;EUR/CHF;0.000504546525191428;166
8;EUR/CHF;0.000359752213007124;167
8;EUR/CHF;0.000205435850180744;168
8;EUR/CHF;0.00010024280330968;169
8;EUR/CHF;3.28747308387604E-06;170
8;EUR/CHF;-8.86553946547375E-05;171
8;EUR/CHF;-0.000228260849718403;172
8;EUR/CHF;0.000188814790832493;173
8;EUR/CHF;0.000220029249955326;174
8;EUR/CHF;0.000328474719698674;175
8;EUR/CHF;5.41829663562034E-05;176
8;EUR/CHF;0.000602111123363479;177
8;EUR/CHF;0.000285346522980542;178
8;EUR/CHF;0.000591563690452936;179
8;EUR/CHF;0.000306636609667154;180
8;EUR/CHF;0.000277252619034927;181
8;EUR/CHF;-6.55372421239589E-05;182
8;EUR/CHF;-0.000382194453107095;183
8;EUR/CHF;-0.00068677052087859;184
8;EUR/CHF;-0.000204918890545194;185
8;EUR/CHF;-4.59087892752923E-05;186
8;EUR/CHF;-0.000118021181669597;187
8;EUR/CHF;0.000205130747796642;188
8;EUR/CHF;-2.46298341492044E-05;189
8;EUR/CHF;-0.000208412840350727;190
8;EUR/CHF;-0.000246119546696476;191
8;EUR/CHF;-0.000246101375586479;192
8;EUR/CHF;-0.000157521667371047;193
8;EUR/CHF;0.000182188988524355;194
8;EUR/CHF;0.000398584583028624;195
8;EUR/CHF;0.000390368841948233;196
8;EUR/CHF;0.000437850444845056;197
8;EUR/CHF;0.00072586439829999;198
8;EUR/CHF;0.000552117687855157;199
8;EUR/CHF;0.000507332034283089;200
8;EUR/CHF;0.000257095754432089;201
8;EUR/CHF;0.00015392173676055;202
8;EUR/CHF;-0.000183265576078606;203
8;EUR/CHF;-0.000389764708823378;204
8;EUR/CHF;-0.000602395302315495;205
8;EUR/CHF;-0.000442343946957011;206
8;EUR/CHF;-0.000398147028032141;207
8;EUR/CHF;-0.000429367585427643;208
8;EUR/CHF;-0.000193526711123853;209
8;EUR/CHF;-0.000306805144598317;210
8;EUR/CHF;-6.56157221154506E-05;211
8;EUR/CHF;-0.000264230099115797;212
8;EUR/CHF;-0.000387549283355261;213
8;EUR/CHF;-0.000377752159141206;214
8;EUR/CHF;-0.000254660945189399;215
8;EUR/CHF;-0.000527347183952963;216
8;EUR/CHF;-0.000550916966709533;217
8;EUR/CHF;-0.000416301730362132;218
8;EUR/CHF;-0.00035705627359344;219
8;EUR/CHF;-4.27490958549496E-05;220
8;EUR/CHF;2.46733860833944E-05;221
8;EUR/CHF;0.000190937087568394;222
8;EUR/CHF;0.000297916696034964;223
8;EUR/CHF;0.000325818732582043;224
8;EUR/CHF;0.0002908422200825;225
8;EUR/CHF;0.000414058411804434;226
8;EUR/CHF;0.000264705800101698;227
8;EUR/CHF;0.000459993138596904;228
8;EUR/CHF;0.000502496323190933;229
8;EUR/CHF;0.000272383479219833;230
8;EUR/CHF;0.000285398006358087;231
8;EUR/CHF;0.000482473648710548;232
8;EUR/CHF;8.20304180285397E-05;233
8;EUR/CHF;0.000175412004014844;234
8;EUR/CHF;0.000199949209891779;235
8;EUR/CHF;0.000119614778447982;236
8;EUR/CHF;0.000248986477139149;237
8;EUR/CHF;0.00038018152000466;238
8;EUR/CHF;0.000222731762292828;239
8;EUR/CHF;-0.000217987245561939;240
8;EUR/CHF;-4.58711840872346E-05;241
8;EUR/CHF;-0.000298165192838933;242
8;EUR/CHF;-0.000406427593383689;243
8;EUR/CHF;-0.000389943516198891;244
8;EUR/CHF;-7.38089095730095E-05;245
8;EUR/CHF;-0.000268885559211873;246
8;EUR/CHF;-0.000145968049318507;247
8;EUR/CHF;-0.000188745064579687;248
8;EUR/CHF;-5.90493065996267E-05;249
8;EUR/CHF;4.42886143164675E-05;250
8;EUR/CHF;0.000154161549248243;251
8;EUR/CHF;0.000363901715822812;252
8;EUR/CHF;0.000344530662289238;253
8;EUR/CHF;0.000163982823787608;254
8;EUR/CHF;0.000185249710984037;255
8;EUR/CHF;8.85071803600466E-05;256
8;EUR/CHF;-0.000185146512437826;257
8;EUR/CHF;-5.24615967727222E-05;258
8;EUR/CHF;-0.000119694209471126;259
8;EUR/CHF;-0.00013441191198701;260
8;EUR/CHF;-0.000301740806175079;261
8;EUR/CHF;-0.000413511465537643;262
8;EUR/CHF;-0.000374187728135968;263
8;EUR/CHF;-0.000206764159605926;264
8;EUR/CHF;-0.000278946938653314;265
8;EUR/CHF;-0.000169108210591514;266
8;EUR/CHF;-3.12121399430329E-05;267
8;EUR/CHF;1.80689989487158E-05;268
8;EUR/CHF;-0.000188900081800428;269
8;EUR/CHF;0.000151007820186895;270
8;EUR/CHF;0.000193723696224657;271
8;EUR/CHF;0.000218382757967778;272
8;EUR/CHF;2.13521670599551E-05;273
8;EUR/CHF;0.000190541908989954;274
8;EUR/CHF;-7.54896579926401E-05;275
8;EUR/CHF;0.00010007177487571;276
8;EUR/CHF;0.000227980064131427;277
8;EUR/CHF;0.00039870229905992;278
8;EUR/CHF;0.000509955470734911;279
8;EUR/CHF;0.000439409269897661;280
8;EUR/CHF;0.000268797418047315;281
8;EUR/CHF;-0.000116417779133757;282
8;EUR/CHF;-9.6731224346944E-05;283
8;EUR/CHF;-0.000229401042707763;284
8;EUR/CHF;-0.00016220667492986;285
8;EUR/CHF;-0.000152383456562926;286
8;EUR/CHF;0.000231129568914588;287
8;EUR/CHF;7.87001371011545E-05;288
8;EUR/CHF;0.000283435846362075;289
8;EUR/CHF;0.000224432900510688;290
8;EUR/CHF;0.000191689379600702;291
8;EUR/CHF;0.000242317104809635;292
8;EUR/CHF;0.000389764708823396;293
8;EUR/CHF;0.000204545007499423;294
8;EUR/CHF;0.000247076228249746;295
8;EUR/CHF;0.000296183622487965;296
8;EUR/CHF;-9.32900724364088E-05;297
8;EUR/CHF;-8.50938499802641E-05;298
8;EUR/CHF;-0.000201270640066206;299
8;EUR/CHF;-9.81394417565396E-05;300
8;EUR/CHF;-0.000134128293828236;301
8;EUR/CHF;1.96436317959139E-05;302
8;EUR/CHF;-7.03934263081292E-05;303
8;EUR/CHF;-5.07587203340145E-05;304
8;EUR/CHF;-0.000245559497165569;305
8;EUR/CHF;-0.000253781168289481;306
8;EUR/CHF;-0.000185054035056866;307
8;EUR/CHF;-8.35220096725008E-05;308
8;EUR/CHF;-9.00875092522624E-05;309
8;EUR/CHF;5.07736847633723E-05;310
8;EUR/CHF;0.000122837551205083;311
8;EUR/CHF;0.000296331519783529;312
8;EUR/CHF;0.000248825477771255;313
8;EUR/CHF;0.000276685224689861;314
8;EUR/CHF;-1.31016524506252E-05;315
8;EUR/CHF;-9.33496575702E-05;316
8;EUR/CHF;-0.000284863019245868;317
8;EUR/CHF;-0.000306164692862486;318
8;EUR/CHF;-0.000147299515659941;319
8;EUR/CHF;-3.43959217111848E-05;320
8;EUR/CHF;-0.000155679651927752;321
8;EUR/CHF;-4.91553475299965E-05;322
8;EUR/CHF;0.000175242505059877;323
8;EUR/CHF;4.91118935102768E-05;324
8;EUR/CHF;0.000145732619851321;325
8;EUR/CHF;0.00039142641519534;326
8;EUR/CHF;0.000145792301578894;327
8;EUR/CHF;-3.76559962146806E-05;328
8;EUR/CHF;-2.61915090776722E-05;329
8;EUR/CHF;-0.000366990616923629;330
8;EUR/CHF;-0.000386508362252311;331
8;EUR/CHF;-0.000362219471189263;332
8;EUR/CHF;-0.000552556744605514;333
8;EUR/CHF;-0.000552457103506941;334
8;EUR/CHF;-0.000451469313273535;335
8;EUR/CHF;-0.000145953686683088;336
8;EUR/CHF;3.28094753773334E-06;337
8;EUR/CHF;0.000160841637108117;338
8;EUR/CHF;0.000170654074874356;339
8;EUR/CHF;0.000400627345415592;340
8;EUR/CHF;4.10089852123095E-05;341
8;EUR/CHF;-0.000146054284527332;342
8;EUR/CHF;-0.000178903367187867;343
8;EUR/CHF;-0.000154238700225258;344
8;EUR/CHF;-0.000279040801629474;345
8;EUR/CHF;-0.000287239635912426;346
8;EUR/CHF;-3.77617154791416E-05;347
8;EUR/CHF;-6.73353677164082E-05;348
8;EUR/CHF;-0.000197073475077593;349
8;EUR/CHF;-0.000138022828537575;350
8;EUR/CHF;7.06171204584206E-05;351
8;EUR/CHF;7.38749469727663E-05;352
8;EUR/CHF;1.80678117949409E-05;353
8;EUR/CHF;6.73552791958618E-05;354
8;EUR/CHF;0.000169229073134631;355
8;EUR/CHF;4.26866310376023E-05;356
8;EUR/CHF;1.47717154542415E-05;357
8;EUR/CHF;9.35979819623614E-05;358
8;EUR/CHF;0.000101811257268619;359
8;EUR/CHF;1.31380148506714E-05;360
8;EUR/CHF;-4.92546137644264E-05;361
8;EUR/CHF;-0.000241408078708243;362
8;EUR/CHF;-0.000305586876501944;363
8;EUR/CHF;-0.000262844507830477;364
8;EUR/CHF;-0.000190585736922813;365
8;EUR/CHF;-9.85456327268525E-05;366
8;EUR/CHF;2.46468314756338E-05;367
8;EUR/CHF;0.000131492443921305;368
8;EUR/CHF;-5.75433120145227E-05;369
8;EUR/CHF;-2.63019463818849E-05;370
8;EUR/CHF;-0.000139689484184997;371
8;EUR/CHF;-7.39496082933076E-05;372
8;EUR/CHF;-0.000169312527320377;373
8;EUR/CHF;3.78160415130151E-05;374
8;EUR/CHF;-7.56373690499753E-05;375
8;EUR/CHF;2.79457031881212E-05;376
8;EUR/CHF;-3.28728396388537E-06;377
8;EUR/CHF;-6.57910974130998E-05;378
8;EUR/CHF;-5.09711234903181E-05;379
8;EUR/CHF;3.94665440099729E-05;380
8;EUR/CHF;-0.000157862289799106;381
8;EUR/CHF;-0.000171013263946665;382
8;EUR/CHF;-9.37897235170609E-05;383
8;EUR/CHF;-0.000357162056347452;384
8;EUR/CHF;-0.000342302395744379;385
8;EUR/CHF;-0.000202443326986233;386
8;EUR/CHF;-0.00035564931820543;387
8;EUR/CHF;-0.000177827551932362;388
8;EUR/CHF;-3.29478435644019E-06;389
8;EUR/CHF;-0.00010708975612857;390
8;EUR/CHF;-7.74105362108323E-05;391
8;EUR/CHF;0.000118620056856259;392
8;EUR/CHF;0.000278197359181634;393
8;EUR/CHF;0.000286443377632823;394
8;EUR/CHF;0.000370451274275445;395
8;EUR/CHF;0.000276563740146406;396
8;EUR/CHF;0.000276506841501723;397
8;EUR/CHF;8.2248002413184E-06;398
8;EUR/CHF;-6.91039527754151E-05;399
8;EUR/CHF;-8.06176308509345E-05;400
8;EUR/CHF;-2.46776482514227E-05;401
8;EUR/CHF;-0.000159603139653058;402
8;EUR/CHF;-7.07443381058224E-05;403
8;EUR/CHF;2.46827241813567E-05;404
8;EUR/CHF;3.12637550874336E-05;405
8;EUR/CHF;-4.1136181473314E-05;406
8;EUR/CHF;-4.93821063960743E-06;407
8;EUR/CHF;-0.000235446201808636;408
8;EUR/CHF;-0.000172843073372021;409
8;EUR/CHF;-0.000246952229662119;410
8;EUR/CHF;-0.000238756846302661;411
8;EUR/CHF;-0.000158087153769868;412
8;EUR/CHF;-1.48275677501943E-05;413
8;EUR/CHF;3.12874369228926E-05;414
8;EUR/CHF;0.000100464030637691;415
8;EUR/CHF;9.88305076938544E-05;416
8;EUR/CHF;0.000187714588828904;417
8;EUR/CHF;0.00022394390569564;418
8;EUR/CHF;0.00011851852198686;419
8;EUR/CHF;0.000128388725953638;420
8;EUR/CHF;5.10433006381037E-05;421
8;EUR/CHF;-0.000103715229942131;422
8;EUR/CHF;-0.000209116337945386;423
8;EUR/CHF;-0.000253583547750414;424
8;EUR/CHF;-0.000184378845709994;425
8;EUR/CHF;-3.29272308206839E-06;426
8;EUR/CHF;6.4211007799965E-05;427
8;EUR/CHF;0.000146569015448563;428
8;EUR/CHF;8.07205555965637E-05;429
8;EUR/CHF;4.61106492939768E-05;430
8;EUR/CHF;5.59689211527672E-05;431
8;EUR/CHF;4.11500620759977E-05;432
8;EUR/CHF;3.29245205369983E-06;433
8;EUR/CHF;0.000133364621333222;434
8;EUR/CHF;4.11612410743769E-05;435
8;EUR/CHF;-0.000100425989392194;436
8;EUR/CHF;-6.58441639211388E-05;437
8;EUR/CHF;7.73570242003311E-05;438
8;EUR/CHF;2.46873958814406E-05;439
8;EUR/CHF;4.60905351834497E-05;440
8;EUR/CHF;6.75049914824517E-05;441
8;EUR/CHF;4.28011722570241E-05;442
8;EUR/CHF;-2.46851613693687E-05;443
8;EUR/CHF;-0.000107000730980237;444
8;EUR/CHF;-6.25540150784269E-05;445
8;EUR/CHF;-2.30479232429866E-05;446
8;EUR/CHF;0.000162889906128442;447
8;EUR/CHF;0.000146420719312573;448
8;EUR/CHF;0.000232036724029863;449
8;EUR/CHF;0.000370100896395379;450
8;EUR/CHF;0.000409527829381724;451
8;EUR/CHF;0.000110163398119766;452
8;EUR/CHF;7.2348192906237E-05;453
8;EUR/CHF;8.05738844631984E-05;454
8;EUR/CHF;-1.47908937464937E-05;455
8;EUR/CHF;-0.000263054095531025;456
8;EUR/CHF;-6.57521636629231E-06;457
8;EUR/CHF;-2.46612165690636E-05;458
8;EUR/CHF;-1.64410137621739E-05;459
8;EUR/CHF;6.57386559789602E-06;460
8;EUR/CHF;0.00021704459765324;461
8;EUR/CHF;-2.79470814249562E-05;462
8;EUR/CHF;-8.88055666078659E-05;463
8;EUR/CHF;-0.000118415213235123;464
8;EUR/CHF;-0.000381641833192556;465
8;EUR/CHF;-0.000386568911086966;466
8;EUR/CHF;-0.000241823079146057;467
8;EUR/CHF;-0.000289714369296788;468
8;EUR/CHF;-0.000250218150404482;469
8;EUR/CHF;-0.000227356999647776;470
8;EUR/CHF;-0.000151541364039524;471
8;EUR/CHF;-0.000131727362064184;472
8;EUR/CHF;-7.57900295753645E-05;473
8;EUR/CHF;-0.000176328344665622;474
8;EUR/CHF;4.45032328490266E-05;475
8;EUR/CHF;-5.27369664467322E-05;476
8;EUR/CHF;-0.000192807631657256;477
8;EUR/CHF;-0.000102197242898171;478
8;EUR/CHF;0.000112077138373283;479
8;EUR/CHF;3.29614186601687E-06;480
8;EUR/CHF;-9.56212099459654E-05;481
8;EUR/CHF;-0.000112144603505587;482
8;EUR/CHF;-0.000278835371455965;483
8;EUR/CHF;-0.000354576394806756;484
8;EUR/CHF;-0.000374459349830312;485
8;EUR/CHF;-0.000690487495564219;486
8;EUR/CHF;-0.000422756329483728;487
8;EUR/CHF;-0.000137085291408638;488
8;EUR/CHF;-0.000120534151550314;489
8;EUR/CHF;3.13693117968379E-05;490
8;EUR/CHF;0.000395092061749459;491
8;EUR/CHF;0.000142119402799068;492
8;EUR/CHF;0.000113969058008037;493
8;EUR/CHF;-2.80800281261534E-05;494
8;EUR/CHF;-9.90777532915503E-05;495
8;EUR/CHF;2.64218244654269E-05;496
8;EUR/CHF;2.64296805696761E-05;497
8;EUR/CHF;-0.000105708247704005;498
8;EUR/CHF;-2.31276896522198E-05;499
8;EUR/CHF;-9.08644112127218E-05;500
8;EUR/CHF;-0.000183373338635144;501
8;EUR/CHF;-0.000171855387664581;502
8;EUR/CHF;-0.000241356252892697;503
8;EUR/CHF;-0.000499549507494611;504
8;EUR/CHF;-0.00038042635749648;505
8;EUR/CHF;-0.000335793970906791;506
8;EUR/CHF;-0.000120717528790273;507
8;EUR/CHF;-0.000120787438468843;508
8;EUR/CHF;3.31238251404539E-06;509
8;EUR/CHF;-0.000208714684459798;510
8;EUR/CHF;-0.000175565007588608;511
8;EUR/CHF;-0.000438834532650288;512
8;EUR/CHF;-0.000422502114303188;513
8;EUR/CHF;-0.000193866702834981;514
8;EUR/CHF;-0.000121021725433982;515
8;EUR/CHF;-0.000125971726827952;516
8;EUR/CHF;-1.98945588545413E-05;517
8;EUR/CHF;5.97014929807088E-05;518
8;EUR/CHF;9.11573266907601E-05;519
8;EUR/CHF;0.000203871081636551;520
8;EUR/CHF;0.000240272116324018;521
8;EUR/CHF;9.94530105029016E-05;522
8;EUR/CHF;0.000165744034413695;523
8;EUR/CHF;9.93969936303275E-05;524
8;EUR/CHF;-0.000104395811624214;525
8;EUR/CHF;-0.00014412862860804;526
8;EUR/CHF;3.31400166458672E-05;527
8;EUR/CHF;-0.000255302958217787;528
8;EUR/CHF;-0.000236977651569202;529
8;EUR/CHF;-8.78672720984304E-05;530
8;EUR/CHF;-0.000187356750046616;531
8;EUR/CHF;-0.000167413267745041;532
8;EUR/CHF;6.46854674809081E-05;533
8;EUR/CHF;2.81868790544499E-05;534
8;EUR/CHF;0.000109413727520143;535
8;EUR/CHF;4.64410408197081E-05;536
8;EUR/CHF;0.000112729295193715;537
8;EUR/CHF;0.000104447734987711;538
8;EUR/CHF;0.000165724806883896;539
8;EUR/CHF;0.000704779493309887;540
8;EUR/CHF;0.000690366604254634;541
8;EUR/CHF;0.000537903907096089;542
8;EUR/CHF;0.000460246053860011;543
8;EUR/CHF;0.000377339866661766;544
8;EUR/CHF;-0.000234650653615793;545
8;EUR/CHF;-8.265214310658E-05;546
8;EUR/CHF;1.32224848402385E-05;547
8;EUR/CHF;0.000196688541390937;548
8;EUR/CHF;8.26548757476404E-05;549
8;EUR/CHF;0.000140492970798663;550
8;EUR/CHF;-0.000115770413969479;551
8;EUR/CHF;-0.000216628309360694;552
8;EUR/CHF;-0.000333989264303621;553
8;EUR/CHF;3.47048641390437E-05;554
8;EUR/CHF;0.000102415014296463;555
8;EUR/CHF;0.000295908173681864;556
8;EUR/CHF;-0.000314611271657985;557
8;EUR/CHF;-0.000299742128879448;558
8;EUR/CHF;-0.00053280415394444;559
8;EUR/CHF;-0.0006666369571522;560
8;EUR/CHF;-0.00059556842170559;561
8;EUR/CHF;6.95882701080954E-05;562
8;EUR/CHF;4.80552140147545E-05;563
8;EUR/CHF;1.49113396665153E-05;564
8;EUR/CHF;0.000117608573906615;565
8;EUR/CHF;0.000122567291620733;566
8;EUR/CHF;-8.28459243367491E-05;567
8;EUR/CHF;2.48516151798838E-05;568
8;EUR/CHF;9.93805300867514E-05;569
8;EUR/CHF;-1.65597870415392E-06;570
8;EUR/CHF;0.000120837423548668;571
8;EUR/CHF;0.000202083799141351;572
8;EUR/CHF;-6.29634237419339E-05;573
8;EUR/CHF;-8.28136786902027E-05;574
8;EUR/CHF;-0.000119266514491996;575
8;EUR/CHF;-0.000296430059937604;576
8;EUR/CHF;-0.000243519633827948;577
8;EUR/CHF;4.63960234061128E-05;578
8;EUR/CHF;-7.95334050777686E-05;579
8;EUR/CHF;-2.65133312731574E-05;580
8;EUR/CHF;-8.28648019438654E-06;581
8;EUR/CHF;-2.81812719337169E-05;582
8;EUR/CHF;-0.000188965428413833;583
8;EUR/CHF;-0.000225516556245943;584
8;EUR/CHF;2.15423493797566E-05;585
8;EUR/CHF;1.65726170743393E-05;586
8;EUR/CHF;0.000125956068698994;587
8;EUR/CHF;0.000270132580022538;588
8;EUR/CHF;0.000526913471802748;589
8;EUR/CHF;0.000238467872353567;590
8;EUR/CHF;0.000564305976469484;591
8;EUR/CHF;0.000618683393559956;592
8;EUR/CHF;0.000702622327844531;593
8;EUR/CHF;0.000576685944824332;594
8;EUR/CHF;0.000710404024688342;595
8;EUR/CHF;0.000363225208596999;596
8;EUR/CHF;0.000331711981774393;597
8;EUR/CHF;4.78537986234963E-05;598
8;EUR/CHF;-6.60115031035836E-05;599
8;EUR/CHF;4.12250435352679E-05;600
8;EUR/CHF;-1.15470107708175E-05;601
8;EUR/CHF;-0.0002607024484116;602
8;EUR/CHF;-0.000255903352988413;603
8;EUR/CHF;-0.000165124141446049;604
8;EUR/CHF;-0.000389503341462531;605
8;EUR/CHF;-0.000561658913771076;606
8;EUR/CHF;-0.000446292242017426;607
8;EUR/CHF;-0.000302553159487669;608
8;EUR/CHF;-0.000463074191214243;609
8;EUR/CHF;-0.000345576011406759;610
8;EUR/CHF;-0.000150594316801612;611
8;EUR/CHF;-0.000208611017348891;612
8;EUR/CHF;-0.000279814110024396;613
8;EUR/CHF;-5.46472975757899E-05;614
8;EUR/CHF;-0.000301419377699451;615
8;EUR/CHF;-0.000152364556113303;616
8;EUR/CHF;-0.000167377200897972;617
8;EUR/CHF;4.47303136713835E-05;618
8;EUR/CHF;-6.12889738479294E-05;619
8;EUR/CHF;0.000112671391903296;620
8;EUR/CHF;6.79159339790677E-05;621
8;EUR/CHF;0.00015909449559956;622
8;EUR/CHF;-0.000232043583920342;623
8;EUR/CHF;-0.000116003516501439;624
8;EUR/CHF;-0.000112671391903328;625
8;EUR/CHF;-0.000154086403698323;626
8;EUR/CHF;-0.000135885331269219;627
8;EUR/CHF;0.000190626969911835;628
8;EUR/CHF;4.47521849635418E-05;629
8;EUR/CHF;-6.1333168048641E-05;630
8;EUR/CHF;-8.12330861918136E-05;631
8;EUR/CHF;-5.63697861679491E-05;632
8;EUR/CHF;-4.80540195770259E-05;633
8;EUR/CHF;-3.14912343142396E-05;634
8;EUR/CHF;-3.64772888437014E-05;635
8;EUR/CHF;-4.3116672223227E-05;636
8;EUR/CHF;2.98448070589391E-05;637
8;EUR/CHF;-5.80116110162596E-05;638
8;EUR/CHF;-0.000165825113762273;639
8;EUR/CHF;-8.62455024726545E-05;640
8;EUR/CHF;1.99011576004126E-05;641
8;EUR/CHF;-2.81866453799458E-05;642
8;EUR/CHF;-9.45120831387259E-05;643
8;EUR/CHF;4.31277578554614E-05;644
8;EUR/CHF;7.62959962147605E-05;645
8;EUR/CHF;2.15573529437172E-05;646
8;EUR/CHF;-1.65822354606665E-05;647
8;EUR/CHF;-4.97611467535128E-05;648
8;EUR/CHF;-3.15155235339129E-05;649
8;EUR/CHF;1.65822354606627E-05;650
8;EUR/CHF;-6.13616486220293E-05;651
8;EUR/CHF;-3.48271702560147E-05;652
8;EUR/CHF;-1.32717303896785E-05;653
8;EUR/CHF;1.82464347008057E-05;654
8;EUR/CHF;-0.000114445419708303;655
8;EUR/CHF;-7.1335847433999E-05;656
8;EUR/CHF;-0.000144348633087589;657
8;EUR/CHF;-0.000200842392959643;658
8;EUR/CHF;-0.000308754750739003;659
8;EUR/CHF;-0.000245698237137554;660
8;EUR/CHF;-0.000302215194830475;661
8;EUR/CHF;-0.000180997741578887;662
8;EUR/CHF;-9.96437735301472E-06;663
8;EUR/CHF;8.80270738980633E-05;664
8;EUR/CHF;1.82717423479457E-05;665
8;EUR/CHF;-3.49003885631096E-05;666
8;EUR/CHF;-0.000172847929519954;667
8;EUR/CHF;-0.000274215102349381;668
8;EUR/CHF;-0.000320737932010965;669
8;EUR/CHF;-0.000226022526589923;670
8;EUR/CHF;-0.00016461248409173;671
8;EUR/CHF;1.82890585834572E-05;672
8;EUR/CHF;0.000104744687224888;673
8;EUR/CHF;4.98894120624997E-05;674
8;EUR/CHF;-0.000124754134446426;675
8;EUR/CHF;-3.99264688859845E-05;676
8;EUR/CHF;-0.000108095975224939;677
8;EUR/CHF;-0.000214536086329019;678
8;EUR/CHF;-0.000123083068320299;679
8;EUR/CHF;-1.6639765721693E-05;680
8;EUR/CHF;-0.000123156812466052;681
8;EUR/CHF;-0.000184729845752962;682
8;EUR/CHF;-0.000106521976836328;683
8;EUR/CHF;-0.000136477877572673;684
8;EUR/CHF;-0.00010652729597622;685
8;EUR/CHF;-2.16434901171335E-05;686
8;EUR/CHF;-1.66500859561883E-06;687
8;EUR/CHF;-8.32441926888774E-06;688
8;EUR/CHF;-1.66493929210017E-06;689
8;EUR/CHF;0.00013814166726968;690
8;EUR/CHF;1.99786894146187E-05;691
8;EUR/CHF;-9.99034267082739E-06;692
8;EUR/CHF;1.66491157237887E-06;693
8;EUR/CHF;0.000154780091023373;694
8;EUR/CHF;-4.32630310767828E-05;695
8;EUR/CHF;0.000101527491580232;696
8;EUR/CHF;0.000174758989361818;697
8;EUR/CHF;0.00023627683741066;698
8;EUR/CHF;7.48506115299273E-05;699
8;EUR/CHF;0.000116456078554262;700
8;EUR/CHF;0.000158014021567537;701
8;EUR/CHF;0.000149671975919952;702
8;EUR/CHF;-4.65677104927337E-05;703
8;EUR/CHF;1.16409111540046E-05;704
8;EUR/CHF;-4.99014449057275E-05;705
8;EUR/CHF;-0.000148030494385361;706
8;EUR/CHF;-0.000144681105054378;707
8;EUR/CHF;-7.81916120343205E-05;708
8;EUR/CHF;-0.000121431397072491;709
8;EUR/CHF;9.98128509247001E-06;710
8;EUR/CHF;-0.000134819683785086;711
8;EUR/CHF;0.000226122113388846;712
8;EUR/CHF;0.000164665874816374;713
8;EUR/CHF;0.000116442518114835;714
8;EUR/CHF;0.000103110788170985;715
8;EUR/CHF;0.00031277561401528;716
8;EUR/CHF;0.000104661161884523;717
8;EUR/CHF;0.000171175261499217;718
8;EUR/CHF;0.000114712743324551;719
8;EUR/CHF;4.32241924161175E-05;720
8;EUR/CHF;5.98374420633299E-05;721
8;EUR/CHF;-8.80446217709707E-05;722
8;EUR/CHF;-0.00028426451354989;723
8;EUR/CHF;-0.000181243023531571;724
8;EUR/CHF;-0.000123047252361876;725
8;EUR/CHF;-0.000206182156901352;726
8;EUR/CHF;-0.000156250007947251;727
8;EUR/CHF;5.65526192620814E-05;728
8;EUR/CHF;-2.66183101093137E-05;729
8;EUR/CHF;-3.49326092636018E-05;730
8;EUR/CHF;-3.99307867691442E-05;731
8;EUR/CHF;-0.000119763470731135;732
8;EUR/CHF;-6.48705298041611E-05;733
8;EUR/CHF;-3.49419091650612E-05;734
8;EUR/CHF;0.000126393870777991;735
8;EUR/CHF;0.000199574258178367;736
8;EUR/CHF;0.000176293523480921;737
8;EUR/CHF;-0.000168095907772883;738
8;EUR/CHF;-0.000111522155433608;739
8;EUR/CHF;-0.000297818410791606;740
8;EUR/CHF;-0.000374365248424552;741
8;EUR/CHF;-0.000307783231657935;742
8;EUR/CHF;-2.1646373212892E-05;743
8;EUR/CHF;-3.82980673134488E-05;744
8;EUR/CHF;-2.33117699724595E-05;745
8;EUR/CHF;-6.66172588719216E-06;746
8;EUR/CHF;-5.99480454764478E-05;747
8;EUR/CHF;-4.16342268154253E-05;748
8;EUR/CHF;-3.33061333251845E-06;749
8;EUR/CHF;-3.49727504877877E-05;750
8;EUR/CHF;-1.6654661431819E-06;751
8;EUR/CHF;0.000910603101806891;752
8;EUR/CHF;0.000532264683211959;753
8;EUR/CHF;0.000527211118932316;754
8;EUR/CHF;0.00059702777938094;755
8;EUR/CHF;0.00035941903611147;756
8;EUR/CHF;-0.000488019696523213;757
8;EUR/CHF;-5.1501219285231E-05;758
8;EUR/CHF;-0.000259274069019258;759
8;EUR/CHF;-0.000207676574884691;760
8;EUR/CHF;6.48263200532877E-05;761
8;EUR/CHF;-0.000199534436237945;762
8;EUR/CHF;-0.000222770860002078;763
8;EUR/CHF;-5.3225994559062E-05;764
8;EUR/CHF;-0.000129699533968935;765
8;EUR/CHF;-0.000166263487308434;766
8;EUR/CHF;1.49719899092091E-05;767
8;EUR/CHF;2.99388748531457E-05;768
8;EUR/CHF;-1.66360286568817E-05;769
8;EUR/CHF;2.82750161597056E-05;770
8;EUR/CHF;3.65898281298979E-05;771
8;EUR/CHF;8.64828918718742E-05;772
8;EUR/CHF;7.815260642777E-05;773
8;EUR/CHF;0.000136374603020523;774
8;EUR/CHF;5.82006846844781E-05;775
8;EUR/CHF;-2.66101202005824E-05;776
8;EUR/CHF;-8.64828918718282E-05;777
8;EUR/CHF;-5.6532872578861E-05;778
8;EUR/CHF;-0.000106430747693172;779
8;EUR/CHF;-0.000116418310897597;780
8;EUR/CHF;-2.16233299307103E-05;781
8;EUR/CHF;-5.82307021329196E-05;782
8;EUR/CHF;-0.00016969455999066;783
8;EUR/CHF;-0.000106487415370706;784
8;EUR/CHF;-0.000141456256390988;785
8;EUR/CHF;-0.000153093494345897;786
8;EUR/CHF;-0.000109852617170833;787
8;EUR/CHF;-9.32269009780592E-05;788
8;EUR/CHF;-0.000119866153054425;789
8;EUR/CHF;-7.32637336064687E-05;790
8;EUR/CHF;-8.15867807430126E-05;791
8;EUR/CHF;-5.6614298818624E-05;792
8;EUR/CHF;-1.66522347395112E-05;793
8;EUR/CHF;2.66431319395968E-05;794
8;EUR/CHF;8.32677599846629E-06;795
8;EUR/CHF;6.66139306444758E-06;796
8;EUR/CHF;-1.16578746894551E-05;797
8;EUR/CHF;3.33055786849814E-06;798
8;EUR/CHF;-3.83006183390154E-05;799
8;EUR/CHF;-4.99602399786955E-06;800
8;EUR/CHF;-1.33230080070809E-05;801
8;EUR/CHF;8.32712268881118E-06;802
8;EUR/CHF;-1.66533440011318E-05;803
8;EUR/CHF;-4.99627361288506E-06;804
8;EUR/CHF;-1.66536906658973E-06;805
8;EUR/CHF;8.32698400922642E-06;806
8;EUR/CHF;-3.33080747103632E-06;807
8;EUR/CHF;2.32117520733779E-17;808
8;EUR/CHF;-0.026282277643589;809
8;EUR/CHF;-0.0379094036263978;810
8;EUR/CHF;-0.0337496264530481;811
8;EUR/CHF;-0.0405691006767906;812
8;EUR/CHF;-0.0381860678565123;813
8;EUR/CHF;-0.0103886556321681;814
8;EUR/CHF;0.00478543115933976;815
8;EUR/CHF;0.00112648664848447;816
8;EUR/CHF;0.00731840252512233;817
8;EUR/CHF;0.00462864167260147;818
8;EUR/CHF;0.00193320935186511;819
8;EUR/CHF;-0.000878472950662578;820
8;EUR/CHF;-0.0043961734279669;821
8;EUR/CHF;-0.00354363803386477;822
8;EUR/CHF;-0.00420779024997478;823
8;EUR/CHF;-0.00337079334324549;824
8;EUR/CHF;-0.00482495093298065;825
8;EUR/CHF;-0.00179761563247403;826
8;EUR/CHF;-0.00235390407152707;827
8;EUR/CHF;-0.00263222969920945;828
8;EUR/CHF;-0.00146017050150715;829
8;EUR/CHF;0.00429917580411928;830
8;EUR/CHF;0.00491346687033575;831
8;EUR/CHF;0.00561217499128923;832
8;EUR/CHF;0.00953982911807385;833
8;EUR/CHF;0.00735702306906705;834
8;EUR/CHF;0.003665329504367;835
8;EUR/CHF;0.00240049949809609;836
8;EUR/CHF;0.00153616764242182;837
8;EUR/CHF;-0.000208034626383424;838
8;EUR/CHF;0.00366783566350132;839
8;EUR/CHF;0.00309868476489108;840
8;EUR/CHF;0.00501306395598961;841
8;EUR/CHF;0.00286213972391482;842
8;EUR/CHF;0.00263204919511796;843
8;EUR/CHF;0.00202779660882558;844
8;EUR/CHF;0.000487318034409687;845
8;EUR/CHF;-0.000169279573402626;846
8;EUR/CHF;0.00221676320413365;847
8;EUR/CHF;0.00308807742802951;848
8;EUR/CHF;0.00150982715695546;849
8;EUR/CHF;0.00210187484506567;850
8;EUR/CHF;0.00118195916888246;851
8;EUR/CHF;-0.000358532402065385;852
8;EUR/CHF;-0.00155998741287942;853
8;EUR/CHF;-0.000493181219923884;854
8;EUR/CHF;-0.000241908841210176;855
8;EUR/CHF;-4.35117790939633E-05;856
8;EUR/CHF;0.000246083441876547;857
8;EUR/CHF;-0.000389042106786956;858
8;EUR/CHF;-0.00119356891573852;859
8;EUR/CHF;-0.00173784490936727;860
8;EUR/CHF;-0.00188192849608862;861
8;EUR/CHF;-0.000716199754078121;862
8;EUR/CHF;9.73314967704812E-05;863
8;EUR/CHF;-0.000415337134262461;864
8;EUR/CHF;0.000179230275215392;865
8;EUR/CHF;7.63949235662274E-06;866
8;EUR/CHF;0.000918181478562149;867
8;EUR/CHF;0.000417415322367362;868
8;EUR/CHF;0.00129081152025161;869
8;EUR/CHF;0.00213832792164908;870
8;EUR/CHF;0.00271258758115356;871
8;EUR/CHF;0.0019615339573063;872
8;EUR/CHF;0.00213816657869404;873
8;EUR/CHF;0.00109793303589908;874
8;EUR/CHF;-0.000154677589835039;875
8;EUR/CHF;-0.000721027583500082;876
8;EUR/CHF;-0.000267982715580171;877
8;EUR/CHF;0.000658235584049966;878
8;EUR/CHF;0.00119499810628313;879
8;EUR/CHF;0.00173045754563596;880
8;EUR/CHF;0.00258885051512005;881
8;EUR/CHF;0.00274764375300034;882
8;EUR/CHF;0.00194507350963926;883
8;EUR/CHF;0.00211314844912238;884
8;EUR/CHF;0.00184911492365465;885
8;EUR/CHF;0.00156367728912773;886
8;EUR/CHF;-8.75660835153171E-05;887
8;EUR/CHF;-0.000984186073206185;888
8;EUR/CHF;-0.00052712690833215;889
8;EUR/CHF;-0.000577292049113626;890
8;EUR/CHF;-0.000376321522882943;891
8;EUR/CHF;0.000428150090446193;892
8;EUR/CHF;0.00106412472600284;893
8;EUR/CHF;0.000232181276046946;894
8;EUR/CHF;0.000228517309964051;895
8;EUR/CHF;2.96865288643467E-05;896
8;EUR/CHF;0.000479184501582501;897
8;EUR/CHF;0.000222915760928139;898
8;EUR/CHF;-0.00155610902464848;899
8;EUR/CHF;-0.00184673518938911;900
8;EUR/CHF;-0.00278739741325448;901
8;EUR/CHF;-0.00275701547231631;902
8;EUR/CHF;-0.00228360515715861;903
8;EUR/CHF;-0.000230249790266986;904
8;EUR/CHF;0.000666043646424213;905
8;EUR/CHF;0.0015666218943198;906
8;EUR/CHF;0.0019651855176557;907
8;EUR/CHF;0.00160479678943948;908
8;EUR/CHF;0.00123797782082487;909
8;EUR/CHF;0.000483175385994962;910
8;EUR/CHF;-0.00127335292733669;911
8;EUR/CHF;-0.00119552781595375;912
8;EUR/CHF;-0.00108528918531919;913
8;EUR/CHF;-0.000478970721915709;914
8;EUR/CHF;0.000180657549846901;915
8;EUR/CHF;0.00150095215343632;916
8;EUR/CHF;0.000142343428244046;917
8;EUR/CHF;-2.99709656831564E-05;918
8;EUR/CHF;-0.000474509367159327;919
8;EUR/CHF;-0.00065636188615851;920
8;EUR/CHF;-0.000576963873116924;921
8;EUR/CHF;0.0002432475717815;922
8;EUR/CHF;0.000531318130335361;923
8;EUR/CHF;-9.16688898388761E-05;924
8;EUR/CHF;-0.000495561242607268;925
8;EUR/CHF;-0.000826327443190954;926
8;EUR/CHF;-0.00098980405984335;927
8;EUR/CHF;-0.00123881181898804;928
8;EUR/CHF;-0.000701064497780911;929
8;EUR/CHF;-0.000496792198033537;930
8;EUR/CHF;9.19829378481108E-05;931
8;EUR/CHF;-0.0012914643556178;932
8;EUR/CHF;-0.0016631445272721;933
8;EUR/CHF;-0.00145115267778321;934
8;EUR/CHF;-5.63184625026603E-05;935
8;EUR/CHF;-7.88399278124452E-05;936
8;EUR/CHF;0.00152999003244059;937
8;EUR/CHF;0.00183790483022258;938
8;EUR/CHF;0.00153188149108624;939
8;EUR/CHF;0.000110744572357019;940
8;EUR/CHF;-0.00112591495283168;941
8;EUR/CHF;-0.000242284262842853;942
8;EUR/CHF;-0.000400483345955803;943
8;EUR/CHF;-0.00222915563085645;944
8;EUR/CHF;-0.00187021205364616;945
8;EUR/CHF;-0.000688455816742859;946
8;EUR/CHF;-0.00194132279215866;947
8;EUR/CHF;-0.000807159915374789;948
8;EUR/CHF;0.000559149320535808;949
8;EUR/CHF;0.000107936660844012;950
8;EUR/CHF;0.000425836100481076;951
8;EUR/CHF;0.000381062635125323;952
8;EUR/CHF;-0.00245651480207883;953
8;EUR/CHF;-0.00197823668089523;954
8;EUR/CHF;-0.0012838574872568;955
8;EUR/CHF;-0.00113568263449397;956
8;EUR/CHF;-0.000593711461856808;957
8;EUR/CHF;0.0011179181703671;958
8;EUR/CHF;0.000578374370519725;959
8;EUR/CHF;-0.000242120393894525;960
8;EUR/CHF;-0.000920470625625966;961
8;EUR/CHF;-0.00168447349969021;962
8;EUR/CHF;-0.000968755767675397;963
8;EUR/CHF;-0.000683539410348071;964
8;EUR/CHF;-0.000271064829795536;965
8;EUR/CHF;0.000122210874841572;966
8;EUR/CHF;0.000413369586522405;967
8;EUR/CHF;-0.000562809054733723;968
8;EUR/CHF;-0.000340731890110336;969
8;EUR/CHF;-0.000441744015967874;970
8;EUR/CHF;-0.00121972029683728;971
8;EUR/CHF;-0.00109845620398114;972
8;EUR/CHF;-9.39556795750553E-05;973
8;EUR/CHF;-0.000452653778967435;974
8;EUR/CHF;-0.00022028016114046;975
8;EUR/CHF;0.000378008469007819;976
8;EUR/CHF;0.000799997229741831;977
8;EUR/CHF;0.000865023452465029;978
8;EUR/CHF;0.000776171578377581;979
8;EUR/CHF;0.000917827510697528;980
8;EUR/CHF;0.000793982092455221;981
8;EUR/CHF;0.000122498592224804;982
8;EUR/CHF;-0.000267527891450459;983
8;EUR/CHF;-0.000105229426487783;984
8;EUR/CHF;-0.000425883558637043;985
8;EUR/CHF;-0.000985775277398444;986
8;EUR/CHF;-0.000605567463074156;987
8;EUR/CHF;-0.000516959419333208;988
8;EUR/CHF;-0.000828460289024156;989
8;EUR/CHF;-0.000771953970756669;990
8;EUR/CHF;-0.00064000054613415;991
8;EUR/CHF;-0.000561209658946921;992
8;EUR/CHF;-0.000866505032288367;993
8;EUR/CHF;-0.00042322358142398;994
8;EUR/CHF;-0.00141562490644501;995
8;EUR/CHF;-0.00110607899940803;996
8;EUR/CHF;-0.00173390540562443;997
8;EUR/CHF;-0.000393181134445436;998
8;EUR/CHF;-0.000563119899920766;999
8;EUR/CHF;-0.000247558294831598;1000
8;EUR/CHF;-0.000593196131287219;1001
8;EUR/CHF;5.82414009041189E-06;1002
8;EUR/CHF;-0.00167775166796552;1003
8;EUR/CHF;-0.00116598077696831;1004
8;EUR/CHF;-0.000861100589352531;1005
8;EUR/CHF;2.91192872112483E-05;1006
8;EUR/CHF;-0.00057546723477857;1007
8;EUR/CHF;6.03016057438745E-05;1008
8;EUR/CHF;-0.00101070803848013;1009
8;EUR/CHF;-0.000371571943288876;1010
8;EUR/CHF;-0.000668870932584513;1011
8;EUR/CHF;-0.000657199306211525;1012
8;EUR/CHF;-0.000648709239123838;1013
8;EUR/CHF;0.00021074200691305;1014
8;EUR/CHF;-0.000220155982271272;1015
8;EUR/CHF;0.00190736084113343;1016
8;EUR/CHF;0.00309158120064043;1017
8;EUR/CHF;0.00219283420018457;1018
8;EUR/CHF;0.00120359886281452;1019
8;EUR/CHF;0.00148959482159883;1020
8;EUR/CHF;-6.36724540014814E-05;1021
8;EUR/CHF;-0.000631869451308402;1022
8;EUR/CHF;-2.8951520729156E-05;1023
8;EUR/CHF;0.00112894171786638;1024
8;EUR/CHF;0.000895780332779385;1025
8;EUR/CHF;0.000485713147702117;1026
8;EUR/CHF;0.00061840525884227;1027
8;EUR/CHF;0.00212353315421127;1028
8;EUR/CHF;0.00212644551807288;1029
8;EUR/CHF;0.00215917991446168;1030
8;EUR/CHF;0.00127228234945652;1031
8;EUR/CHF;0.000991996047201383;1032
8;EUR/CHF;0.000236681900462736;1033
8;EUR/CHF;0.000339209228526276;1034
8;EUR/CHF;-0.000557199100982208;1035
8;EUR/CHF;0.000756072383548612;1036
8;EUR/CHF;0.000149236604330039;1037
8;EUR/CHF;-0.000808545291593056;1038
8;EUR/CHF;-0.000889263530188452;1039
8;EUR/CHF;-0.000731290238817584;1040
8;EUR/CHF;-0.00164754877124347;1041
8;EUR/CHF;-0.000860595597921422;1042
8;EUR/CHF;-0.00174671919266789;1043
8;EUR/CHF;-0.00169980039888394;1044
8;EUR/CHF;-0.000766700432124924;1045
8;EUR/CHF;-0.000531019734566496;1046
8;EUR/CHF;-0.000380685155744378;1047
8;EUR/CHF;0.000416904060400972;1048
8;EUR/CHF;0.000142684990385502;1049
8;EUR/CHF;-0.000452944572988716;1050
8;EUR/CHF;-0.000555614861192273;1051
8;EUR/CHF;0.000628318038085746;1052
8;EUR/CHF;0.00109025627516392;1053
8;EUR/CHF;0.000358191805337758;1054
8;EUR/CHF;0.000881813571734181;1055
8;EUR/CHF;0.00122877009143622;1056
8;EUR/CHF;-7.67525985376892E-05;1057
8;EUR/CHF;-0.000260966380043696;1058
8;EUR/CHF;0.000428601108680008;1059
8;EUR/CHF;0.000272612999003018;1060
8;EUR/CHF;5.56742102416397E-05;1061
8;EUR/CHF;-0.000278475344711388;1062
8;EUR/CHF;4.22382430460475E-05;1063
8;EUR/CHF;-0.000382429504011689;1064
8;EUR/CHF;-0.000384068943161755;1065
8;EUR/CHF;-9.79201586282684E-05;1066
8;EUR/CHF;0.00149727381086854;1067
8;EUR/CHF;0.00108743782535158;1068
8;EUR/CHF;0.00153489459657798;1069
8;EUR/CHF;0.00144410490950296;1070
8;EUR/CHF;0.00140468292809831;1071
8;EUR/CHF;-0.00133206234040902;1072
8;EUR/CHF;-0.000556381776445845;1073
8;EUR/CHF;-0.000661568480858738;1074
8;EUR/CHF;-0.00110416638149002;1075
8;EUR/CHF;-0.00147383191604253;1076
8;EUR/CHF;-0.000438301565296173;1077
8;EUR/CHF;-0.000686613639459746;1078
8;EUR/CHF;-0.000836781153292477;1079
8;EUR/CHF;-9.98090213518061E-05;1080
8;EUR/CHF;4.80226669293825E-05;1081
8;EUR/CHF;0.000198123612626139;1082
8;EUR/CHF;-0.000825902517921142;1083
8;EUR/CHF;-0.000960075873437538;1084
8;EUR/CHF;-0.00107996508533572;1085
8;EUR/CHF;-0.000760109639340309;1086
8;EUR/CHF;-0.00104089597597644;1087
8;EUR/CHF;-0.000583456910543969;1088
8;EUR/CHF;0.000249136985116718;1089
8;EUR/CHF;-0.000272354605234596;1090
8;EUR/CHF;-0.000430404466290205;1091
8;EUR/CHF;3.86484633607607E-05;1092
8;EUR/CHF;0.000108319312499001;1093
8;EUR/CHF;-0.000785156540735053;1094
8;EUR/CHF;-0.000195319125371232;1095
8;EUR/CHF;-9.66094899690424E-06;1096
8;EUR/CHF;-0.000189448872639556;1097
8;EUR/CHF;-0.000520856318353661;1098
8;EUR/CHF;3.48752725514687E-05;1099
8;EUR/CHF;-8.90204858572748E-05;1100
8;EUR/CHF;-0.000355847891583635;1101
8;EUR/CHF;-6.18997422560702E-05;1102
8;EUR/CHF;0.00161237471091962;1103
8;EUR/CHF;0.00159964576307637;1104
8;EUR/CHF;0.00141959474221011;1105
8;EUR/CHF;0.00387993190542079;1106
8;EUR/CHF;0.00355318611170642;1107
8;EUR/CHF;0.00258723954956187;1108
8;EUR/CHF;0.00236148749012963;1109
8;EUR/CHF;0.00136568984875284;1110
8;EUR/CHF;-0.000694151289462969;1111
8;EUR/CHF;-0.000799848714126927;1112
8;EUR/CHF;-0.00174089067950052;1113
8;EUR/CHF;-0.00116579530601915;1114
8;EUR/CHF;7.25246209947618E-05;1115
8;EUR/CHF;-0.000708039653001003;1116
8;EUR/CHF;-0.000338039547060222;1117
8;EUR/CHF;0.000840875365538635;1118
8;EUR/CHF;0.000720852071411432;1119
8;EUR/CHF;0.000428884065481168;1120
8;EUR/CHF;0.000883231041740448;1121
8;EUR/CHF;0.00151195616764797;1122
8;EUR/CHF;0.00046288159564318;1123
8;EUR/CHF;0.000302440984168642;1124
8;EUR/CHF;-4.76083926322156E-05;1125
8;EUR/CHF;-0.000447804753732662;1126
8;EUR/CHF;-0.00187163064448103;1127
8;EUR/CHF;-0.00150494398146665;1128
8;EUR/CHF;-0.0011742761249355;1129
8;EUR/CHF;0.000631317256950944;1130
8;EUR/CHF;1.71684463138901E-05;1131
8;EUR/CHF;0.00106756552147876;1132
8;EUR/CHF;0.000895164172999133;1133
8;EUR/CHF;0.000275124231387106;1134
8;EUR/CHF;-0.00191721271072666;1135
8;EUR/CHF;-0.00111135307365176;1136
8;EUR/CHF;-0.000662021676581897;1137
8;EUR/CHF;-0.00038014653768178;1138
8;EUR/CHF;0.000230888516996427;1139
8;EUR/CHF;0.000845456934762427;1140
8;EUR/CHF;0.000478964134191557;1141
8;EUR/CHF;-0.000585623935225502;1142
8;EUR/CHF;-0.000469014184855716;1143
8;EUR/CHF;-0.00132406464827656;1144
8;EUR/CHF;-0.000412717969755524;1145
8;EUR/CHF;9.75679766821296E-05;1146
8;EUR/CHF;0.00011496345436832;1147
8;EUR/CHF;0.000249001631520114;1148
8;EUR/CHF;0.000255162028902866;1149
8;EUR/CHF;-0.000530522070609579;1150
8;EUR/CHF;0.000131928017976574;1151
8;EUR/CHF;0.000388470400807616;1152
8;EUR/CHF;0.000493256217366529;1153
8;EUR/CHF;0.0012290322566749;1154
8;EUR/CHF;0.00119885063149286;1155
8;EUR/CHF;-6.30851511388087E-05;1156
8;EUR/CHF;-0.000560940372977387;1157
8;EUR/CHF;-0.0029643851546615;1158
8;EUR/CHF;-0.00198972317331916;1159
8;EUR/CHF;-0.00224100035145957;1160
8;EUR/CHF;-0.00140640944103472;1161
8;EUR/CHF;-0.000558672987833038;1162
8;EUR/CHF;0.00200927258777907;1163
8;EUR/CHF;0.00036533904960518;1164
8;EUR/CHF;0.0012644890978895;1165
8;EUR/CHF;0.00181324557198157;1166
8;EUR/CHF;0.00129733084948915;1167
8;EUR/CHF;0.00125086476140207;1168
8;EUR/CHF;0.00105763581848163;1169
8;EUR/CHF;0.000390412065985661;1170
8;EUR/CHF;-0.000418308296608123;1171
8;EUR/CHF;-0.000495326685732499;1172
8;EUR/CHF;-0.00205831748315283;1173
8;EUR/CHF;-0.000413191668886862;1174
8;EUR/CHF;-0.00026784778772087;1175
8;EUR/CHF;-0.000802771497902667;1176
8;EUR/CHF;-0.000730883483708604;1177
8;EUR/CHF;1.92629977226061E-05;1178
8;EUR/CHF;-0.000467782656072157;1179
8;EUR/CHF;-0.00070193006729335;1180
8;EUR/CHF;0.00101681015995022;1181
8;EUR/CHF;0.00119564636265955;1182
8;EUR/CHF;0.00159430657242189;1183
8;EUR/CHF;0.000917279074770982;1184
8;EUR/CHF;0.00137278622821757;1185
8;EUR/CHF;-0.00016815394719177;1186
8;EUR/CHF;0.000467497243300632;1187
8;EUR/CHF;-8.02744632865412E-05;1188
8;EUR/CHF;0.000423704710431594;1189
8;EUR/CHF;-0.000422128466523859;1190
8;EUR/CHF;-0.000380779373075897;1191
8;EUR/CHF;-0.00139426698941469;1192
8;EUR/CHF;-0.000798763650139392;1193
8;EUR/CHF;-0.00171176873533193;1194
8;EUR/CHF;-0.000798939642828346;1195
8;EUR/CHF;-2.49002792025838E-05;1196
8;EUR/CHF;-1.91926607267983E-06;1197
8;EUR/CHF;0.000153487531875298;1198
8;EUR/CHF;0.000382300933357659;1199
8;EUR/CHF;1.91974505784241E-06;1200
8;EUR/CHF;-0.000514020767043888;1201
8;EUR/CHF;6.52447162363818E-05;1202
8;EUR/CHF;-0.000101672319982734;1203
8;EUR/CHF;0.000266601494277227;1204
8;EUR/CHF;0.00059423445033958;1205
8;EUR/CHF;0.000446966140843992;1206
8;EUR/CHF;0.000141929674051894;1207
8;EUR/CHF;0.00107167034712392;1208
8;EUR/CHF;0.000820586559456374;1209
8;EUR/CHF;0.000579115009111869;1210
8;EUR/CHF;0.000495672688871755;1211
8;EUR/CHF;0.00102885016960341;1212
8;EUR/CHF;0.000103036723421488;1213
8;EUR/CHF;0.000741175581617753;1214
8;EUR/CHF;0.00117219798550121;1215
8;EUR/CHF;0.00110366403961248;1216
8;EUR/CHF;0.00137245936018049;1217
8;EUR/CHF;0.00146348142767802;1218
8;EUR/CHF;0.00135330311646898;1219
8;EUR/CHF;0.00232773525544813;1220
8;EUR/CHF;0.00278248942911707;1221
8;EUR/CHF;0.00198680251417729;1222
8;EUR/CHF;0.00174966707248098;1223
8;EUR/CHF;0.000964829021990033;1224
8;EUR/CHF;-0.000300289084602386;1225
8;EUR/CHF;-0.000958360222221388;1226
8;EUR/CHF;-0.000725326110904032;1227
8;EUR/CHF;-0.00023666641253746;1228
8;EUR/CHF;-0.00104985138887608;1229
8;EUR/CHF;-0.00102625647095271;1230
8;EUR/CHF;-0.00102923143542731;1231
8;EUR/CHF;4.14105956135115E-05;1232
8;EUR/CHF;-0.000641910090735347;1233
8;EUR/CHF;0.000645265316380999;1234
8;EUR/CHF;0.000362144673852051;1235
8;EUR/CHF;0.000935026896795118;1236
8;EUR/CHF;-0.000239170277229979;1237
8;EUR/CHF;0.000996804771715889;1238
8;EUR/CHF;0.000534256685502701;1239
8;EUR/CHF;0.000596484572741709;1240
8;EUR/CHF;0.000940054561649929;1241
8;EUR/CHF;0.00115366146046076;1242
8;EUR/CHF;0.000842461228834402;1243
8;EUR/CHF;0.00123236364334768;1244
8;EUR/CHF;0.00133328833537519;1245
8;EUR/CHF;0.00124346531563468;1246
8;EUR/CHF;0.00166609326572508;1247
8;EUR/CHF;0.00140182922660039;1248
8;EUR/CHF;0.000959270187330754;1249
8;EUR/CHF;0.00207394274766644;1250
8;EUR/CHF;0.00196806522117449;1251
8;EUR/CHF;0.00124283249925455;1252
8;EUR/CHF;0.00213497250472641;1253
8;EUR/CHF;0.00269840382756391;1254
8;EUR/CHF;0.00210566942725281;1255
8;EUR/CHF;0.000326443362173919;1256
8;EUR/CHF;0.000913756736241198;1257
8;EUR/CHF;-0.000477787703684001;1258
8;EUR/CHF;-0.000572808528362682;1259
8;EUR/CHF;-0.00106292572400239;1260
8;EUR/CHF;0.000452817879092274;1261
8;EUR/CHF;-0.000272216490887301;1262
8;EUR/CHF;-0.000569320654729549;1263
8;EUR/CHF;-0.000749695796212262;1264
8;EUR/CHF;-0.00114251275843718;1265
8;EUR/CHF;-0.000766340927298127;1266
8;EUR/CHF;-0.000829968545702802;1267
8;EUR/CHF;-0.00134218130661147;1268
8;EUR/CHF;-0.00104726812273851;1269
8;EUR/CHF;-0.000725745286166054;1270
8;EUR/CHF;-0.00195302641133599;1271
8;EUR/CHF;-0.00156041332397968;1272
8;EUR/CHF;-0.000761168352328569;1273
8;EUR/CHF;-9.46350306432676E-05;1274
8;EUR/CHF;-0.000126163069946144;1275
8;EUR/CHF;0.000890778950191383;1276
8;EUR/CHF;0.000699145375412016;1277
8;EUR/CHF;0.000922706501286507;1278
8;EUR/CHF;0.00140563013277826;1279
8;EUR/CHF;0.000896256302891634;1280
8;EUR/CHF;0.000485558584263043;1281
8;EUR/CHF;0.00107923752829234;1282
8;EUR/CHF;0.000942485252993777;1283
8;EUR/CHF;-8.66411365381614E-05;1284
8;EUR/CHF;0.000160678923228654;1285
8;EUR/CHF;-0.000307507123053277;1286
8;EUR/CHF;-0.00072687335232008;1287
8;EUR/CHF;-0.000734720009014013;1288
8;EUR/CHF;-0.000446704816110996;1289
8;EUR/CHF;0.000379944229282374;1290
8;EUR/CHF;0.000993062636383644;1291
8;EUR/CHF;-0.000815088601532775;1292
8;EUR/CHF;-0.000198485405818449;1293
8;EUR/CHF;-0.000475488084684501;1294
8;EUR/CHF;-0.000313494140070954;1295
8;EUR/CHF;-0.000143938002152984;1296
8;EUR/CHF;0.00170436104005378;1297
8;EUR/CHF;0.00116582798328944;1298
8;EUR/CHF;0.000883468768625209;1299
8;EUR/CHF;0.000175248472024156;1300
8;EUR/CHF;0.00109354273798482;1301
8;EUR/CHF;0.000661151538797113;1302
8;EUR/CHF;0.000896569413703598;1303
8;EUR/CHF;-2.21314423471038E-05;1304
8;EUR/CHF;-0.000228775981330304;1305
8;EUR/CHF;-0.000581005584327387;1306
8;EUR/CHF;-0.000626105402313414;1307
8;EUR/CHF;-0.000892879172546235;1308
8;EUR/CHF;0.00012353589617492;1309
8;EUR/CHF;0.000941100206486874;1310
8;EUR/CHF;0.000514900200727536;1311
8;EUR/CHF;0.00117142758562345;1312
8;EUR/CHF;0.00177264598704299;1313
8;EUR/CHF;0.00200824234485715;1314
8;EUR/CHF;0.000737257031390842;1315
8;EUR/CHF;0.00028263108506147;1316
8;EUR/CHF;0.000600518581139323;1317
8;EUR/CHF;-0.000115249000477068;1318
8;EUR/CHF;4.92644545768545E-05;1319
8;EUR/CHF;0.00100248090575813;1320
8;EUR/CHF;0.00138716202712735;1321
8;EUR/CHF;0.00175457284014771;1322
8;EUR/CHF;0.00110766201164348;1323
8;EUR/CHF;0.000697521593945262;1324
8;EUR/CHF;-0.000507003481317917;1325
8;EUR/CHF;-0.000580011897301682;1326
8;EUR/CHF;-0.00122330099048493;1327
8;EUR/CHF;-9.4650432244013E-05;1328
8;EUR/CHF;-0.000398546076133685;1329
8;EUR/CHF;6.75530731659452E-05;1330
8;EUR/CHF;2.00914159594597E-05;1331
8;EUR/CHF;-0.000251767422072868;1332
8;EUR/CHF;-0.000576148592506175;1333
8;EUR/CHF;5.28211506241802E-05;1334
8;EUR/CHF;0.000229874597712415;1335
8;EUR/CHF;0.000109554026567317;1336
8;EUR/CHF;-0.000630808642993952;1337
8;EUR/CHF;-0.000160742345992398;1338
8;EUR/CHF;-0.000527014332821367;1339
8;EUR/CHF;-0.00177835928223332;1340
8;EUR/CHF;-0.0014914230237104;1341
8;EUR/CHF;-0.000984002792698744;1342
8;EUR/CHF;-0.00200733539070377;1343
8;EUR/CHF;-0.00195603272940908;1344
8;EUR/CHF;-0.000167477223223318;1345
8;EUR/CHF;0.000726946435436872;1346
8;EUR/CHF;0.00158560049614383;1347
8;EUR/CHF;0.00187755131211765;1348
8;EUR/CHF;0.00187567330253253;1349
8;EUR/CHF;0.00133224946465618;1350
8;EUR/CHF;0.000464886641585854;1351
8;EUR/CHF;-0.000566805700024677;1352
8;EUR/CHF;0.000551457511016263;1353
8;EUR/CHF;1.82663415384817E-05;1354
8;EUR/CHF;4.75472045397442E-05;1355
8;EUR/CHF;0.000106003840551569;1356
8;EUR/CHF;0.000161063024609527;1357
8;EUR/CHF;-0.000891855089618473;1358
8;EUR/CHF;-0.000387604107056623;1359
8;EUR/CHF;8.22665355908073E-05;1360
8;EUR/CHF;-0.000680864182865547;1361
8;EUR/CHF;-0.00091869875248335;1362
8;EUR/CHF;-0.000449259140850538;1363
8;EUR/CHF;-0.000282033249736685;1364
8;EUR/CHF;-0.00027252321349503;1365
8;EUR/CHF;0.000245524702399944;1366
8;EUR/CHF;0.000688045667562376;1367
8;EUR/CHF;3.30411638583589E-05;1368
8;EUR/CHF;0.000188676667089108;1369
8;EUR/CHF;-0.000239908094531032;1370
8;EUR/CHF;-3.66263472651611E-05;1371
8;EUR/CHF;-1.64854035582435E-05;1372
8;EUR/CHF;0.000133944344711368;1373
8;EUR/CHF;-0.000416057774941769;1374
8;EUR/CHF;-0.000657098348141669;1375
8;EUR/CHF;0.000161105780142648;1376
8;EUR/CHF;0.000362365355986883;1377
8;EUR/CHF;0.000606213691844786;1378
8;EUR/CHF;0.000265863614465339;1379
8;EUR/CHF;0.000473768515793055;1380
8;EUR/CHF;-0.000353504224642582;1381
8;EUR/CHF;-0.000217706511071075;1382
8;EUR/CHF;-0.000173800899151434;1383
8;EUR/CHF;0.000503255411320137;1384
8;EUR/CHF;0.000437879483283629;1385
8;EUR/CHF;0.000393760400441809;1386
8;EUR/CHF;0.000250616283519385;1387
8;EUR/CHF;-0.000157465905781476;1388
8;EUR/CHF;-0.000609558450790592;1389
8;EUR/CHF;-0.000241722853919279;1390
8;EUR/CHF;-0.000854435740968488;1391
8;EUR/CHF;-0.000815194874512872;1392
8;EUR/CHF;-0.000923483884842971;1393
8;EUR/CHF;-0.00137602985795793;1394
8;EUR/CHF;-0.00184263541132937;1395
8;EUR/CHF;-0.000776921646392906;1396
8;EUR/CHF;-0.00110073445211219;1397
8;EUR/CHF;-0.000792854295949554;1398
8;EUR/CHF;-7.01585960705322E-05;1399
8;EUR/CHF;0.000122016605437307;1400
8;EUR/CHF;-0.000158700875645839;1401
8;EUR/CHF;-0.000193899565986954;1402
8;EUR/CHF;0.000177282056260795;1403
8;EUR/CHF;0.000439009270030301;1404
8;EUR/CHF;0.00039696290351961;1405
8;EUR/CHF;0.000457307434101716;1406
8;EUR/CHF;0.00107239850826604;1407
8;EUR/CHF;0.000490399663122396;1408
8;EUR/CHF;-0.000673665419487568;1409
8;EUR/CHF;-0.00097998624400035;1410
8;EUR/CHF;-0.00078248371983408;1411
8;EUR/CHF;-0.00224533545485922;1412
8;EUR/CHF;-0.00143587043480209;1413
8;EUR/CHF;-0.0006852175784509;1414
