8;EUR/GBP;0.0301920451229839;5
8;EUR/GBP;-0.000569333589137237;6
8;EUR/GBP;-9.65740360892664E-06;7
8;EUR/GBP;-9.38927593427515E-05;8
8;EUR/GBP;0.000117930917562022;9
8;EUR/GBP;0.000134926759165194;10
8;EUR/GBP;0.000752333842694746;11
8;EUR/GBP;0.000330500832105075;12
8;EUR/GBP;-5.53933230503117E-05;13
8;EUR/GBP;-0.000426323842262736;14
8;EUR/GBP;-0.00112072173844095;15
8;EUR/GBP;-0.0013862948114781;16
8;EUR/GBP;-0.00102463944949649;17
8;EUR/GBP;-0.00124921122551172;18
8;EUR/GBP;-0.000903819807862378;19
8;EUR/GBP;0.000162216810437582;20
8;EUR/GBP;0.00100083611691511;21
8;EUR/GBP;0.000814822658175685;22
8;EUR/GBP;0.0011094555512868;23
8;EUR/GBP;0.00184197552966447;24
8;EUR/GBP;0.00183811316639647;25
8;EUR/GBP;0.00093105669670564;26
8;EUR/GBP;0.000614358388727039;27
8;EUR/GBP;0.000462266514526779;28
8;EUR/GBP;-0.000487772886860393;29
8;EUR/GBP;-0.000626865647123593;30
8;EUR/GBP;-0.000499874090142588;31
8;EUR/GBP;0.000266838187821854;32
8;EUR/GBP;9.37674704166387E-05;33
8;EUR/GBP;0.000377347265311579;34
8;EUR/GBP;0.000360507692305091;35
8;EUR/GBP;-0.00162599575240797;36
8;EUR/GBP;-0.00208161645370131;37
8;EUR/GBP;-0.00173821769131237;38
8;EUR/GBP;-0.0016855353164436;39
8;EUR/GBP;-0.00200300916425533;40
8;EUR/GBP;-7.27779967935618E-06;41
8;EUR/GBP;-0.000318252835164056;42
8;EUR/GBP;-0.000463657150071432;43
8;EUR/GBP;-0.000815297644610904;44
8;EUR/GBP;-0.00162920299642595;45
8;EUR/GBP;-0.001614925440477;46
8;EUR/GBP;-0.000781988486865254;47
8;EUR/GBP;-8.99428149027656E-05;48
8;EUR/GBP;8.75124597670802E-05;49
8;EUR/GBP;0.00100977055680234;50
8;EUR/GBP;0.00279048878821717;51
8;EUR/GBP;0.00253699088243498;52
8;EUR/GBP;0.00137630783013261;53
8;EUR/GBP;0.000509727571810147;54
8;EUR/GBP;0.000728545173967233;55
8;EUR/GBP;-0.00154465226448495;56
8;EUR/GBP;-0.00145617033579534;57
8;EUR/GBP;-0.0010022171377039;58
8;EUR/GBP;-0.000172191142792987;59
8;EUR/GBP;-0.000174608959799312;60
8;EUR/GBP;0.000466104477517403;61
8;EUR/GBP;0.000165016511011585;62
8;EUR/GBP;-0.000493266437611185;63
8;EUR/GBP;-0.000614790683912508;64
8;EUR/GBP;-0.000364259015927681;65
8;EUR/GBP;-0.00108439566393427;66
8;EUR/GBP;-0.000970208770668963;67
8;EUR/GBP;4.13547325274687E-05;68
8;EUR/GBP;0.00143319376294193;69
8;EUR/GBP;0.00151097624088608;70
8;EUR/GBP;0.00243046977645393;71
8;EUR/GBP;0.00206363643006483;72
8;EUR/GBP;0.00130919079745615;73
8;EUR/GBP;5.07371996994795E-05;74
8;EUR/GBP;0.000188071915193534;75
8;EUR/GBP;-0.000323004493439844;76
8;EUR/GBP;-7.23759205389575E-06;77
8;EUR/GBP;0.00130067659808807;78
8;EUR/GBP;0.00115140811093953;79
8;EUR/GBP;0.000245673646267449;80
8;EUR/GBP;0.000388024391305174;81
8;EUR/GBP;0.00022906333693332;82
8;EUR/GBP;-0.000377288322831693;83
8;EUR/GBP;-0.000110517150989267;84
8;EUR/GBP;0.000204497765334042;85
8;EUR/GBP;0.000519399616219618;86
8;EUR/GBP;-7.95396352865847E-05;87
8;EUR/GBP;-0.000573300965860958;88
8;EUR/GBP;-0.000760860014240389;89
8;EUR/GBP;-0.00301639263109936;90
8;EUR/GBP;-0.00356907871637936;91
8;EUR/GBP;-0.00226199309140565;92
8;EUR/GBP;-0.00187587715819367;93
8;EUR/GBP;-0.00193439640486627;94
8;EUR/GBP;0.000735877241933535;95
8;EUR/GBP;-4.6455619810693E-05;96
8;EUR/GBP;-0.000688754695372834;97
8;EUR/GBP;-0.0010620466254412;98
8;EUR/GBP;-0.000287633049369198;99
8;EUR/GBP;-0.000650454612180613;100
8;EUR/GBP;0.000615272413462893;101
8;EUR/GBP;0.00146260067278978;102
8;EUR/GBP;0.00189794272358801;103
8;EUR/GBP;0.000788782792799339;104
8;EUR/GBP;0.000784181025089072;105
8;EUR/GBP;0.000688711780861921;106
8;EUR/GBP;-0.00036708186382682;107
8;EUR/GBP;-0.000407791876213317;108
8;EUR/GBP;7.53071508177717E-05;109
8;EUR/GBP;-2.43072435885067E-05;110
8;EUR/GBP;0.000104438010521785;111
8;EUR/GBP;0.000973356048550756;112
8;EUR/GBP;0.000730038464514619;113
8;EUR/GBP;0.000475480252578383;114
8;EUR/GBP;0.000446781056778662;115
8;EUR/GBP;0.000252369026072976;116
8;EUR/GBP;-0.000667002807197346;117
8;EUR/GBP;-0.000445952681131699;118
8;EUR/GBP;-0.000290976154912713;119
8;EUR/GBP;-0.00080443885906989;120
8;EUR/GBP;-0.000943157186210014;121
8;EUR/GBP;-0.000447530863261089;122
8;EUR/GBP;-0.000890025178455187;123
8;EUR/GBP;-0.000748782281513424;124
8;EUR/GBP;-0.000372936617447123;125
8;EUR/GBP;0.000797598537847085;126
8;EUR/GBP;0.000415944690649849;127
8;EUR/GBP;0.000756530837906322;128
8;EUR/GBP;0.000639556989503344;129
8;EUR/GBP;0.00107062729052148;130
8;EUR/GBP;-2.91244463835973E-05;131
8;EUR/GBP;0.000267110271239663;132
8;EUR/GBP;0.000196569752578055;133
8;EUR/GBP;-2.18522183254E-05;134
8;EUR/GBP;-0.000726915484991665;135
8;EUR/GBP;-0.000600422204692194;136
8;EUR/GBP;-0.000622190318299635;137
8;EUR/GBP;0.000810928048880439;138
8;EUR/GBP;0.00106071495572632;139
8;EUR/GBP;0.00196556419259882;140
8;EUR/GBP;0.0018200119538015;141
8;EUR/GBP;0.00190178830945398;142
8;EUR/GBP;0.000932728470275217;143
8;EUR/GBP;0.00152547598392211;144
8;EUR/GBP;0.00112553056155631;145
8;EUR/GBP;0.00084018058620075;146
8;EUR/GBP;0.00106530969634793;147
8;EUR/GBP;0.000465937549370601;148
8;EUR/GBP;-0.000311847881445745;149
8;EUR/GBP;0.000797018820143131;150
8;EUR/GBP;0.000977762683609491;151
8;EUR/GBP;0.000887821453018024;152
8;EUR/GBP;0.00033557054852321;153
8;EUR/GBP;0.000244721719593002;154
8;EUR/GBP;-0.000669953251236376;155
8;EUR/GBP;0.000172051243644277;156
8;EUR/GBP;-0.000430256766192119;157
8;EUR/GBP;-0.000167714894524158;158
8;EUR/GBP;0.000615278287974551;159
8;EUR/GBP;0.000569603218667718;160
8;EUR/GBP;0.000193380897813966;161
8;EUR/GBP;0.000866737664517281;162
8;EUR/GBP;0.00116867852808493;163
8;EUR/GBP;0.000503739515588553;164
8;EUR/GBP;-0.000107573795227095;165
8;EUR/GBP;-0.000561559831507875;166
8;EUR/GBP;-0.000723215872947312;167
8;EUR/GBP;-0.00107042845571654;168
8;EUR/GBP;-0.000984788001906694;169
8;EUR/GBP;-0.000291935921660093;170
8;EUR/GBP;-6.46207426236746E-05;171
8;EUR/GBP;1.43465161938238E-05;172
8;EUR/GBP;0.000332732974811965;173
8;EUR/GBP;0.000289724991553712;174
8;EUR/GBP;0.000836381365633323;175
8;EUR/GBP;0.000776458774762654;176
8;EUR/GBP;-0.000450013953580127;177
8;EUR/GBP;-7.65513621134948E-05;178
8;EUR/GBP;-0.000181927002370844;179
8;EUR/GBP;-0.00154886435205473;180
8;EUR/GBP;-0.00173144667235663;181
8;EUR/GBP;-0.000898262630152969;182
8;EUR/GBP;-0.00210463695248603;183
8;EUR/GBP;-0.00185985183969277;184
8;EUR/GBP;-0.00133582991028132;185
8;EUR/GBP;-0.00118445601443978;186
8;EUR/GBP;-0.00113942540441378;187
8;EUR/GBP;2.41798497222809E-06;188
8;EUR/GBP;-0.000285437881057618;189
8;EUR/GBP;-4.35524264051855E-05;190
8;EUR/GBP;0.000304623812290984;191
8;EUR/GBP;0.000845534428424051;192
8;EUR/GBP;0.000543304711331787;193
8;EUR/GBP;0.000669410179125684;194
8;EUR/GBP;0.000181405908128549;195
8;EUR/GBP;2.89876078484094E-05;196
8;EUR/GBP;-0.00063986146657427;197
8;EUR/GBP;-0.000681176532285332;198
8;EUR/GBP;-0.000538735506003445;199
8;EUR/GBP;-0.000343601120155347;200
8;EUR/GBP;-0.000524842636862965;201
8;EUR/GBP;-0.000106439598041822;202
8;EUR/GBP;0.000314305811646514;203
8;EUR/GBP;0.000118501324514665;204
8;EUR/GBP;0.000377445340126818;205
8;EUR/GBP;0.000290405772016708;206
8;EUR/GBP;-0.000545180640823762;207
8;EUR/GBP;-0.00104880312528172;208
8;EUR/GBP;-0.000712063433058733;209
8;EUR/GBP;-0.000636746596012978;210
8;EUR/GBP;-0.000607914246008716;211
8;EUR/GBP;0.000460472308493038;212
8;EUR/GBP;0.00103672356932249;213
8;EUR/GBP;0.000820829365416136;214
8;EUR/GBP;0.000892810018758413;215
8;EUR/GBP;0.00141881422378379;216
8;EUR/GBP;0.000365199721762015;217
8;EUR/GBP;1.69111740683665E-05;218
8;EUR/GBP;-0.000462058785353295;219
8;EUR/GBP;-0.000611713697011419;220
8;EUR/GBP;-0.000943950281742737;221
8;EUR/GBP;-0.000537146913085338;222
8;EUR/GBP;-0.000515224183584319;223
8;EUR/GBP;3.87474875888386E-05;224
8;EUR/GBP;-0.000720494208034403;225
8;EUR/GBP;-0.000926545188914298;226
8;EUR/GBP;-0.000788974811032474;227
8;EUR/GBP;-0.00070605007180506;228
8;EUR/GBP;-0.000739919452892884;229
8;EUR/GBP;5.1029396854228E-05;230
8;EUR/GBP;3.64637460216476E-05;231
8;EUR/GBP;0.00018963800015541;232
8;EUR/GBP;-0.000162914971045438;233
8;EUR/GBP;-0.000411169849639436;234
8;EUR/GBP;-0.000437817896727748;235
8;EUR/GBP;-0.000406338532059639;236
8;EUR/GBP;-0.000723046343032666;237
8;EUR/GBP;-0.000355469081341415;238
8;EUR/GBP;0.000202041119158217;239
8;EUR/GBP;0.000612677049113549;240
8;EUR/GBP;0.000515689898942097;241
8;EUR/GBP;0.000924643348291396;242
8;EUR/GBP;0.000596147385525348;243
8;EUR/GBP;0.00018482266851951;244
8;EUR/GBP;-0.000160281715821546;245
8;EUR/GBP;2.42935142392067E-06;246
8;EUR/GBP;-8.25573360272608E-05;247
8;EUR/GBP;-2.42964654720118E-06;248
8;EUR/GBP;0.000160365447410082;249
8;EUR/GBP;0.000201545604603943;250
8;EUR/GBP;0.000167554024721965;251
8;EUR/GBP;-0.00073236537045051;252
8;EUR/GBP;-0.000525496604384012;253
8;EUR/GBP;-0.000544793789614374;254
8;EUR/GBP;-0.000617419484484128;255
8;EUR/GBP;-0.000532286898261595;256
8;EUR/GBP;0.000489351974816855;257
8;EUR/GBP;-0.000119402261223879;258
8;EUR/GBP;-6.82036860958409E-05;259
8;EUR/GBP;-0.000328933416412467;260
8;EUR/GBP;7.54326741916301E-05;261
8;EUR/GBP;-0.000162984324820165;262
8;EUR/GBP;0.000462591202747815;263
8;EUR/GBP;0.000491520309682048;264
8;EUR/GBP;0.000579534100031534;265
8;EUR/GBP;-2.67631763423803E-05;266
8;EUR/GBP;-0.000382439568694084;267
8;EUR/GBP;-0.000462591202747833;268
8;EUR/GBP;-0.000606057382003809;269
8;EUR/GBP;-0.000521017495527679;270
8;EUR/GBP;-0.000372623265220804;271
8;EUR/GBP;0.000202272536813603;272
8;EUR/GBP;-0.000568747370202862;273
8;EUR/GBP;-0.00074731748997619;274
8;EUR/GBP;-0.000825690366737333;275
8;EUR/GBP;-0.000891751567462091;276
8;EUR/GBP;-0.00120446233628148;277
8;EUR/GBP;-0.000523797584953236;278
8;EUR/GBP;-0.000443358683450855;279
8;EUR/GBP;-0.000441111780050349;280
8;EUR/GBP;-1.95898377873226E-05;281
8;EUR/GBP;-0.000478419237313048;282
8;EUR/GBP;-0.000404801325609325;283
8;EUR/GBP;-0.000535298048222807;284
8;EUR/GBP;0.000516982922392566;285
8;EUR/GBP;0.000327876948325894;286
8;EUR/GBP;0.000644983851961755;287
8;EUR/GBP;0.000539553234077483;288
8;EUR/GBP;0.000826898656125539;289
8;EUR/GBP;-0.000139527204283267;290
8;EUR/GBP;-0.000852618556785263;291
8;EUR/GBP;-0.000586039688849258;292
8;EUR/GBP;-0.000328463648688219;293
8;EUR/GBP;-0.000348009449749551;294
8;EUR/GBP;-0.000303869492620502;295
8;EUR/GBP;-0.000277639616824983;296
8;EUR/GBP;-0.00028505785847216;297
8;EUR/GBP;-0.000346205636787159;298
8;EUR/GBP;-0.000405139266998647;299
8;EUR/GBP;-0.00148924681486087;300
8;EUR/GBP;-0.000926612136077794;301
8;EUR/GBP;-0.000995971340979939;302
8;EUR/GBP;-0.00100023612971625;303
8;EUR/GBP;-0.00104980649623621;304
8;EUR/GBP;8.39879464939127E-05;305
8;EUR/GBP;8.64352274043576E-05;306
8;EUR/GBP;7.65994783302313E-05;307
8;EUR/GBP;-3.95208103052137E-05;308
8;EUR/GBP;0.000200035825554997;309
8;EUR/GBP;0.000155531561610726;310
8;EUR/GBP;-0.000308868921846932;311
8;EUR/GBP;0.00025923209218855;312
8;EUR/GBP;0.000338144359555965;313
8;EUR/GBP;0.000456123030345113;314
8;EUR/GBP;0.000788139535267214;315
8;EUR/GBP;0.00108756903445282;316
8;EUR/GBP;0.000780601708746172;317
8;EUR/GBP;0.000723728727118125;318
8;EUR/GBP;0.000314980071255992;319
8;EUR/GBP;-0.000312421266351856;320
8;EUR/GBP;9.09789473195748E-05;321
8;EUR/GBP;-0.000108166579164408;322
8;EUR/GBP;-0.000410776252975274;323
8;EUR/GBP;-0.000349461131387714;324
8;EUR/GBP;-7.87973563830617E-05;325
8;EUR/GBP;-0.00051938171108074;326
8;EUR/GBP;-2.45914741669197E-05;327
8;EUR/GBP;0.000339504356081356;328
8;EUR/GBP;0.000651670634777617;329
8;EUR/GBP;0.000285492831171138;330
8;EUR/GBP;0.000273397373870899;331
8;EUR/GBP;-0.000300259707159805;332
8;EUR/GBP;-0.00069685194694372;333
8;EUR/GBP;-0.000462098327682837;334
8;EUR/GBP;-0.000376640991617592;335
8;EUR/GBP;-0.000113254468576056;336
8;EUR/GBP;-1.23153467732438E-05;337
8;EUR/GBP;0.000189843393466438;338
8;EUR/GBP;-0.000932356624689489;339
8;EUR/GBP;-0.000686174758894578;340
8;EUR/GBP;-0.000784692127003502;341
8;EUR/GBP;-0.000903549071778926;342
8;EUR/GBP;-0.000792618093490995;343
8;EUR/GBP;-0.000277090593555545;344
8;EUR/GBP;-0.000782838040553608;345
8;EUR/GBP;-0.000691000966004896;346
8;EUR/GBP;-0.00103942730687649;347
8;EUR/GBP;-0.00100204835398504;348
8;EUR/GBP;-0.00215306087341132;349
8;EUR/GBP;-0.00161746437623761;350
8;EUR/GBP;-0.00211502301526337;351
8;EUR/GBP;-0.00170851544799706;352
8;EUR/GBP;-0.00190879763961002;353
8;EUR/GBP;-2.50254947230504E-06;354
8;EUR/GBP;8.00590446136258E-05;355
8;EUR/GBP;0.000210507869622657;356
8;EUR/GBP;0.000253201084226914;357
8;EUR/GBP;0.000526487630732482;358
8;EUR/GBP;-0.000202810571039511;359
8;EUR/GBP;0.000197508657054598;360
8;EUR/GBP;0.000240309427261898;361
8;EUR/GBP;0.000592889517650894;362
8;EUR/GBP;3.7553278824511E-05;363
8;EUR/GBP;9.01634227279745E-05;364
8;EUR/GBP;-0.000595618393839704;365
8;EUR/GBP;-0.000240309427261916;366
8;EUR/GBP;-0.000550303013654114;367
8;EUR/GBP;-0.000235450325889231;368
8;EUR/GBP;9.01227938294567E-05;369
8;EUR/GBP;0.000207917152474927;370
8;EUR/GBP;0.000137712599257724;371
8;EUR/GBP;0.000555298829658478;372
8;EUR/GBP;0.000802897508409375;373
8;EUR/GBP;0.000886542878716047;374
8;EUR/GBP;0.000998990601145119;375
8;EUR/GBP;0.000861677355186581;376
8;EUR/GBP;0.000229672741619;377
8;EUR/GBP;-0.000364781232445659;378
8;EUR/GBP;-0.000763940962036697;379
8;EUR/GBP;-0.000703769131478421;380
8;EUR/GBP;-0.000369192496480911;381
8;EUR/GBP;-0.000182218712486884;382
8;EUR/GBP;0.000516992988792876;383
8;EUR/GBP;0.000185011576416097;384
8;EUR/GBP;6.49902520341963E-05;385
8;EUR/GBP;-0.000132376729008347;386
8;EUR/GBP;-0.000760618918894818;387
8;EUR/GBP;-0.00100774777012687;388
8;EUR/GBP;-0.000796265121004999;389
8;EUR/GBP;-0.00116804021587273;390
8;EUR/GBP;-0.00123556967720588;391
8;EUR/GBP;-0.000376373875314688;392
8;EUR/GBP;-0.00108593457091358;393
8;EUR/GBP;-0.000938042020114115;394
8;EUR/GBP;-0.000833822616309105;395
8;EUR/GBP;-0.000806097193009662;396
8;EUR/GBP;-0.00105510578549794;397
8;EUR/GBP;-0.000297649131721322;398
8;EUR/GBP;0.000201559584210451;399
8;EUR/GBP;0.000453869430013466;400
8;EUR/GBP;0.00016400164920615;401
8;EUR/GBP;0.000698151365815109;402
8;EUR/GBP;0.000562134462994458;403
8;EUR/GBP;0.000314530753585139;404
8;EUR/GBP;0.000397549415686407;405
8;EUR/GBP;0.000544026126294515;406
8;EUR/GBP;0.000233851983267132;407
8;EUR/GBP;-4.78333388062455E-05;408
8;EUR/GBP;-0.000324603909884878;409
8;EUR/GBP;-0.000384956622537783;410
8;EUR/GBP;-8.30193912511308E-05;411
8;EUR/GBP;-0.000362209576815408;412
8;EUR/GBP;0.000475307507352546;413
8;EUR/GBP;0.000826826507616761;414
8;EUR/GBP;0.000751611253788335;415
8;EUR/GBP;0.000690777559499531;416
8;EUR/GBP;-0.000741554328415896;417
8;EUR/GBP;-0.00117396953735679;418
8;EUR/GBP;-0.00174055418102847;419
8;EUR/GBP;-0.00185269364850228;420
8;EUR/GBP;-0.00208966718548218;421
8;EUR/GBP;-0.00013397456248307;422
8;EUR/GBP;-0.000144071283598842;423
8;EUR/GBP;8.34687604990523E-05;424
8;EUR/GBP;0.000323882612753724;425
8;EUR/GBP;0.000622375647719442;426
8;EUR/GBP;0.000199665135213235;427
8;EUR/GBP;0.000247637369283772;428
8;EUR/GBP;0.000381489059434021;429
8;EUR/GBP;0.000285492364818332;430
8;EUR/GBP;-0.000106122245206619;431
8;EUR/GBP;-0.000543860095204495;432
8;EUR/GBP;-0.00070328186004928;433
8;EUR/GBP;-0.00111619720613915;434
8;EUR/GBP;-0.000500512148374841;435
8;EUR/GBP;-0.000346552584986066;436
8;EUR/GBP;0.000245552555669782;437
8;EUR/GBP;0.000983399252296151;438
8;EUR/GBP;0.00114143571003418;439
8;EUR/GBP;0.000735169556593381;440
8;EUR/GBP;0.000349079959612581;441
8;EUR/GBP;5.05919257984454E-05;442
8;EUR/GBP;-0.000510056205847646;443
8;EUR/GBP;-0.00037891238251717;444
8;EUR/GBP;-0.000487284765979128;445
8;EUR/GBP;-7.83634684596378E-05;446
8;EUR/GBP;0.000219926081503041;447
8;EUR/GBP;5.05586736095863E-05;448
8;EUR/GBP;4.04515404566683E-05;449
8;EUR/GBP;7.32947912034828E-05;450
8;EUR/GBP;0.000275400353025807;451
8;EUR/GBP;0.000270152601528729;452
8;EUR/GBP;0.000373737482494697;453
8;EUR/GBP;0.000376312627200472;454
8;EUR/GBP;0.000421554986596768;455
8;EUR/GBP;0.0015342706377792;456
8;EUR/GBP;0.00134281009867502;457
8;EUR/GBP;0.00133017834129797;458
8;EUR/GBP;0.000976618517895994;459
8;EUR/GBP;0.000654549700591884;460
8;EUR/GBP;-0.000627376701759792;461
8;EUR/GBP;-0.00148415286074143;462
8;EUR/GBP;-0.00145383843142095;463
8;EUR/GBP;-0.000895891977950288;464
8;EUR/GBP;-0.000609165637767067;465
8;EUR/GBP;-0.000470567729051208;466
8;EUR/GBP;0.000506856063238829;467
8;EUR/GBP;0.000191766664957472;468
8;EUR/GBP;0.000196634540324163;469
8;EUR/GBP;0.000774980211310848;470
8;EUR/GBP;0.00138087417747612;471
8;EUR/GBP;0.00121524446456599;472
8;EUR/GBP;0.00120191460542795;473
8;EUR/GBP;0.000910063791371414;474
8;EUR/GBP;0.000250972551442672;475
8;EUR/GBP;-0.000593862607686823;476
8;EUR/GBP;-0.00105915966735838;477
8;EUR/GBP;-0.000637774858740777;478
8;EUR/GBP;-0.000950383323801424;479
8;EUR/GBP;0.000801002322243689;480
8;EUR/GBP;0.000981302191433892;481
8;EUR/GBP;0.00174885860786839;482
8;EUR/GBP;0.00149830325913108;483
8;EUR/GBP;0.00179888688981474;484
8;EUR/GBP;0.000329481141835092;485
8;EUR/GBP;0.000404136296472715;486
8;EUR/GBP;-0.000217148512212283;487
8;EUR/GBP;-0.000324764617065993;488
8;EUR/GBP;-0.000462601400254241;489
8;EUR/GBP;-0.000757117613831755;490
8;EUR/GBP;-0.000794077928772115;491
8;EUR/GBP;0.000137305203642851;492
8;EUR/GBP;0.000382168107841844;493
8;EUR/GBP;0.000195173231718243;494
8;EUR/GBP;-6.76052112527292E-05;495
8;EUR/GBP;-0.000152684182701956;496
8;EUR/GBP;-0.000334690489476276;497
8;EUR/GBP;-0.000164767275555466;498
8;EUR/GBP;0.000304889536609799;499
8;EUR/GBP;0.00055019291437777;500
8;EUR/GBP;-2.25370452920044E-05;501
8;EUR/GBP;-0.000663541538476672;502
8;EUR/GBP;-0.00120743362008448;503
8;EUR/GBP;-0.00117211315242995;504
8;EUR/GBP;-0.0012626873959597;505
8;EUR/GBP;-0.000740123654847467;506
8;EUR/GBP;-0.000369029269299457;507
8;EUR/GBP;-2.51278379082497E-05;508
8;EUR/GBP;-0.000160824232814698;509
8;EUR/GBP;4.27208133656621E-05;510
8;EUR/GBP;3.76995722214755E-05;511
8;EUR/GBP;-5.78009264736793E-05;512
8;EUR/GBP;-0.000264033080196451;513
8;EUR/GBP;-0.000213794815084248;514
8;EUR/GBP;-0.000656897695539558;515
8;EUR/GBP;-0.000752822395892671;516
8;EUR/GBP;-0.00114690053342256;517
8;EUR/GBP;-0.00131528764618512;518
8;EUR/GBP;-0.00114580229096438;519
8;EUR/GBP;-0.000767852222503533;520
8;EUR/GBP;-0.000181705775347448;521
8;EUR/GBP;0.00104130789228515;522
8;EUR/GBP;0.00194838242296834;523
8;EUR/GBP;0.00179402777739801;524
8;EUR/GBP;0.00206446948882747;525
8;EUR/GBP;0.00166449718658102;526
8;EUR/GBP;0.000825654134856622;527
8;EUR/GBP;-0.00169272663748426;528
8;EUR/GBP;-0.000937841543993318;529
8;EUR/GBP;-0.00147568750029593;530
8;EUR/GBP;-0.00113498276950385;531
8;EUR/GBP;5.00820095519119E-05;532
8;EUR/GBP;0.00245380257436951;533
8;EUR/GBP;0.00216321298746687;534
8;EUR/GBP;0.0021083738793879;535
8;EUR/GBP;0.00135770690866335;536
8;EUR/GBP;0.000896845685525532;537
8;EUR/GBP;0.000561437147789936;538
8;EUR/GBP;-0.000142157938460113;539
8;EUR/GBP;-0.000247334626511615;540
8;EUR/GBP;-0.00057357943871219;541
8;EUR/GBP;-0.00151875076941759;542
8;EUR/GBP;-0.00133505502178153;543
8;EUR/GBP;-0.00160061973119486;544
8;EUR/GBP;-0.00120103915774312;545
8;EUR/GBP;6.01903524424177E-05;546
8;EUR/GBP;0.000180752394092176;547
8;EUR/GBP;-0.000286169767548939;548
8;EUR/GBP;0.000514897775839233;549
8;EUR/GBP;0.000534964497706231;550
8;EUR/GBP;0.000520892322041019;551
8;EUR/GBP;0.000112887347698551;552
8;EUR/GBP;0.000120542444633497;553
8;EUR/GBP;-0.000678435225590231;554
8;EUR/GBP;-0.000978083125037339;555
8;EUR/GBP;-0.00247374985264088;556
8;EUR/GBP;-0.00170003731052189;557
8;EUR/GBP;-0.0019932294814502;558
8;EUR/GBP;-0.00204668128096525;559
8;EUR/GBP;-0.00274340191654;560
8;EUR/GBP;-0.000771261357658035;561
8;EUR/GBP;-0.000892304102525234;562
8;EUR/GBP;-0.000505239908421112;563
8;EUR/GBP;-0.000361415216701565;564
8;EUR/GBP;0.000591957974502064;565
8;EUR/GBP;0.000215948447414746;566
8;EUR/GBP;-0.000440010605472242;567
8;EUR/GBP;-0.000779400390358927;568
8;EUR/GBP;-8.66330340203799E-05;569
8;EUR/GBP;-0.000678857823794524;570
8;EUR/GBP;-0.00129153502834625;571
8;EUR/GBP;-0.00143611589752615;572
8;EUR/GBP;-0.000562236023673777;573
8;EUR/GBP;-0.000958009176475366;574
8;EUR/GBP;-0.000120188469360079;575
8;EUR/GBP;-0.000547658081709732;576
8;EUR/GBP;0.000166627155763866;577
8;EUR/GBP;-0.00017922524690684;578
8;EUR/GBP;-2.30487032158139E-05;579
8;EUR/GBP;-0.000150977200657078;580
8;EUR/GBP;-0.000158947876029215;581
8;EUR/GBP;-0.000515712179833003;582
8;EUR/GBP;-0.000518095136990355;583
8;EUR/GBP;-0.000908695764494682;584
8;EUR/GBP;-0.000807998995622224;585
8;EUR/GBP;-4.8735131216776E-05;586
8;EUR/GBP;0.000218249532201409;587
8;EUR/GBP;0.00159614091998129;588
8;EUR/GBP;0.0017087223911882;589
8;EUR/GBP;0.0018064242754413;590
8;EUR/GBP;0.00115107495309257;591
8;EUR/GBP;0.00114893579104093;592
8;EUR/GBP;4.58540315344498E-05;593
8;EUR/GBP;0.000394997675585893;594
8;EUR/GBP;0.000348656045033993;595
8;EUR/GBP;0.000346580787791964;596
8;EUR/GBP;0.000435838300668356;597
8;EUR/GBP;0.000524026653737718;598
8;EUR/GBP;0.000526299366158875;599
8;EUR/GBP;0.000723364811978769;600
8;EUR/GBP;0.000704051561057474;601
8;EUR/GBP;0.000810525218603012;602
8;EUR/GBP;-0.000149945048353736;603
8;EUR/GBP;-0.0001625727221378;604
8;EUR/GBP;-0.000235757906492786;605
8;EUR/GBP;-0.00022340130778561;606
8;EUR/GBP;-0.000848718668542482;607
8;EUR/GBP;0.000289623159487988;608
8;EUR/GBP;0.000629234528117454;609
8;EUR/GBP;0.000868141505728613;610
8;EUR/GBP;0.000990709393394118;611
8;EUR/GBP;0.0023492751511907;612
8;EUR/GBP;0.00194531944820719;613
8;EUR/GBP;0.00151671694267583;614
8;EUR/GBP;0.00218523762376063;615
8;EUR/GBP;0.00265639497228501;616
8;EUR/GBP;0.00132444170360452;617
8;EUR/GBP;0.000484641746819635;618
8;EUR/GBP;-1.50852315655124E-05;619
8;EUR/GBP;-0.00124290929125984;620
8;EUR/GBP;-0.00225240033934213;621
8;EUR/GBP;-0.00194704364695172;622
8;EUR/GBP;-0.00116461469923231;623
8;EUR/GBP;-0.000836494498481841;624
8;EUR/GBP;-0.000942328332500792;625
8;EUR/GBP;0.000184051799615124;626
8;EUR/GBP;-0.00090077704992876;627
8;EUR/GBP;-0.00095839759579846;628
8;EUR/GBP;-0.000353790067364514;629
8;EUR/GBP;-0.00106608845688203;630
8;EUR/GBP;-0.00144671580287369;631
8;EUR/GBP;-0.000114151634515925;632
8;EUR/GBP;5.82924128948636E-05;633
8;EUR/GBP;-0.000374688396783074;634
8;EUR/GBP;0.000195410409094381;635
8;EUR/GBP;-0.000144740774332115;636
8;EUR/GBP;-0.000106600340091369;637
8;EUR/GBP;-0.000261181057118558;638
8;EUR/GBP;-0.000350005161864135;639
8;EUR/GBP;-0.000185254516135252;640
8;EUR/GBP;0.00032742162837989;641
8;EUR/GBP;0.000284141408119534;642
8;EUR/GBP;0.000215562353252256;643
8;EUR/GBP;0.00038041146616309;644
8;EUR/GBP;0.000618536286964507;645
8;EUR/GBP;0.000172378838495096;646
8;EUR/GBP;-0.000289219032299479;647
8;EUR/GBP;-0.00034501137452997;648
8;EUR/GBP;-0.000329648111955733;649
8;EUR/GBP;-0.00110405671198763;650
8;EUR/GBP;-0.00157466105555838;651
8;EUR/GBP;-0.00128624358463183;652
8;EUR/GBP;-0.00143972591780559;653
8;EUR/GBP;-0.00173834346984116;654
8;EUR/GBP;-0.000997610105422705;655
8;EUR/GBP;-0.000255555164400942;656
8;EUR/GBP;0.000653070134738852;657
8;EUR/GBP;0.000561833990107423;658
8;EUR/GBP;0.000845570006690737;659
8;EUR/GBP;-6.13967771513771E-05;660
8;EUR/GBP;-0.00013301784720043;661
8;EUR/GBP;-0.000727185384799561;662
8;EUR/GBP;-0.000589967162360818;663
8;EUR/GBP;-0.000784139441942466;664
8;EUR/GBP;9.20880992402817E-05;665
8;EUR/GBP;0.000495808882015006;666
8;EUR/GBP;0.000536077005445254;667
8;EUR/GBP;0.00065116277205325;668
8;EUR/GBP;0.000661740417314323;669
8;EUR/GBP;0.000477665542039078;670
8;EUR/GBP;-0.000125114106865231;671
8;EUR/GBP;-0.000413418375888314;672
8;EUR/GBP;-0.000298505614122859;673
8;EUR/GBP;5.35587906565367E-05;674
8;EUR/GBP;0.00107122893705645;675
8;EUR/GBP;0.00130854198283489;676
8;EUR/GBP;0.00174229315366517;677
8;EUR/GBP;0.00239080039460197;678
8;EUR/GBP;0.00255913492414142;679
8;EUR/GBP;0.00150676986227274;680
8;EUR/GBP;0.00234103729856301;681
8;EUR/GBP;0.00239897654851375;682
8;EUR/GBP;0.00157813554409262;683
8;EUR/GBP;0.000392369053246185;684
8;EUR/GBP;0.000508118851080405;685
8;EUR/GBP;-3.51145613462254E-05;686
8;EUR/GBP;0.000409948899937136;687
8;EUR/GBP;0.000717092922055589;688
8;EUR/GBP;0.00165404975266032;689
8;EUR/GBP;0.00108985268591416;690
8;EUR/GBP;0.000696123200302657;691
8;EUR/GBP;-4.99431896242531E-06;692
8;EUR/GBP;-0.000819744977663082;693
8;EUR/GBP;-0.000824063794603995;694
8;EUR/GBP;-0.000267528464785534;695
8;EUR/GBP;-0.00211841630759894;696
8;EUR/GBP;-0.00255590518152395;697
8;EUR/GBP;-0.00171782820296312;698
8;EUR/GBP;-0.00176943371446533;699
8;EUR/GBP;-0.00184743146305083;700
8;EUR/GBP;0.000262563311672429;701
8;EUR/GBP;0.000787591420300768;702
8;EUR/GBP;0.000512112490401116;703
8;EUR/GBP;0.000343044604218817;704
8;EUR/GBP;0.000295225352143909;705
8;EUR/GBP;-0.00019183927360325;706
8;EUR/GBP;-0.000620726697451634;707
8;EUR/GBP;-5.039052658397E-06;708
8;EUR/GBP;-0.000335471093832737;709
8;EUR/GBP;-3.78250592144239E-05;710
8;EUR/GBP;0.000979980421322073;711
8;EUR/GBP;0.00130984485614852;712
8;EUR/GBP;0.00054097269620238;713
8;EUR/GBP;0.000320349173341642;714
8;EUR/GBP;-0.000136229476242627;715
8;EUR/GBP;-0.000813372646755628;716
8;EUR/GBP;-0.00108505052558831;717
8;EUR/GBP;-0.00107078101369575;718
8;EUR/GBP;-0.000580537278015086;719
8;EUR/GBP;-0.00211840856142365;720
8;EUR/GBP;-0.00201106120401529;721
8;EUR/GBP;-0.00207566029043738;722
8;EUR/GBP;9.84991527514734E-05;723
8;EUR/GBP;-0.00032634482148341;724
8;EUR/GBP;0.00175720385851738;725
8;EUR/GBP;0.00100171823213924;726
8;EUR/GBP;0.00142837780383032;727
8;EUR/GBP;-0.000748799255666889;728
8;EUR/GBP;-0.000814386055323318;729
8;EUR/GBP;-0.00108500278778404;730
8;EUR/GBP;-0.000375691840177459;731
8;EUR/GBP;0.000526076483200452;732
8;EUR/GBP;0.00016720502588934;733
8;EUR/GBP;0.000766274740702869;734
8;EUR/GBP;0.00110522727966094;735
8;EUR/GBP;0.00131184545902565;736
8;EUR/GBP;0.000582631204455972;737
8;EUR/GBP;-0.00028128865227853;738
8;EUR/GBP;-0.000337103650444942;739
8;EUR/GBP;-0.000496089752949645;740
8;EUR/GBP;0.000365679224747584;741
8;EUR/GBP;-0.000373092108144466;742
8;EUR/GBP;0.000751752123760275;743
8;EUR/GBP;0.00177543231137996;744
8;EUR/GBP;0.00152735129615867;745
8;EUR/GBP;0.000400219121300524;746
8;EUR/GBP;0.000649940112484536;747
8;EUR/GBP;0.000769071695878158;748
8;EUR/GBP;-0.000538792072772201;749
8;EUR/GBP;-0.000755906411644692;750
8;EUR/GBP;-0.000808814905062116;751
8;EUR/GBP;-0.00103384162831529;752
8;EUR/GBP;-0.00235433836099845;753
8;EUR/GBP;-0.00228707217214724;754
8;EUR/GBP;-0.00191510388752053;755
8;EUR/GBP;-0.00204029023803568;756
8;EUR/GBP;-0.00226275517612732;757
8;EUR/GBP;-0.000522716125000155;758
8;EUR/GBP;-1.53012432334309E-05;759
8;EUR/GBP;-2.80381574291658E-05;760
8;EUR/GBP;0.00010709914576612;761
8;EUR/GBP;0.000569368143768283;762
8;EUR/GBP;0.000278102062324899;763
8;EUR/GBP;-1.53024139633121E-05;764
8;EUR/GBP;-0.000198928861082796;765
8;EUR/GBP;-0.000150465110031572;766
8;EUR/GBP;0.000351534231345597;767
8;EUR/GBP;1.2747703824169E-05;768
8;EUR/GBP;6.12026321907765E-05;769
8;EUR/GBP;-0.000444478687041076;770
8;EUR/GBP;-0.000406055212295985;771
8;EUR/GBP;-0.000841655475251065;772
8;EUR/GBP;-4.33455084913621E-05;773
8;EUR/GBP;-0.000278112705957461;774
8;EUR/GBP;0.000311749437067213;775
8;EUR/GBP;-0.000148326222178375;776
8;EUR/GBP;-0.00033509629065293;777
8;EUR/GBP;-0.000845840104156033;778
8;EUR/GBP;-0.00186747031252824;779
8;EUR/GBP;-0.00191391475450796;780
8;EUR/GBP;-0.00153574292689314;781
8;EUR/GBP;0.000153548906468656;782
8;EUR/GBP;0.000153590177777381;783
8;EUR/GBP;0.00150713518014113;784
8;EUR/GBP;0.00189093343956844;785
8;EUR/GBP;0.00168918188489676;786
8;EUR/GBP;0.000564557191384039;787
8;EUR/GBP;0.00103365998151358;788
8;EUR/GBP;0.000640997541622919;789
8;EUR/GBP;0.000487148827543459;790
8;EUR/GBP;0.000278446619636459;791
8;EUR/GBP;-0.000168433957051629;792
8;EUR/GBP;-0.000377113411345176;793
8;EUR/GBP;-0.00065122929074265;794
8;EUR/GBP;-0.000883353066136921;795
8;EUR/GBP;-0.000575201557105615;796
8;EUR/GBP;-0.000575275090295774;797
8;EUR/GBP;-0.000707730191688926;798
8;EUR/GBP;4.60387494839244E-05;799
8;EUR/GBP;-0.000253470855978755;800
8;EUR/GBP;-0.000343352122661634;801
8;EUR/GBP;0.000332582966530018;802
8;EUR/GBP;-0.00131478055541521;803
8;EUR/GBP;-0.00145018377583313;804
8;EUR/GBP;-0.0012232139687072;805
8;EUR/GBP;-0.00131736849173617;806
8;EUR/GBP;-0.00229064596238047;807
8;EUR/GBP;-0.000611538416973963;808
8;EUR/GBP;-0.00328551082854512;809
8;EUR/GBP;-0.00245605519185137;810
8;EUR/GBP;-0.00253029820626669;811
8;EUR/GBP;-0.00341621187976932;812
8;EUR/GBP;-0.00269015685286649;813
8;EUR/GBP;6.02208538892198E-05;814
8;EUR/GBP;0.000237323746527341;815
8;EUR/GBP;0.000879099361756168;816
8;EUR/GBP;0.00183010721997211;817
8;EUR/GBP;-0.000490405223189924;818
8;EUR/GBP;-0.000437668477123257;819
8;EUR/GBP;-0.00140193601004972;820
8;EUR/GBP;-0.000482113191219255;821
8;EUR/GBP;-0.000122530652788818;822
8;EUR/GBP;0.000882911105919679;823
8;EUR/GBP;-0.00144030429005219;824
8;EUR/GBP;-0.00154933321176219;825
8;EUR/GBP;-0.00241759022101212;826
8;EUR/GBP;-0.00487561841778924;827
8;EUR/GBP;-0.00583541599538038;828
8;EUR/GBP;-0.00257453787131306;829
8;EUR/GBP;-0.00220494151022298;830
8;EUR/GBP;-0.00310054845988668;831
8;EUR/GBP;-0.000647717497770486;832
8;EUR/GBP;0.00181125224789576;833
8;EUR/GBP;0.000326307978663974;834
8;EUR/GBP;0.000120315229520305;835
8;EUR/GBP;0.000367117627582406;836
8;EUR/GBP;-0.000225318890262985;837
8;EUR/GBP;-0.00103490694153447;838
8;EUR/GBP;0.000946485446264842;839
8;EUR/GBP;0.000904055782626513;840
8;EUR/GBP;0.00142455684908446;841
8;EUR/GBP;0.00164114998869232;842
8;EUR/GBP;0.000960209399015639;843
8;EUR/GBP;5.58492075036292E-05;844
8;EUR/GBP;0.000725085951860299;845
8;EUR/GBP;0.000573355315295583;846
8;EUR/GBP;0.00108578332050359;847
8;EUR/GBP;0.00209690042920174;848
8;EUR/GBP;0.00119303622677214;849
8;EUR/GBP;0.000503091629316635;850
8;EUR/GBP;-0.000991133658921401;851
8;EUR/GBP;-0.00263838489793137;852
8;EUR/GBP;-0.00244140348872435;853
8;EUR/GBP;-0.00240125738040341;854
8;EUR/GBP;-0.0020093192261454;855
8;EUR/GBP;-0.000926477643822374;856
8;EUR/GBP;-0.000720256630509574;857
8;EUR/GBP;-0.0015832420901214;858
8;EUR/GBP;-0.00119672466212801;859
8;EUR/GBP;-0.00134278158960882;860
8;EUR/GBP;-0.000820585482273557;861
8;EUR/GBP;0.000126501366798572;862
8;EUR/GBP;-8.35348736553291E-05;863
8;EUR/GBP;-0.00038252776231711;864
8;EUR/GBP;-0.000460386146715305;865
8;EUR/GBP;-0.00101833488231741;866
8;EUR/GBP;-0.000360874815135331;867
8;EUR/GBP;0.000344693025848055;868
8;EUR/GBP;-0.00042108688322159;869
8;EUR/GBP;-0.000291317182571639;870
8;EUR/GBP;0.000445149072584036;871
8;EUR/GBP;-0.00033182491037392;872
8;EUR/GBP;-0.000911495024642127;873
8;EUR/GBP;1.89139348555973E-05;874
8;EUR/GBP;0.000156500864692915;875
8;EUR/GBP;-0.00110796121755361;876
8;EUR/GBP;-0.000467646774984328;877
8;EUR/GBP;0.000908804411518622;878
8;EUR/GBP;0.000687791050124354;879
8;EUR/GBP;0.00012942540964513;880
8;EUR/GBP;-0.000697645139473002;881
8;EUR/GBP;-0.000135361963042495;882
8;EUR/GBP;-0.00124695077415161;883
8;EUR/GBP;-0.00136711103067382;884
8;EUR/GBP;-0.00133059772487895;885
8;EUR/GBP;8.97171884627903E-05;886
8;EUR/GBP;0.000270632373739742;887
8;EUR/GBP;0.000227297351015271;888
8;EUR/GBP;0.000108412838734375;889
8;EUR/GBP;-0.000589694370616367;890
8;EUR/GBP;-0.00063977403851359;891
8;EUR/GBP;-0.00176569207029377;892
8;EUR/GBP;-0.00164833486773053;893
8;EUR/GBP;-0.00123122471313834;894
8;EUR/GBP;-0.00035410774123015;895
8;EUR/GBP;-4.36335871266454E-05;896
8;EUR/GBP;-0.000316753885687793;897
8;EUR/GBP;-0.000759480750927873;898
8;EUR/GBP;-0.00162327666135938;899
8;EUR/GBP;-0.0018790540324236;900
8;EUR/GBP;-0.00192110219953445;901
8;EUR/GBP;-0.00163266212783218;902
8;EUR/GBP;-0.0017235917025142;903
8;EUR/GBP;-0.000429231949917491;904
8;EUR/GBP;0.000538676446625771;905
8;EUR/GBP;0.000390646616631615;906
8;EUR/GBP;0.000684870949587011;907
8;EUR/GBP;0.000867775932834604;908
8;EUR/GBP;0.000431980467435956;909
8;EUR/GBP;-0.000362622518745491;910
8;EUR/GBP;-0.000776539595953402;911
8;EUR/GBP;-0.000695892055006648;912
8;EUR/GBP;-0.000765651324795844;913
8;EUR/GBP;-0.00100296414640851;914
8;EUR/GBP;-0.00107247732611082;915
8;EUR/GBP;-0.000370053404294146;916
8;EUR/GBP;-0.00132973515112345;917
8;EUR/GBP;-0.00127893249454574;918
8;EUR/GBP;-0.000830416539090813;919
8;EUR/GBP;-0.00140370920903756;920
8;EUR/GBP;-0.00177134813284056;921
8;EUR/GBP;-0.00139728349676998;922
8;EUR/GBP;-0.00292898994408664;923
8;EUR/GBP;-0.0030578045461168;924
8;EUR/GBP;-0.00288533271730382;925
8;EUR/GBP;-0.00270940277014345;926
8;EUR/GBP;-0.00275055661271571;927
8;EUR/GBP;-0.000259432668490738;928
8;EUR/GBP;0.00056813425913406;929
8;EUR/GBP;0.00153056947314545;930
8;EUR/GBP;0.00164125717834843;931
8;EUR/GBP;0.00195291210206868;932
8;EUR/GBP;0.000493197648667858;933
8;EUR/GBP;0.000179666786362282;934
8;EUR/GBP;0.000266089711469869;935
8;EUR/GBP;-7.85182494906904E-05;936
8;EUR/GBP;0.000705448354711611;937
8;EUR/GBP;0.00245068878794657;938
8;EUR/GBP;0.00153739401332356;939
8;EUR/GBP;0.00130569891534539;940
8;EUR/GBP;0.00322459740506877;941
8;EUR/GBP;0.00260969832659908;942
8;EUR/GBP;0.000652357042609453;943
8;EUR/GBP;0.00080866576292014;944
8;EUR/GBP;0.000993081001256338;945
8;EUR/GBP;-0.00014080521836962;946
8;EUR/GBP;-0.000546878577478291;947
8;EUR/GBP;0.000766226171451927;948
8;EUR/GBP;0.00116416856532594;949
8;EUR/GBP;0.00242853938620165;950
8;EUR/GBP;0.00215639214288924;951
8;EUR/GBP;0.00264042025791765;952
8;EUR/GBP;0.00248310651870503;953
8;EUR/GBP;0.00265949346531887;954
8;EUR/GBP;0.00099259846788081;955
8;EUR/GBP;0.00124203700365578;956
8;EUR/GBP;0.00112141177590565;957
8;EUR/GBP;0.0011501238234129;958
8;EUR/GBP;0.000133274407406833;959
8;EUR/GBP;-0.000697576902399707;960
8;EUR/GBP;-0.00178101395823111;961
8;EUR/GBP;-0.00133169519995706;962
8;EUR/GBP;-0.0017837444544282;963
8;EUR/GBP;-0.00148462167695825;964
8;EUR/GBP;-0.000357906479771605;965
8;EUR/GBP;0.000331218810089946;966
8;EUR/GBP;-0.00110419558640639;967
8;EUR/GBP;-0.00214511709330511;968
8;EUR/GBP;-0.00165861921693824;969
8;EUR/GBP;-0.0017964439358581;970
8;EUR/GBP;-0.00133919270945765;971
8;EUR/GBP;-0.000539239614099698;972
8;EUR/GBP;0.00152594699836363;973
8;EUR/GBP;0.00237228557674469;974
8;EUR/GBP;0.0022525943080633;975
8;EUR/GBP;0.00177632746628954;976
8;EUR/GBP;0.00291540783846443;977
8;EUR/GBP;0.00215604615176526;978
8;EUR/GBP;0.000757359955883879;979
8;EUR/GBP;0.000735294945861742;980
8;EUR/GBP;0.000411671435365523;981
8;EUR/GBP;-0.000949810258558447;982
8;EUR/GBP;-0.00176678630767302;983
8;EUR/GBP;-0.00147376557266688;984
8;EUR/GBP;-0.00173636374630612;985
8;EUR/GBP;-0.0026014442880688;986
8;EUR/GBP;-0.00225507512356715;987
8;EUR/GBP;-0.00107366959071272;988
8;EUR/GBP;-0.00168626481179035;989
8;EUR/GBP;-0.00126532213159049;990
8;EUR/GBP;-0.000450248448208489;991
8;EUR/GBP;-0.000411502889672458;992
8;EUR/GBP;-0.000493456442304678;993
8;EUR/GBP;-0.000113293315270021;994
8;EUR/GBP;-0.000771363766254574;995
8;EUR/GBP;-0.000698090657086853;996
8;EUR/GBP;-0.000894967655102596;997
8;EUR/GBP;-0.000804818930334378;998
8;EUR/GBP;-0.000792080243219373;999
8;EUR/GBP;-0.000579786939175237;1000
8;EUR/GBP;-0.00107125474365698;1001
8;EUR/GBP;-6.66592606992845E-05;1002
8;EUR/GBP;-0.00121193960933698;1003
8;EUR/GBP;-0.000252684809354424;1004
8;EUR/GBP;0.000222126607220109;1005
8;EUR/GBP;0.00108512946876956;1006
8;EUR/GBP;0.00042457263854725;1007
8;EUR/GBP;0.00136430157331017;1008
8;EUR/GBP;0.000233258846539866;1009
8;EUR/GBP;0.000244054665242558;1010
8;EUR/GBP;3.0521007529974E-05;1011
8;EUR/GBP;-0.0012066988727585;1012
8;EUR/GBP;-0.00067404106655165;1013
8;EUR/GBP;-0.000397258216409636;1014
8;EUR/GBP;-0.000788703689540573;1015
8;EUR/GBP;-0.00191797185139978;1016
8;EUR/GBP;-0.00111584491473046;1017
8;EUR/GBP;-0.00192080988397169;1018
8;EUR/GBP;-0.000359044037561166;1019
8;EUR/GBP;-8.90633059987272E-05;1020
8;EUR/GBP;0.00123986378846048;1021
8;EUR/GBP;0.000962401140856778;1022
8;EUR/GBP;0.00088731662726804;1023
8;EUR/GBP;-0.000429471970484913;1024
8;EUR/GBP;-0.000993513520061293;1025
8;EUR/GBP;-0.00109985482216926;1026
8;EUR/GBP;-0.000895106389212465;1027
8;EUR/GBP;4.74737674757584E-05;1028
8;EUR/GBP;-0.000276576916383121;1029
8;EUR/GBP;-6.71563490045669E-05;1030
8;EUR/GBP;0.00198593661597198;1031
8;EUR/GBP;0.00192788039568371;1032
8;EUR/GBP;0.00260763503657541;1033
8;EUR/GBP;0.00356875256216933;1034
8;EUR/GBP;0.00431618647328755;1035
8;EUR/GBP;0.0026814260065708;1036
8;EUR/GBP;0.00527204364283386;1037
8;EUR/GBP;0.00344826706213724;1038
8;EUR/GBP;0.00229631798289047;1039
8;EUR/GBP;0.00190538638818531;1040
8;EUR/GBP;0.0016096721167888;1041
8;EUR/GBP;-0.00193755464152317;1042
8;EUR/GBP;-0.000556109762646961;1043
8;EUR/GBP;7.87150457682885E-05;1044
8;EUR/GBP;0.000914875055852558;1045
8;EUR/GBP;0.00187112814902878;1046
8;EUR/GBP;0.00314275925649035;1047
8;EUR/GBP;0.00290983848767381;1048
8;EUR/GBP;0.00112036014509263;1049
8;EUR/GBP;-0.00279835143936007;1050
8;EUR/GBP;-0.00528005287388735;1051
8;EUR/GBP;-0.00452927510560731;1052
8;EUR/GBP;-0.00592605757390997;1053
8;EUR/GBP;-0.00487599181504057;1054
8;EUR/GBP;-0.00436328592362092;1055
8;EUR/GBP;-0.00259956723806826;1056
8;EUR/GBP;-0.00161506050648839;1057
8;EUR/GBP;-0.00240261458649615;1058
8;EUR/GBP;-0.00203445286186057;1059
8;EUR/GBP;0.00055343626778843;1060
8;EUR/GBP;0.00185592294314268;1061
8;EUR/GBP;-0.000124777311214349;1062
8;EUR/GBP;0.00172858079935044;1063
8;EUR/GBP;0.00140021310583067;1064
8;EUR/GBP;0.0017840141632677;1065
8;EUR/GBP;8.58398822494732E-05;1066
8;EUR/GBP;0.000960163439056989;1067
8;EUR/GBP;0.0011945769328289;1068
8;EUR/GBP;0.00145382821179735;1069
8;EUR/GBP;0.000320654646306994;1070
8;EUR/GBP;0.000152205955831242;1071
8;EUR/GBP;-0.00208667625343863;1072
8;EUR/GBP;-0.00241581917420587;1073
8;EUR/GBP;-0.0022014302968037;1074
8;EUR/GBP;-0.00211304279161376;1075
8;EUR/GBP;-0.00281930231212196;1076
8;EUR/GBP;-0.000771349278574808;1077
8;EUR/GBP;-0.000797825174036445;1078
8;EUR/GBP;-0.00233013432052155;1079
8;EUR/GBP;-0.00196921560573399;1080
8;EUR/GBP;-0.000216147956053692;1081
8;EUR/GBP;-0.000473784397453706;1082
8;EUR/GBP;-0.00145316448700505;1083
8;EUR/GBP;-0.000623532489279762;1084
8;EUR/GBP;-1.97340137029494E-05;1085
8;EUR/GBP;-0.000883861146883163;1086
8;EUR/GBP;-0.00151860590288962;1087
8;EUR/GBP;-0.00111524714948828;1088
8;EUR/GBP;-0.000166792713192879;1089
8;EUR/GBP;-0.000409214521708325;1090
8;EUR/GBP;0.000442418829623657;1091
8;EUR/GBP;0.000801592966810373;1092
8;EUR/GBP;0.00154556351352351;1093
8;EUR/GBP;0.00184672999053925;1094
8;EUR/GBP;0.00213001142154311;1095
8;EUR/GBP;0.00162318756445846;1096
8;EUR/GBP;0.00260545337075571;1097
8;EUR/GBP;0.00136635885834069;1098
8;EUR/GBP;0.000305204637297384;1099
8;EUR/GBP;0.000836786292433897;1100
8;EUR/GBP;0.00064950055339476;1101
8;EUR/GBP;0.000519260831355702;1102
8;EUR/GBP;0.00252876613333555;1103
8;EUR/GBP;0.00334612785254886;1104
8;EUR/GBP;0.00188385308161279;1105
8;EUR/GBP;0.00453736348007965;1106
8;EUR/GBP;0.00370648096131196;1107
8;EUR/GBP;0.00230117459130612;1108
8;EUR/GBP;0.00178597072522652;1109
8;EUR/GBP;0.00117942539123705;1110
8;EUR/GBP;0.000193069894052902;1111
8;EUR/GBP;-0.00194496318245116;1112
8;EUR/GBP;-0.00188005516675974;1113
8;EUR/GBP;-0.000669239535920179;1114
8;EUR/GBP;0.00146932970954457;1115
8;EUR/GBP;-0.000171306220323264;1116
8;EUR/GBP;0.0030282114952367;1117
8;EUR/GBP;0.00164021757345963;1118
8;EUR/GBP;0.000794643353940384;1119
8;EUR/GBP;5.44143657281382E-05;1120
8;EUR/GBP;-0.00195179505392845;1121
8;EUR/GBP;-0.00248193182569301;1122
8;EUR/GBP;-0.00120352118534765;1123
8;EUR/GBP;-0.00237415916932617;1124
8;EUR/GBP;-0.00286040109471414;1125
8;EUR/GBP;-0.0011985240338919;1126
8;EUR/GBP;-0.0016682133248517;1127
8;EUR/GBP;-0.00218753258355684;1128
8;EUR/GBP;-0.000532976490275605;1129
8;EUR/GBP;-0.000364590627136437;1130
8;EUR/GBP;-0.000246102827361851;1131
8;EUR/GBP;0.000138169262835546;1132
8;EUR/GBP;-0.000672362930942694;1133
8;EUR/GBP;-0.00124823572358793;1134
8;EUR/GBP;-0.000728406552082865;1135
8;EUR/GBP;-0.00192671414238944;1136
8;EUR/GBP;-0.00195705784493363;1137
8;EUR/GBP;-0.000666253778400353;1138
8;EUR/GBP;-0.000206013381244651;1139
8;EUR/GBP;-0.00131394445730295;1140
8;EUR/GBP;-0.000598744204436962;1141
8;EUR/GBP;-0.000877856535328522;1142
8;EUR/GBP;-0.000139664810144995;1143
8;EUR/GBP;-0.00110327000483905;1144
8;EUR/GBP;0.000866725154422967;1145
8;EUR/GBP;0.000861178459046667;1146
8;EUR/GBP;-7.84676401114839E-05;1147
8;EUR/GBP;-0.00150055046005284;1148
8;EUR/GBP;-0.00114882309036575;1149
8;EUR/GBP;-0.00229903662900534;1150
8;EUR/GBP;-0.00113316335953886;1151
8;EUR/GBP;-1.9621721261218E-05;1152
8;EUR/GBP;0.000820387181270363;1153
8;EUR/GBP;0.000509217529392155;1154
8;EUR/GBP;0.000132168195863271;1155
8;EUR/GBP;-0.000429760356367284;1156
8;EUR/GBP;-0.00131059487733425;1157
8;EUR/GBP;-0.00391858514777074;1158
8;EUR/GBP;-0.00186026845571114;1159
8;EUR/GBP;-0.00062787327993206;1160
8;EUR/GBP;0.00056159304582916;1161
8;EUR/GBP;0.000616993143170415;1162
8;EUR/GBP;0.00274033294389573;1163
8;EUR/GBP;0.00127216101897783;1164
8;EUR/GBP;-0.000522381508194798;1165
8;EUR/GBP;-0.00101200564505734;1166
8;EUR/GBP;-0.00104351986740567;1167
8;EUR/GBP;6.76771243679896E-05;1168
8;EUR/GBP;0.000149301038659893;1169
8;EUR/GBP;0.000787285941799587;1170
8;EUR/GBP;0.000450412599228193;1171
8;EUR/GBP;0.00147344325091786;1172
8;EUR/GBP;-0.000672146132361131;1173
8;EUR/GBP;0.000388223997668913;1174
8;EUR/GBP;-0.000318491601208981;1175
8;EUR/GBP;-0.000865125164509055;1176
8;EUR/GBP;-0.00127560252481969;1177
8;EUR/GBP;0.000542411519695173;1178
8;EUR/GBP;7.30593615430306E-05;1179
8;EUR/GBP;0.00195087897112004;1180
8;EUR/GBP;0.00362417478392805;1181
8;EUR/GBP;0.00348365733318382;1182
8;EUR/GBP;0.0023447519259009;1183
8;EUR/GBP;0.00143329654356712;1184
8;EUR/GBP;0.000994756601312712;1185
8;EUR/GBP;-0.00047759227448717;1186
8;EUR/GBP;-0.000344535448702776;1187
8;EUR/GBP;1.9517499544975E-05;1188
8;EUR/GBP;-0.000483149361875202;1189
8;EUR/GBP;-0.00263559294995472;1190
8;EUR/GBP;-0.00277414817736915;1191
8;EUR/GBP;-0.0023272013411466;1192
8;EUR/GBP;-0.00296043716102708;1193
8;EUR/GBP;-0.00319623487881095;1194
8;EUR/GBP;-0.00184760780060121;1195
8;EUR/GBP;-0.00215957886846471;1196
8;EUR/GBP;-0.00311042086427279;1197
8;EUR/GBP;-0.00256304233857354;1198
8;EUR/GBP;-0.00154588488187654;1199
8;EUR/GBP;-0.00185049009885426;1200
8;EUR/GBP;-0.00195570476348084;1201
8;EUR/GBP;-0.00161818751583859;1202
8;EUR/GBP;-0.00108923182555581;1203
8;EUR/GBP;-0.000708473007885866;1204
8;EUR/GBP;-0.000312959903072648;1205
8;EUR/GBP;0.000212817988819693;1206
8;EUR/GBP;0.000328137891492013;1207
8;EUR/GBP;0.00247450638437189;1208
8;EUR/GBP;0.0020070213455424;1209
8;EUR/GBP;0.00144299530841124;1210
8;EUR/GBP;0.000330281891610785;1211
8;EUR/GBP;0.00121002218530012;1212
8;EUR/GBP;-0.000358964228439409;1213
8;EUR/GBP;0.000987516194696881;1214
8;EUR/GBP;0.00196162106226512;1215
8;EUR/GBP;0.00281813195279188;1216
8;EUR/GBP;0.00224854018900234;1217
8;EUR/GBP;0.00155370921630519;1218
8;EUR/GBP;0.00232179512231733;1219
8;EUR/GBP;0.0012896548832927;1220
8;EUR/GBP;0.00159230900334769;1221
8;EUR/GBP;0.00116123721427218;1222
8;EUR/GBP;0.00028274150829773;1223
8;EUR/GBP;-0.00166332807611488;1224
8;EUR/GBP;-0.00136029081935272;1225
8;EUR/GBP;-0.00193213690567764;1226
8;EUR/GBP;-0.00217577732161959;1227
8;EUR/GBP;-0.00153157478851301;1228
8;EUR/GBP;-0.00239268877517727;1229
8;EUR/GBP;-0.00187957432302412;1230
8;EUR/GBP;-0.000946058087074122;1231
8;EUR/GBP;0.000408702087817581;1232
8;EUR/GBP;-0.000136709298706812;1233
8;EUR/GBP;0.000271074280171377;1234
8;EUR/GBP;0.000390427528002042;1235
8;EUR/GBP;2.84754257557099E-05;1236
8;EUR/GBP;-0.00075277229473655;1237
8;EUR/GBP;-0.000108294506699858;1238
8;EUR/GBP;-0.00061400989231476;1239
8;EUR/GBP;-0.00153761171187739;1240
8;EUR/GBP;-0.00171574235344153;1241
8;EUR/GBP;-0.00113879108092657;1242
8;EUR/GBP;-0.000980162988244841;1243
8;EUR/GBP;0.00127730376557242;1244
8;EUR/GBP;0.00198694146135574;1245
8;EUR/GBP;0.00265599818109183;1246
8;EUR/GBP;0.00276011515269777;1247
8;EUR/GBP;0.00265782751527475;1248
8;EUR/GBP;0.00120988390586803;1249
8;EUR/GBP;0.000887158230566755;1250
8;EUR/GBP;0.000300177047500035;1251
8;EUR/GBP;-0.000336222381459362;1252
8;EUR/GBP;0.000434856442846391;1253
8;EUR/GBP;0.000155309108211913;1254
8;EUR/GBP;0.00162799456815925;1255
8;EUR/GBP;0.0026116968095375;1256
8;EUR/GBP;0.00204809712046061;1257
8;EUR/GBP;0.000709550095921966;1258
8;EUR/GBP;0.00170608489857214;1259
8;EUR/GBP;0.000453921571184726;1260
8;EUR/GBP;-0.00062941956571255;1261
8;EUR/GBP;-0.000973606574663818;1262
8;EUR/GBP;-0.000743401067102478;1263
8;EUR/GBP;-0.00194333285047332;1264
8;EUR/GBP;-0.0012437309777243;1265
8;EUR/GBP;-0.000853574228385628;1266
8;EUR/GBP;8.71723143286307E-05;1267
8;EUR/GBP;-0.00132183697855299;1268
8;EUR/GBP;-0.00100577468753596;1269
8;EUR/GBP;-0.00151524442761885;1270
8;EUR/GBP;-0.00105797215270504;1271
8;EUR/GBP;-0.000695623487837807;1272
8;EUR/GBP;0.00162628965690606;1273
8;EUR/GBP;0.00275590192002165;1274
8;EUR/GBP;0.00318394236470293;1275
8;EUR/GBP;0.0026386978700877;1276
8;EUR/GBP;0.00407157217691991;1277
8;EUR/GBP;0.00438255390342526;1278
8;EUR/GBP;0.00524221329255707;1279
8;EUR/GBP;0.00548470116544623;1280
8;EUR/GBP;0.00505546562327767;1281
8;EUR/GBP;0.00193121265046048;1282
8;EUR/GBP;0.000305660982397967;1283
8;EUR/GBP;0.000838758343787899;1284
8;EUR/GBP;-0.000661400566026035;1285
8;EUR/GBP;0.000108849463882002;1286
8;EUR/GBP;0.0005358854880722;1287
8;EUR/GBP;0.000974440081684977;1288
8;EUR/GBP;-0.00185377368882206;1289
8;EUR/GBP;-0.00110995965354843;1290
8;EUR/GBP;-0.000697662450511855;1291
8;EUR/GBP;-0.00144689878018658;1292
8;EUR/GBP;-0.000861656314056627;1293
8;EUR/GBP;-0.000431090867563013;1294
8;EUR/GBP;-0.00024414165989373;1295
8;EUR/GBP;-0.000549484691488122;1296
8;EUR/GBP;0.00240299776335637;1297
8;EUR/GBP;0.0019267233494178;1298
8;EUR/GBP;0.00287370284102461;1299
8;EUR/GBP;0.00196114814503214;1300
8;EUR/GBP;0.000980360654103202;1301
8;EUR/GBP;-0.000939716954246361;1302
8;EUR/GBP;0.000467925563030199;1303
8;EUR/GBP;-0.00277751926595106;1304
8;EUR/GBP;-0.00185687142519118;1305
8;EUR/GBP;-0.000649395514536583;1306
8;EUR/GBP;-0.000240404345296022;1307
8;EUR/GBP;-0.000555102397167121;1308
8;EUR/GBP;0.00163353326590541;1309
8;EUR/GBP;0.000463099547199015;1310
8;EUR/GBP;-0.000344653175544067;1311
8;EUR/GBP;-0.00090409874373926;1312
8;EUR/GBP;-0.00191931381587132;1313
8;EUR/GBP;-0.00166650528098234;1314
8;EUR/GBP;-0.0011198514168459;1315
8;EUR/GBP;-0.00105955422736835;1316
8;EUR/GBP;0.000575808242429785;1317
8;EUR/GBP;0.000431464052848084;1318
8;EUR/GBP;0.000219710827748019;1319
8;EUR/GBP;0.00111164005642761;1320
8;EUR/GBP;0.00119912825858049;1321
8;EUR/GBP;0.00119566315298896;1322
8;EUR/GBP;0.00156957915813712;1323
8;EUR/GBP;0.00122321192937008;1324
8;EUR/GBP;0.000655845808238537;1325
8;EUR/GBP;0.000532769004640891;1326
8;EUR/GBP;-0.000703429257615136;1327
8;EUR/GBP;-0.000215292607502809;1328
8;EUR/GBP;0.000378852517565966;1329
8;EUR/GBP;0.000313498915829992;1330
8;EUR/GBP;-0.00101484875377784;1331
8;EUR/GBP;-0.00121362754174216;1332
8;EUR/GBP;-0.00106350509296279;1333
8;EUR/GBP;-0.00142098453992168;1334
8;EUR/GBP;-0.000485450370609372;1335
8;EUR/GBP;0.00126026428665094;1336
8;EUR/GBP;0.000428212787620296;1337
8;EUR/GBP;-0.000680982589921336;1338
8;EUR/GBP;-0.000562982253338043;1339
8;EUR/GBP;-0.00271892353090729;1340
8;EUR/GBP;-0.0034136243498037;1341
8;EUR/GBP;-0.00193975648133219;1342
8;EUR/GBP;-0.000617080379341945;1343
8;EUR/GBP;-0.000807413862260286;1344
8;EUR/GBP;0.000671480026971685;1345
8;EUR/GBP;0.00294161392656719;1346
8;EUR/GBP;0.00309900567020049;1347
8;EUR/GBP;0.00265855668001479;1348
8;EUR/GBP;0.00368523992762925;1349
8;EUR/GBP;0.00247568290871988;1350
8;EUR/GBP;-0.000194038125944867;1351
8;EUR/GBP;0.00110377356521175;1352
8;EUR/GBP;0.000565509743020973;1353
8;EUR/GBP;-0.000534748789992331;1354
8;EUR/GBP;0.00128195120999433;1355
8;EUR/GBP;0.00247552463149623;1356
8;EUR/GBP;0.000970947903177352;1357
8;EUR/GBP;0.00127737166648437;1358
8;EUR/GBP;0.00181557462261346;1359
8;EUR/GBP;0.000710758732243858;1360
8;EUR/GBP;-0.000584186814083733;1361
8;EUR/GBP;-0.000705429968815296;1362
8;EUR/GBP;-0.00126108258965883;1363
8;EUR/GBP;-0.00104782977533001;1364
8;EUR/GBP;-0.000559206669567376;1365
8;EUR/GBP;-0.000276460268983432;1366
8;EUR/GBP;0.000637967696451051;1367
8;EUR/GBP;0.00055033346143925;1368
8;EUR/GBP;-6.49948551460436E-05;1369
8;EUR/GBP;-0.000254456404531031;1370
8;EUR/GBP;0.000365821540483211;1371
8;EUR/GBP;-0.000216032317833023;1372
8;EUR/GBP;0.00027595167108112;1373
8;EUR/GBP;0.000422089498909138;1374
8;EUR/GBP;-0.000784351981996378;1375
8;EUR/GBP;-0.00115665328284545;1376
8;EUR/GBP;-0.00176124125760381;1377
8;EUR/GBP;-0.000848004196450179;1378
8;EUR/GBP;-0.000912940530719492;1379
8;EUR/GBP;-0.000103361986850709;1380
8;EUR/GBP;0.000891160524590144;1381
8;EUR/GBP;0.00223350923937581;1382
8;EUR/GBP;0.00143650987173449;1383
8;EUR/GBP;0.0011425508262711;1384
8;EUR/GBP;0.00149354555666965;1385
8;EUR/GBP;0.000663072252920472;1386
8;EUR/GBP;1.88675431229738E-05;1387
8;EUR/GBP;0.00129239858339829;1388
8;EUR/GBP;0.00143917445153237;1389
8;EUR/GBP;0.00130816180417254;1390
8;EUR/GBP;7.56399009488736E-05;1391
8;EUR/GBP;-0.000204942917066217;1392
8;EUR/GBP;-0.00189712617449976;1393
8;EUR/GBP;-0.00226158630171833;1394
8;EUR/GBP;-0.002910567192892;1395
8;EUR/GBP;-0.0014910471099274;1396
8;EUR/GBP;-0.00152477125682912;1397
8;EUR/GBP;-0.0010572568537346;1398
8;EUR/GBP;-0.000978302696595881;1399
8;EUR/GBP;-0.000845678756805325;1400
8;EUR/GBP;-0.000746981594052396;1401
8;EUR/GBP;-0.000757215553079457;1402
8;EUR/GBP;-0.000424472629845091;1403
8;EUR/GBP;0.000247745480037322;1404
8;EUR/GBP;0.00133779763015932;1405
8;EUR/GBP;0.000390196108569148;1406
8;EUR/GBP;0.000778963548207562;1407
8;EUR/GBP;-0.000471785161196375;1408
8;EUR/GBP;-0.00320063875880886;1409
8;EUR/GBP;-0.00445384212027608;1410
8;EUR/GBP;-0.00348953973748879;1411
8;EUR/GBP;-0.00483688199991163;1412
8;EUR/GBP;-0.00359238308259557;1413
8;EUR/GBP;-0.000894992453574202;1414
