8;EUR/AUD;0.00871936222285333;5
8;EUR/AUD;-0.00421260636226076;6
8;EUR/AUD;-0.00376243157586;7
8;EUR/AUD;-0.00178507524357195;8
8;EUR/AUD;-0.00157949451646497;9
8;EUR/AUD;-0.000291928621380878;10
8;EUR/AUD;0.00135204965613043;11
8;EUR/AUD;0.00124105598419409;12
8;EUR/AUD;0.00146050820095604;13
8;EUR/AUD;0.000662367353295204;14
8;EUR/AUD;0.000415409741887899;15
8;EUR/AUD;0.000111385938766611;16
8;EUR/AUD;0.00073912573043987;17
8;EUR/AUD;0.000250015576718292;18
8;EUR/AUD;0.000273487763475297;19
8;EUR/AUD;0.00085177888179235;20
8;EUR/AUD;-0.000277925306426286;21
8;EUR/AUD;-0.00189184394649523;22
8;EUR/AUD;-0.00197457810559272;23
8;EUR/AUD;-0.00285661758530717;24
8;EUR/AUD;-0.00247889756100227;25
8;EUR/AUD;-0.00143640661537189;26
8;EUR/AUD;0.000533152859886289;27
8;EUR/AUD;0.00149259335345617;28
8;EUR/AUD;0.00298342036222157;29
8;EUR/AUD;0.00166125957614794;30
8;EUR/AUD;0.0017903008540383;31
8;EUR/AUD;0.00310987801297238;32
8;EUR/AUD;0.00248777417998183;33
8;EUR/AUD;0.00171243726710088;34
8;EUR/AUD;0.00256484018104612;35
8;EUR/AUD;0.00207014078096445;36
8;EUR/AUD;-0.000443171839079297;37
8;EUR/AUD;-0.000586248239166454;38
8;EUR/AUD;-0.00032418490820695;39
8;EUR/AUD;-0.000568573109610881;40
8;EUR/AUD;-0.00054639346385277;41
8;EUR/AUD;-0.000427254856282773;42
8;EUR/AUD;5.06511598900678E-05;43
8;EUR/AUD;-0.00196146489865878;44
8;EUR/AUD;-0.000989110743036429;45
8;EUR/AUD;-0.000986240904138471;46
8;EUR/AUD;0.0010774218559222;47
8;EUR/AUD;0.00224815050169113;48
8;EUR/AUD;0.00477082564431494;49
8;EUR/AUD;0.00538754850721129;50
8;EUR/AUD;0.0048858277826075;51
8;EUR/AUD;0.00350813107421602;52
8;EUR/AUD;0.00136542886315199;53
8;EUR/AUD;1.27964784134961E-05;54
8;EUR/AUD;-0.000842353331810619;55
8;EUR/AUD;-0.00180006080109635;56
8;EUR/AUD;-0.00213061487686658;57
8;EUR/AUD;-0.00180634983346452;58
8;EUR/AUD;-0.00107776855332101;59
8;EUR/AUD;-0.000916464007551529;60
8;EUR/AUD;0.000788079724880183;61
8;EUR/AUD;0.000341299200708479;62
8;EUR/AUD;-0.000751674583639503;63
8;EUR/AUD;-0.00171843453167592;64
8;EUR/AUD;-0.00183397071365141;65
8;EUR/AUD;-0.00203039586473735;66
8;EUR/AUD;-0.00251692483666872;67
8;EUR/AUD;-0.00127253600916647;68
8;EUR/AUD;-0.000928655315788495;69
8;EUR/AUD;0.000115198056467213;70
8;EUR/AUD;-0.00336554716025625;71
8;EUR/AUD;-0.00286350519845471;72
8;EUR/AUD;-0.00286612325448758;73
8;EUR/AUD;-0.00194800142224641;74
8;EUR/AUD;-0.00369328862350612;75
8;EUR/AUD;-0.000476968709249833;76
8;EUR/AUD;-0.00120334683728045;77
8;EUR/AUD;0.000138421538642815;78
8;EUR/AUD;-3.02799912371381E-05;79
8;EUR/AUD;0.00024633383979749;80
8;EUR/AUD;0.000653238123448671;81
8;EUR/AUD;0.00170053234086441;82
8;EUR/AUD;0.00114849198651706;83
8;EUR/AUD;0.000948348409409798;84
8;EUR/AUD;0.000809313451622624;85
8;EUR/AUD;-0.000871018958477798;86
8;EUR/AUD;-0.00111710791613198;87
8;EUR/AUD;-0.00189843180064052;88
8;EUR/AUD;-0.00280282225575595;89
8;EUR/AUD;-0.00280847672224784;90
8;EUR/AUD;-0.00113895524207088;91
8;EUR/AUD;0.000963349198029235;92
8;EUR/AUD;0.00121722820858604;93
8;EUR/AUD;0.00230819305735196;94
8;EUR/AUD;0.00263270327502214;95
8;EUR/AUD;0.00153869811496805;96
8;EUR/AUD;-0.00111532539133454;97
8;EUR/AUD;-0.000543737971625614;98
8;EUR/AUD;-0.000568298054588639;99
8;EUR/AUD;-0.00103415159793904;100
8;EUR/AUD;0.000118581765598815;101
8;EUR/AUD;0.00123229790941364;102
8;EUR/AUD;0.00116859079945949;103
8;EUR/AUD;0.000956757267112922;104
8;EUR/AUD;0.000852969569832496;105
8;EUR/AUD;0.00105884300336875;106
8;EUR/AUD;0.00103922888111952;107
8;EUR/AUD;0.000112685655869878;108
8;EUR/AUD;-0.000342487183018009;109
8;EUR/AUD;0.000160183826058274;110
8;EUR/AUD;0.000941147450916351;111
8;EUR/AUD;5.22834810372614E-06;112
8;EUR/AUD;0.000405666380451745;113
8;EUR/AUD;-9.19546285796298E-05;114
8;EUR/AUD;-0.000512514161047584;115
8;EUR/AUD;-0.00113253251651304;116
8;EUR/AUD;-0.00113513782808588;117
8;EUR/AUD;-0.000590451744443182;118
8;EUR/AUD;0.000246868219489041;119
8;EUR/AUD;0.000663389738495952;120
8;EUR/AUD;0.000175661692138824;121
8;EUR/AUD;0.00178369887273636;122
8;EUR/AUD;0.00034453291898474;123
8;EUR/AUD;0.000738781589836254;124
8;EUR/AUD;0.00064420306175891;125
8;EUR/AUD;0.00222561862012353;126
8;EUR/AUD;0.00155474146126104;127
8;EUR/AUD;0.00172679444568977;128
8;EUR/AUD;0.00158231249208549;129
8;EUR/AUD;0.00118087487722335;130
8;EUR/AUD;-0.000769908347657964;131
8;EUR/AUD;-0.00145184371525227;132
8;EUR/AUD;-0.00092735768882379;133
8;EUR/AUD;-0.00140718685439724;134
8;EUR/AUD;-0.00121225132272865;135
8;EUR/AUD;-0.00102899736942454;136
8;EUR/AUD;-0.00173811217158311;137
8;EUR/AUD;-0.00118461914967835;138
8;EUR/AUD;-0.00108589491015188;139
8;EUR/AUD;-0.000636434412099849;140
8;EUR/AUD;-0.000338939880046022;141
8;EUR/AUD;0.00127661261538627;142
8;EUR/AUD;0.00176910847958492;143
8;EUR/AUD;0.00207105438395087;144
8;EUR/AUD;0.00173429230933167;145
8;EUR/AUD;0.000724292678606055;146
8;EUR/AUD;0.000654127642724432;147
8;EUR/AUD;0.000918188323631687;148
8;EUR/AUD;0.000852227032043327;149
8;EUR/AUD;0.00150139476576015;150
8;EUR/AUD;0.0016427837576778;151
8;EUR/AUD;0.000141749441049207;152
8;EUR/AUD;-0.00106772784641536;153
8;EUR/AUD;-0.00121653533751607;154
8;EUR/AUD;-0.00157552543817414;155
8;EUR/AUD;-0.000631342709788523;156
8;EUR/AUD;0.000250741376257514;157
8;EUR/AUD;-0.00085386372081248;158
8;EUR/AUD;-0.000528122831301938;159
8;EUR/AUD;-0.000603169373776726;160
8;EUR/AUD;-0.000916197048581247;161
8;EUR/AUD;-0.00224180854389064;162
8;EUR/AUD;-0.000709322699777967;163
8;EUR/AUD;-0.000435281487073616;164
8;EUR/AUD;-0.000649493358749063;165
8;EUR/AUD;-0.000385169152760862;166
8;EUR/AUD;0.00124739032427702;167
8;EUR/AUD;-0.000136394342298239;168
8;EUR/AUD;-0.000500501417463218;169
8;EUR/AUD;-0.0012302640786648;170
8;EUR/AUD;-0.00186712315137239;171
8;EUR/AUD;-0.00203674559137731;172
8;EUR/AUD;-0.000845355916400081;173
8;EUR/AUD;-0.00180403999731783;174
8;EUR/AUD;-0.00034272089163147;175
8;EUR/AUD;-0.000186090108747096;176
8;EUR/AUD;-0.00146193195115684;177
8;EUR/AUD;-0.00127941224037897;178
8;EUR/AUD;-0.00142144176632671;179
8;EUR/AUD;-0.00286881860018629;180
8;EUR/AUD;-0.00262628291154146;181
8;EUR/AUD;-0.00195618198912776;182
8;EUR/AUD;-0.00322267474337228;183
8;EUR/AUD;-0.00239130295108748;184
8;EUR/AUD;-0.00146144887130002;185
8;EUR/AUD;-0.000891658450436679;186
8;EUR/AUD;-0.000829059896493215;187
8;EUR/AUD;0.000780016454534959;188
8;EUR/AUD;0.0004258991312404;189
8;EUR/AUD;0.000347523979708158;190
8;EUR/AUD;0.00018536304946149;191
8;EUR/AUD;0.000906817788893189;192
8;EUR/AUD;0.000408963821831727;193
8;EUR/AUD;0.00108757946497011;194
8;EUR/AUD;0.000530894667116926;195
8;EUR/AUD;-0.000119526062588597;196
8;EUR/AUD;-2.94908143349855E-05;197
8;EUR/AUD;-0.000822800624933336;198
8;EUR/AUD;-0.000990665891135588;199
8;EUR/AUD;-0.0010429622163163;200
8;EUR/AUD;-0.00188828991221464;201
8;EUR/AUD;-0.00224463195071061;202
8;EUR/AUD;-0.00132654132773839;203
8;EUR/AUD;-0.000348839255398458;204
8;EUR/AUD;9.71240509023711E-05;205
8;EUR/AUD;0.000298127274218193;206
8;EUR/AUD;-4.06720376370882E-06;207
8;EUR/AUD;-0.000242507201624611;208
8;EUR/AUD;-0.00162559054138848;209
8;EUR/AUD;-0.00109537445449512;210
8;EUR/AUD;3.52038779334154E-05;211
8;EUR/AUD;-0.00100850372375639;212
8;EUR/AUD;-0.000151886038531416;213
8;EUR/AUD;0.000830011769837743;214
8;EUR/AUD;0.00083357134969701;215
8;EUR/AUD;0.000152929521155741;216
8;EUR/AUD;0.00105459385728284;217
8;EUR/AUD;-4.88450190684508E-05;218
8;EUR/AUD;-0.00114692054807436;219
8;EUR/AUD;-0.00179186049934165;220
8;EUR/AUD;-0.00124578019533095;221
8;EUR/AUD;0.000322333874867645;222
8;EUR/AUD;0.000581295314752057;223
8;EUR/AUD;0.00144039684031611;224
8;EUR/AUD;0.000760211571164708;225
8;EUR/AUD;0.000770368303572444;226
8;EUR/AUD;-1.48863394221535E-05;227
8;EUR/AUD;0.000394696063542268;228
8;EUR/AUD;3.78365596885128E-05;229
8;EUR/AUD;0.000995185231399902;230
8;EUR/AUD;0.00080118118805498;231
8;EUR/AUD;0.000317785575163845;232
8;EUR/AUD;7.42563404880129E-05;233
8;EUR/AUD;-0.000443678109653815;234
8;EUR/AUD;-0.000494942644545129;235
8;EUR/AUD;-0.000927334631444924;236
8;EUR/AUD;-0.000842220533062752;237
8;EUR/AUD;-0.00111403556366709;238
8;EUR/AUD;0.00173662061215998;239
8;EUR/AUD;0.0014784805055197;240
8;EUR/AUD;0.00183963370044968;241
8;EUR/AUD;0.00224390195273146;242
8;EUR/AUD;0.0027367216135067;243
8;EUR/AUD;0.000331315781406599;244
8;EUR/AUD;0.000546263237005352;245
8;EUR/AUD;0.000652358328153371;246
8;EUR/AUD;0.000244052917349055;247
8;EUR/AUD;-0.000255904425817406;248
8;EUR/AUD;0.000495278378547682;249
8;EUR/AUD;0.000662369678809808;250
8;EUR/AUD;0.000939888421943842;251
8;EUR/AUD;-0.000278941943496926;252
8;EUR/AUD;-0.000268314155577727;253
8;EUR/AUD;-0.001161149122098;254
8;EUR/AUD;-0.000339608595880457;255
8;EUR/AUD;-0.000720230343167877;256
8;EUR/AUD;0.000256158397213313;257
8;EUR/AUD;0.000723623728246208;258
8;EUR/AUD;0.00108760422378082;259
8;EUR/AUD;-8.43229581740979E-05;260
8;EUR/AUD;0.000505368131241996;261
8;EUR/AUD;0.000461864597857295;262
8;EUR/AUD;1.33761817023438E-06;263
8;EUR/AUD;0.000184479660162338;264
8;EUR/AUD;7.49554960520855E-05;265
8;EUR/AUD;-0.000310021643321277;266
8;EUR/AUD;-0.00107262587240188;267
8;EUR/AUD;-0.000727646306611939;268
8;EUR/AUD;-0.00078722864968743;269
8;EUR/AUD;-0.000509178889521603;270
8;EUR/AUD;-0.0004632545015922;271
8;EUR/AUD;-0.00046974128631783;272
8;EUR/AUD;-0.00162969106744579;273
8;EUR/AUD;-0.00181110125284919;274
8;EUR/AUD;-0.00184520685744404;275
8;EUR/AUD;-0.00286890856788315;276
8;EUR/AUD;-0.00185879095930437;277
8;EUR/AUD;-0.00118917067912862;278
8;EUR/AUD;-0.00108043072680808;279
8;EUR/AUD;-0.00100046023359358;280
8;EUR/AUD;0.000475366085731389;281
8;EUR/AUD;-0.000946163266500626;282
8;EUR/AUD;-0.000687398385354985;283
8;EUR/AUD;-0.00136290916080844;284
8;EUR/AUD;-0.000946685985630809;285
8;EUR/AUD;-0.0013857842961062;286
8;EUR/AUD;-0.000710514363735155;287
8;EUR/AUD;0.000454438646741494;288
8;EUR/AUD;0.00090372615461406;289
8;EUR/AUD;0.00077922796798529;290
8;EUR/AUD;-9.29101384400711E-05;291
8;EUR/AUD;0.000665412217433487;292
8;EUR/AUD;-0.000178649977273785;293
8;EUR/AUD;0.000293072301567485;294
8;EUR/AUD;0.000114376751958119;295
8;EUR/AUD;0.00180129919852736;296
8;EUR/AUD;0.00226977081559949;297
8;EUR/AUD;0.00247456589808053;298
8;EUR/AUD;0.00236828570336393;299
8;EUR/AUD;0.00173079110977304;300
8;EUR/AUD;0.00066525204324706;301
8;EUR/AUD;-0.000327321246817754;302
8;EUR/AUD;-0.000514085336466245;303
8;EUR/AUD;-0.000806588674755885;304
8;EUR/AUD;-0.000721939473189022;305
8;EUR/AUD;-0.000812935019333584;306
8;EUR/AUD;-0.000323790176156187;307
8;EUR/AUD;-0.000558759728241005;308
8;EUR/AUD;-0.000533214555635586;309
8;EUR/AUD;-0.000273773989499506;310
8;EUR/AUD;-0.000344565715483178;311
8;EUR/AUD;-0.000162770360364821;312
8;EUR/AUD;-0.000636422461692858;313
8;EUR/AUD;-0.000417819892584989;314
8;EUR/AUD;-0.000157386310086553;315
8;EUR/AUD;8.14470435798637E-05;316
8;EUR/AUD;-0.00142035315801888;317
8;EUR/AUD;-0.000892223145718528;318
8;EUR/AUD;-0.00158970126979433;319
8;EUR/AUD;-0.00160260325209437;320
8;EUR/AUD;-0.000916833773593941;321
8;EUR/AUD;0.000333183204881166;322
8;EUR/AUD;0.000682806162451129;323
8;EUR/AUD;0.00134647571608431;324
8;EUR/AUD;0.00142199916672453;325
8;EUR/AUD;-9.95537150340006E-05;326
8;EUR/AUD;0.000864502675122606;327
8;EUR/AUD;0.000172716867287208;328
8;EUR/AUD;-0.000490066199911046;329
8;EUR/AUD;-0.000393003577137626;330
8;EUR/AUD;9.4100000031184E-05;331
8;EUR/AUD;-0.000819483592980733;332
8;EUR/AUD;-0.00137771653788239;333
8;EUR/AUD;-0.000373801284786042;334
8;EUR/AUD;-0.00129049885969315;335
8;EUR/AUD;-0.000651424113870838;336
8;EUR/AUD;-0.000598352927827314;337
8;EUR/AUD;-0.000393227571758305;338
8;EUR/AUD;-0.00148984903057882;339
8;EUR/AUD;-0.000698560017386419;340
8;EUR/AUD;-0.00163997265374572;341
8;EUR/AUD;-0.00216790870535054;342
8;EUR/AUD;-0.00183243568119703;343
8;EUR/AUD;-0.00167852861139936;344
8;EUR/AUD;-0.00189797469605834;345
8;EUR/AUD;-0.000999625321190634;346
8;EUR/AUD;-0.00088295468399177;347
8;EUR/AUD;-0.00104634539006569;348
8;EUR/AUD;-0.000481979822052036;349
8;EUR/AUD;0.000154000375267449;350
8;EUR/AUD;-0.000513504043159651;351
8;EUR/AUD;0.000241571074164046;352
8;EUR/AUD;0.00052524468642633;353
8;EUR/AUD;0.000858974923248361;354
8;EUR/AUD;0.000455756194604196;355
8;EUR/AUD;0.0014896823012404;356
8;EUR/AUD;0.00117453309682078;357
8;EUR/AUD;0.00135949103643731;358
8;EUR/AUD;0.000903553573944703;359
8;EUR/AUD;0.000977268083843973;360
8;EUR/AUD;-0.000599522488958643;361
8;EUR/AUD;-0.000631370784312501;362
8;EUR/AUD;-0.0004222088879642;363
8;EUR/AUD;-0.000379437373858624;364
8;EUR/AUD;-0.000800232858874109;365
8;EUR/AUD;0.000222613239433146;366
8;EUR/AUD;0.000389834029296603;367
8;EUR/AUD;-0.00108582260654483;368
8;EUR/AUD;-0.000650164150958044;369
8;EUR/AUD;-0.000451195651725633;370
8;EUR/AUD;3.29597460435593E-18;371
8;EUR/AUD;5.24727800465474E-05;372
8;EUR/AUD;0.00177249252160375;373
8;EUR/AUD;0.001368416579816;374
8;EUR/AUD;0.00105994008687538;375
8;EUR/AUD;0.000259632683886129;376
8;EUR/AUD;5.52264976773535E-06;377
8;EUR/AUD;-0.000801344460106832;378
8;EUR/AUD;-0.000874375608296842;379
8;EUR/AUD;-0.000738739392049904;380
8;EUR/AUD;-0.000125631179990471;381
8;EUR/AUD;7.73010886990089E-05;382
8;EUR/AUD;0.000603031481214195;383
8;EUR/AUD;0.000721566704907407;384
8;EUR/AUD;0.000862745623890946;385
8;EUR/AUD;-2.48594749446349E-05;386
8;EUR/AUD;-0.00100031684548598;387
8;EUR/AUD;-0.00140898721962088;388
8;EUR/AUD;-0.00101203122247596;389
8;EUR/AUD;-0.000822631783444163;390
8;EUR/AUD;-0.000114669792141988;391
8;EUR/AUD;0.00217409939140699;392
8;EUR/AUD;0.00180404159920416;393
8;EUR/AUD;0.0015209408493042;394
8;EUR/AUD;0.000901129314189687;395
8;EUR/AUD;0.00080681696430289;396
8;EUR/AUD;-0.000813897860079088;397
8;EUR/AUD;-0.000382654055793109;398
8;EUR/AUD;-0.000599824354513144;399
8;EUR/AUD;-9.64047918074969E-05;400
8;EUR/AUD;-0.000784706828164841;401
8;EUR/AUD;-0.000470323960853399;402
8;EUR/AUD;-0.000623724080060358;403
8;EUR/AUD;-0.000446909066203521;404
8;EUR/AUD;-0.00016675223445845;405
8;EUR/AUD;7.46036688787173E-05;406
8;EUR/AUD;0.000800681854778467;407
8;EUR/AUD;0.000247238454269838;408
8;EUR/AUD;0.000184953878233766;409
8;EUR/AUD;-0.000376737606093132;410
8;EUR/AUD;0.00017672724406126;411
8;EUR/AUD;-0.000618489739930694;412
8;EUR/AUD;0.000386129790556099;413
8;EUR/AUD;7.03479818417077E-05;414
8;EUR/AUD;0.00033399357716786;415
8;EUR/AUD;0.000615942640631543;416
8;EUR/AUD;-7.03727347413014E-05;417
8;EUR/AUD;-0.000300565339899644;418
8;EUR/AUD;-0.000107601051015925;419
8;EUR/AUD;-0.000703138944773999;420
8;EUR/AUD;-0.00126839960699276;421
8;EUR/AUD;-0.000685703897673644;422
8;EUR/AUD;-0.000804646460721851;423
8;EUR/AUD;-0.000417156032166638;424
8;EUR/AUD;-0.000455803550694278;425
8;EUR/AUD;-0.000633756714455236;426
8;EUR/AUD;-0.000558870696726066;427
8;EUR/AUD;-0.000395211826868436;428
8;EUR/AUD;-0.000577440761714554;429
8;EUR/AUD;0.000278593080914533;430
8;EUR/AUD;-0.000197331867036813;431
8;EUR/AUD;-0.000759679510891952;432
8;EUR/AUD;-0.000905687124573015;433
8;EUR/AUD;-0.00245990801665166;434
8;EUR/AUD;-0.00269963451596403;435
8;EUR/AUD;-0.00176656771321198;436
8;EUR/AUD;-0.00124031622061924;437
8;EUR/AUD;-0.000618665893792032;438
8;EUR/AUD;0.000734300612556925;439
8;EUR/AUD;0.00091744243909032;440
8;EUR/AUD;0.000337760977795218;441
8;EUR/AUD;0.000382563360445657;442
8;EUR/AUD;9.36908986638603E-05;443
8;EUR/AUD;-0.000219727182547203;444
8;EUR/AUD;-0.000437886429420081;445
8;EUR/AUD;8.40012612537709E-05;446
8;EUR/AUD;0.000172124878119388;447
8;EUR/AUD;-0.000222412640291056;448
8;EUR/AUD;8.2600951085028E-05;449
8;EUR/AUD;0.00113122473526753;450
8;EUR/AUD;0.00106932716974013;451
8;EUR/AUD;0.00128971086932453;452
8;EUR/AUD;0.00148226810481537;453
8;EUR/AUD;0.001481013070916;454
8;EUR/AUD;0.000710371675826707;455
8;EUR/AUD;0.00105394587459561;456
8;EUR/AUD;0.00042482609910419;457
8;EUR/AUD;0.000199954193822971;458
8;EUR/AUD;-0.000190438474617327;459
8;EUR/AUD;-0.000401446173977756;460
8;EUR/AUD;-0.00108736298284034;461
8;EUR/AUD;-0.000709937427711537;462
8;EUR/AUD;-0.000496086798523454;463
8;EUR/AUD;-0.000452496755787676;464
8;EUR/AUD;-0.00091843331172943;465
8;EUR/AUD;-0.000648561008248705;466
8;EUR/AUD;0.000819468353871032;467
8;EUR/AUD;0.000278071342275455;468
8;EUR/AUD;0.000987210013307881;469
8;EUR/AUD;0.0020180571770473;470
8;EUR/AUD;0.00197122627782454;471
8;EUR/AUD;0.000249340319452;472
8;EUR/AUD;0.000613169746911237;473
8;EUR/AUD;0.000423975551575308;474
8;EUR/AUD;-0.000193693895796241;475
8;EUR/AUD;-0.00036830128029021;476
8;EUR/AUD;-0.000529526231147874;477
8;EUR/AUD;-0.000260575520588222;478
8;EUR/AUD;-0.00102267234083664;479
8;EUR/AUD;-0.00107842412028218;480
8;EUR/AUD;-0.000950186545393723;481
8;EUR/AUD;-0.000721688614855931;482
8;EUR/AUD;-0.000982980598624819;483
8;EUR/AUD;-0.000444275953993343;484
8;EUR/AUD;-0.00037750184461479;485
8;EUR/AUD;0.000377002939154237;486
8;EUR/AUD;0.000251983007079955;487
8;EUR/AUD;0.000227056680594813;488
8;EUR/AUD;-0.000369821300315371;489
8;EUR/AUD;-0.000157619260024531;490
8;EUR/AUD;-0.00119186125705908;491
8;EUR/AUD;-0.000970692895203367;492
8;EUR/AUD;-0.000510193690157701;493
8;EUR/AUD;-0.000152313885741142;494
8;EUR/AUD;-0.000799771760867646;495
8;EUR/AUD;-0.000380659271024886;496
8;EUR/AUD;7.68787247598188E-05;497
8;EUR/AUD;-0.000658481684464631;498
8;EUR/AUD;-0.00045903999662775;499
8;EUR/AUD;-0.000389858203886216;500
8;EUR/AUD;-0.000819753818159912;501
8;EUR/AUD;-0.00165028090033638;502
8;EUR/AUD;-0.00181466471126896;503
8;EUR/AUD;-0.000976156380913923;504
8;EUR/AUD;-0.000505984232998609;505
8;EUR/AUD;-0.000387180916753169;506
8;EUR/AUD;-0.000589875185053879;507
8;EUR/AUD;-0.000255938044196094;508
8;EUR/AUD;-0.00105170155280422;509
8;EUR/AUD;-0.00113467474373099;510
8;EUR/AUD;-0.000864353187382706;511
8;EUR/AUD;-0.000595872505204263;512
8;EUR/AUD;-0.000634894174309245;513
8;EUR/AUD;-0.000419397270331184;514
8;EUR/AUD;-0.000822562018348915;515
8;EUR/AUD;-0.000821199124135154;516
8;EUR/AUD;-0.000563534598315561;517
8;EUR/AUD;-0.00062837250743571;518
8;EUR/AUD;-0.000674862737589421;519
8;EUR/AUD;-7.3912457222214E-05;520
8;EUR/AUD;0.000618694708028319;521
8;EUR/AUD;0.00112265876592539;522
8;EUR/AUD;0.00155170379872923;523
8;EUR/AUD;0.000686209370124683;524
8;EUR/AUD;-7.53619694031972E-05;525
8;EUR/AUD;-0.000530598368996047;526
8;EUR/AUD;-0.00100471035427751;527
8;EUR/AUD;-0.00495802132802651;528
8;EUR/AUD;-0.00354865328303715;529
8;EUR/AUD;-0.00329953173649735;530
8;EUR/AUD;-0.00373965957616882;531
8;EUR/AUD;-0.00352713001228767;532
8;EUR/AUD;0.000329951884505898;533
8;EUR/AUD;0.00101521233196001;534
8;EUR/AUD;0.000918891879705765;535
8;EUR/AUD;0.0011459529817992;536
8;EUR/AUD;0.0027271289456185;537
8;EUR/AUD;0.00322155001395706;538
8;EUR/AUD;0.00343062073085822;539
8;EUR/AUD;0.00295012724171564;540
8;EUR/AUD;0.00302510212696511;541
8;EUR/AUD;0.00130369568265675;542
8;EUR/AUD;0.00191874141829379;543
8;EUR/AUD;0.000582283086277726;544
8;EUR/AUD;0.00232496000436155;545
8;EUR/AUD;0.00297583709860802;546
8;EUR/AUD;0.00374406857233652;547
8;EUR/AUD;0.00270713239820129;548
8;EUR/AUD;0.00197386843107369;549
8;EUR/AUD;0.000759709761714305;550
8;EUR/AUD;0.000546718982577504;551
8;EUR/AUD;-0.00144607532311116;552
8;EUR/AUD;-0.001622120988169;553
8;EUR/AUD;-0.000726201997495517;554
8;EUR/AUD;0.000439396599492585;555
8;EUR/AUD;-0.000246675315313031;556
8;EUR/AUD;0.00145024765429702;557
8;EUR/AUD;0.00148164859182536;558
8;EUR/AUD;0.00122741700945131;559
8;EUR/AUD;0.000581585856276649;560
8;EUR/AUD;0.000331617267121499;561
8;EUR/AUD;-0.000242139203938102;562
8;EUR/AUD;0.000815032698256791;563
8;EUR/AUD;0.000982073617353527;564
8;EUR/AUD;0.00110424415875945;565
8;EUR/AUD;0.00144266741036241;566
8;EUR/AUD;0.00223487672243133;567
8;EUR/AUD;0.00110683415749796;568
8;EUR/AUD;0.00028069597840399;569
8;EUR/AUD;-0.00080853501044572;570
8;EUR/AUD;-0.000661780070646993;571
8;EUR/AUD;-0.00115170622550185;572
8;EUR/AUD;-0.000284069410324122;573
8;EUR/AUD;0.000196115005390491;574
8;EUR/AUD;0.00149818611000502;575
8;EUR/AUD;0.000795807496014956;576
8;EUR/AUD;0.000949188513730868;577
8;EUR/AUD;0.000620018821547487;578
8;EUR/AUD;0.000704150872575178;579
8;EUR/AUD;0.000521175620916839;580
8;EUR/AUD;0.00030640559179264;581
8;EUR/AUD;-0.000771996442559831;582
8;EUR/AUD;-0.00119352266418251;583
8;EUR/AUD;-0.000688966887531018;584
8;EUR/AUD;-0.00160914781861914;585
8;EUR/AUD;-0.000913701208692596;586
8;EUR/AUD;-0.00115317285017911;587
8;EUR/AUD;-0.000598748896612214;588
8;EUR/AUD;-0.00116144586156435;589
8;EUR/AUD;-0.000805980039592974;590
8;EUR/AUD;-9.42337291030052E-05;591
8;EUR/AUD;0.00101752425786981;592
8;EUR/AUD;-0.000643710997213713;593
8;EUR/AUD;-0.000129158150305568;594
8;EUR/AUD;0.000377730673738311;595
8;EUR/AUD;-0.000779127072515896;596
8;EUR/AUD;-0.00152614140761326;597
8;EUR/AUD;0.000196252429756287;598
8;EUR/AUD;-4.72399374183102E-05;599
8;EUR/AUD;0.0010944375094522;600
8;EUR/AUD;0.000594688539529171;601
8;EUR/AUD;0.000600448348919041;602
8;EUR/AUD;0.00101022230093196;603
8;EUR/AUD;0.00116246772500305;604
8;EUR/AUD;0.00030333327658027;605
8;EUR/AUD;0.0010613114151089;606
8;EUR/AUD;0.00259275431123447;607
8;EUR/AUD;0.000988617743860529;608
8;EUR/AUD;4.42037796030593E-05;609
8;EUR/AUD;0.00021205989235573;610
8;EUR/AUD;0.000135199458832335;611
8;EUR/AUD;-0.000798014280995402;612
8;EUR/AUD;-8.12798137618202E-05;613
8;EUR/AUD;0.000118749269935725;614
8;EUR/AUD;1.37627778790317E-06;615
8;EUR/AUD;0.00108517642421081;616
8;EUR/AUD;0.0012862576026936;617
8;EUR/AUD;0.0013540194945684;618
8;EUR/AUD;0.00150447994443833;619
8;EUR/AUD;0.000541517816753272;620
8;EUR/AUD;-0.000301992521293598;621
8;EUR/AUD;-0.000570649019844512;622
8;EUR/AUD;-0.000560545013494421;623
8;EUR/AUD;-0.00065595876038859;624
8;EUR/AUD;6.58716332513042E-05;625
8;EUR/AUD;2.74727162019963E-05;626
8;EUR/AUD;-0.00129132733400821;627
8;EUR/AUD;-0.00101544014054362;628
8;EUR/AUD;-0.000935505020924773;629
8;EUR/AUD;-0.00249210214626197;630
8;EUR/AUD;-0.00195167937063065;631
8;EUR/AUD;-0.00114530855619465;632
8;EUR/AUD;-0.000995666766271678;633
8;EUR/AUD;-0.000468706467735737;634
8;EUR/AUD;0.000330381262835012;635
8;EUR/AUD;-0.00049299589251586;636
8;EUR/AUD;0.000180689830418973;637
8;EUR/AUD;4.71292730411586E-05;638
8;EUR/AUD;-3.04555176987758E-05;639
8;EUR/AUD;6.65654323537315E-05;640
8;EUR/AUD;0.000220956876826705;641
8;EUR/AUD;0.000149987508071086;642
8;EUR/AUD;-0.000759578077092951;643
8;EUR/AUD;-0.00127637106173824;644
8;EUR/AUD;-0.00126715193940155;645
8;EUR/AUD;6.1102200848798E-05;646
8;EUR/AUD;-0.000663295179587578;647
8;EUR/AUD;-0.00101541469249497;648
8;EUR/AUD;-0.000995906001303719;649
8;EUR/AUD;-0.000959516208648627;650
8;EUR/AUD;-0.00212871171813525;651
8;EUR/AUD;-0.00103898513892755;652
8;EUR/AUD;-0.000148279751918813;653
8;EUR/AUD;0.000838399886316945;654
8;EUR/AUD;0.0015391459859575;655
8;EUR/AUD;0.00135383238873468;656
8;EUR/AUD;0.00167590177950086;657
8;EUR/AUD;0.000832298817367568;658
8;EUR/AUD;0.000768236091345588;659
8;EUR/AUD;0.00219868343665475;660
8;EUR/AUD;0.00270385705065558;661
8;EUR/AUD;0.00154903372428795;662
8;EUR/AUD;0.00170402751494973;663
8;EUR/AUD;0.000838622147818409;664
8;EUR/AUD;-0.00125619882620386;665
8;EUR/AUD;-0.00176659217158692;666
8;EUR/AUD;-0.00140330108170998;667
8;EUR/AUD;-0.00128500135352015;668
8;EUR/AUD;-0.000820565150198686;669
8;EUR/AUD;-0.000500532336550805;670
8;EUR/AUD;3.32935660952432E-05;671
8;EUR/AUD;-0.000895503129968489;672
8;EUR/AUD;-0.000695144099260494;673
8;EUR/AUD;-0.000857420564794228;674
8;EUR/AUD;-0.00169667992088653;675
8;EUR/AUD;-0.00206774590475759;676
8;EUR/AUD;-0.000721818311664085;677
8;EUR/AUD;-0.000788613678718418;678
8;EUR/AUD;-0.000154894355145103;679
8;EUR/AUD;0.000472667996086369;680
8;EUR/AUD;0.000355672650938492;681
8;EUR/AUD;0.000104874205796103;682
8;EUR/AUD;0.000173650022112187;683
8;EUR/AUD;-0.000426229325875995;684
8;EUR/AUD;-0.000304728948089552;685
8;EUR/AUD;0.000278215689950917;686
8;EUR/AUD;0.00064481517435054;687
8;EUR/AUD;0.00141159990109309;688
8;EUR/AUD;0.00242779476633686;689
8;EUR/AUD;0.00329923268295073;690
8;EUR/AUD;0.00358201997633448;691
8;EUR/AUD;0.00361930222628801;692
8;EUR/AUD;0.00213327613651692;693
8;EUR/AUD;0.00106413290773878;694
8;EUR/AUD;-0.00013351824499575;695
8;EUR/AUD;-0.00387562571662536;696
8;EUR/AUD;-0.00502044200851283;697
8;EUR/AUD;-0.00340214782384098;698
8;EUR/AUD;-0.00156784528315508;699
8;EUR/AUD;-0.000964801854429772;700
8;EUR/AUD;0.00261187238944227;701
8;EUR/AUD;0.0051175795318422;702
8;EUR/AUD;0.00392130044122924;703
8;EUR/AUD;0.00205528704003798;704
8;EUR/AUD;0.00295554967554376;705
8;EUR/AUD;0.00238315412830363;706
8;EUR/AUD;-0.00121005452160399;707
8;EUR/AUD;0.000237152823414235;708
8;EUR/AUD;0.000382256042873025;709
8;EUR/AUD;-0.000323363045381055;710
8;EUR/AUD;-0.000767030954813029;711
8;EUR/AUD;0.00272936826113013;712
8;EUR/AUD;0.00155167015668366;713
8;EUR/AUD;0.00107298152351464;714
8;EUR/AUD;0.000806749434742237;715
8;EUR/AUD;0.000545837305920084;716
8;EUR/AUD;-0.00096748374635397;717
8;EUR/AUD;-0.000921089219919305;718
8;EUR/AUD;0.000359103154972414;719
8;EUR/AUD;-0.00113200386763723;720
8;EUR/AUD;0.000327607108612893;721
8;EUR/AUD;0.000344802999191709;722
8;EUR/AUD;0.00219218232555161;723
8;EUR/AUD;0.000697318610107148;724
8;EUR/AUD;0.00219812327164117;725
8;EUR/AUD;0.00129966810209134;726
8;EUR/AUD;0.00148686457237465;727
8;EUR/AUD;0.000422358142465236;728
8;EUR/AUD;0.00023956556233701;729
8;EUR/AUD;0.00070895004571677;730
8;EUR/AUD;0.00251807699866829;731
8;EUR/AUD;0.00103937655777988;732
8;EUR/AUD;0.00122691939146546;733
8;EUR/AUD;0.00136557949012378;734
8;EUR/AUD;0.00148401012592727;735
8;EUR/AUD;0.000401034803817949;736
8;EUR/AUD;0.00143623339608912;737
8;EUR/AUD;0.000960945952843412;738
8;EUR/AUD;0.00190133802604225;739
8;EUR/AUD;0.000585198122145754;740
8;EUR/AUD;0.00178683011230269;741
8;EUR/AUD;0.00264305545667515;742
8;EUR/AUD;0.00146657050785405;743
8;EUR/AUD;0.00132766591744835;744
8;EUR/AUD;0.00204669864159825;745
8;EUR/AUD;0.000187858035481533;746
8;EUR/AUD;0.000586719006334912;747
8;EUR/AUD;0.00135075041857361;748
8;EUR/AUD;0.00197446397019186;749
8;EUR/AUD;0.00039576805083666;750
8;EUR/AUD;0.000748355186566296;751
8;EUR/AUD;-0.00187669644971595;752
8;EUR/AUD;-0.00215045176221541;753
8;EUR/AUD;-0.00312122949687934;754
8;EUR/AUD;-0.00165821201008223;755
8;EUR/AUD;-0.00177180253235567;756
8;EUR/AUD;-0.00106626502287381;757
8;EUR/AUD;-0.000277924652687317;758
8;EUR/AUD;0.00013158201256807;759
8;EUR/AUD;3.98628718532827E-05;760
8;EUR/AUD;0.000249716113227177;761
8;EUR/AUD;0.000383552639610591;762
8;EUR/AUD;-0.000209030258513743;763
8;EUR/AUD;-0.000528180447004285;764
8;EUR/AUD;-0.000248608258018885;765
8;EUR/AUD;-0.000618217965200127;766
8;EUR/AUD;0.000212767392190118;767
8;EUR/AUD;0.000545416184345855;768
8;EUR/AUD;0.000171778416416458;769
8;EUR/AUD;-0.000448808416046486;770
8;EUR/AUD;-0.000307826651788727;771
8;EUR/AUD;-0.00102602594207953;772
8;EUR/AUD;-0.00142386362821543;773
8;EUR/AUD;-0.00116405128967702;774
8;EUR/AUD;-0.00106008850527198;775
8;EUR/AUD;-0.0020832404557497;776
8;EUR/AUD;-0.00148570962455948;777
8;EUR/AUD;-0.00135592829528898;778
8;EUR/AUD;-0.0020400101512878;779
8;EUR/AUD;-0.00196114336224822;780
8;EUR/AUD;-0.000412782922965384;781
8;EUR/AUD;-0.000732154569936257;782
8;EUR/AUD;-0.000531448847180789;783
8;EUR/AUD;0.000918964848143471;784
8;EUR/AUD;-0.00047837997079333;785
8;EUR/AUD;-0.000935280037726857;786
8;EUR/AUD;-0.00149417332813627;787
8;EUR/AUD;-0.00160695717187132;788
8;EUR/AUD;-0.00215357854384865;789
8;EUR/AUD;-0.000190043113359281;790
8;EUR/AUD;-0.000860631573138654;791
8;EUR/AUD;-0.000557405225490374;792
8;EUR/AUD;-0.00145258409580173;793
8;EUR/AUD;-0.00209723968221554;794
8;EUR/AUD;-0.00261918757588919;795
8;EUR/AUD;-0.00219753825782267;796
8;EUR/AUD;-0.00279811337913391;797
8;EUR/AUD;-0.00203460273796938;798
8;EUR/AUD;-0.00180559132318;799
8;EUR/AUD;-0.000727849995164278;800
8;EUR/AUD;-3.7198408841967E-05;801
8;EUR/AUD;0.00046861899854527;802
8;EUR/AUD;0.000177264461080603;803
8;EUR/AUD;1.52644743717946E-05;804
8;EUR/AUD;0.00106193842753394;805
8;EUR/AUD;-0.000946059224963692;806
8;EUR/AUD;-0.000140884956688657;807
8;EUR/AUD;-0.00192925081114505;808
8;EUR/AUD;-0.00464234490161606;809
8;EUR/AUD;-0.00566918823081487;810
8;EUR/AUD;-0.00436375858260942;811
8;EUR/AUD;-0.00648474724995794;812
8;EUR/AUD;-0.00359196091092823;813
8;EUR/AUD;-0.0002444258429255;814
8;EUR/AUD;-8.47936687521193E-06;815
8;EUR/AUD;0.0002700668154001;816
8;EUR/AUD;0.00189352712185964;817
8;EUR/AUD;0.00138123271161391;818
8;EUR/AUD;0.00108342934090765;819
8;EUR/AUD;-0.000993155515639922;820
8;EUR/AUD;0.00089806686191622;821
8;EUR/AUD;0.00266833531110572;822
8;EUR/AUD;0.0021184598645891;823
8;EUR/AUD;-0.000861728188382703;824
8;EUR/AUD;0.00100587443114467;825
8;EUR/AUD;-0.000149163425289464;826
8;EUR/AUD;-0.00258493866343194;827
8;EUR/AUD;-0.0022273072512278;828
8;EUR/AUD;0.00202510836408337;829
8;EUR/AUD;0.000719420161958404;830
8;EUR/AUD;-9.57483526337777E-05;831
8;EUR/AUD;0.000680008837762566;832
8;EUR/AUD;0.00269938439939207;833
8;EUR/AUD;0.00178335144829519;834
8;EUR/AUD;-0.000242338881358554;835
8;EUR/AUD;0.00062435453265859;836
8;EUR/AUD;0.00136151386571078;837
8;EUR/AUD;5.57934530001649E-05;838
8;EUR/AUD;0.00283800653125777;839
8;EUR/AUD;0.00524280792881067;840
8;EUR/AUD;0.00455568312297652;841
8;EUR/AUD;0.00258509269430564;842
8;EUR/AUD;0.00265168781172153;843
8;EUR/AUD;-0.000390582146360071;844
8;EUR/AUD;-0.000803633942144741;845
8;EUR/AUD;-0.000456153806092707;846
8;EUR/AUD;0.00486057117536606;847
8;EUR/AUD;0.00483779425058656;848
8;EUR/AUD;0.00314009926302408;849
8;EUR/AUD;0.00213952721986996;850
8;EUR/AUD;0.00278249916340108;851
8;EUR/AUD;-0.00344877146788627;852
8;EUR/AUD;-0.00373979533577045;853
8;EUR/AUD;-0.0016246755645851;854
8;EUR/AUD;0.000626541326083909;855
8;EUR/AUD;-0.00163448565590311;856
8;EUR/AUD;-0.000784479056535563;857
8;EUR/AUD;-0.000500214393513985;858
8;EUR/AUD;-0.000650019901709518;859
8;EUR/AUD;-0.00292055983591344;860
8;EUR/AUD;-0.00133930297122877;861
8;EUR/AUD;-0.000242422602528221;862
8;EUR/AUD;-0.000269125451677506;863
8;EUR/AUD;-0.000682395359380454;864
8;EUR/AUD;0.000996574623211851;865
8;EUR/AUD;0.00178193214955961;866
8;EUR/AUD;0.00187659559054937;867
8;EUR/AUD;0.00311793775686181;868
8;EUR/AUD;0.00275913544438161;869
8;EUR/AUD;0.00190222538675874;870
8;EUR/AUD;0.000870102373523794;871
8;EUR/AUD;0.00024015995353472;872
8;EUR/AUD;-0.0014499900591863;873
8;EUR/AUD;-0.000932751262353035;874
8;EUR/AUD;-0.000507948021143387;875
8;EUR/AUD;-0.00152072281307403;876
8;EUR/AUD;-0.00149888285863016;877
8;EUR/AUD;-0.000912295701101777;878
8;EUR/AUD;-0.00102888406043734;879
8;EUR/AUD;-0.00128583498669786;880
8;EUR/AUD;-0.000426236297518046;881
8;EUR/AUD;0.000592682457085675;882
8;EUR/AUD;0.000544054358145067;883
8;EUR/AUD;0.000240957286614272;884
8;EUR/AUD;5.76289795425101E-05;885
8;EUR/AUD;-0.000954439119672158;886
8;EUR/AUD;-0.00114578852571935;887
8;EUR/AUD;-0.00197410863432541;888
8;EUR/AUD;-0.00105908908128063;889
8;EUR/AUD;-0.000413375092656211;890
8;EUR/AUD;0.000333333410493821;891
8;EUR/AUD;0.000866129554372179;892
8;EUR/AUD;-5.23957259115479E-05;893
8;EUR/AUD;-0.000860168948303827;894
8;EUR/AUD;-0.00164407746417064;895
8;EUR/AUD;-0.00190137188973399;896
8;EUR/AUD;-0.0022597863384435;897
8;EUR/AUD;-0.000942706839019572;898
8;EUR/AUD;-0.00204110323958672;899
8;EUR/AUD;-0.00102278556152952;900
8;EUR/AUD;-0.000633182756623673;901
8;EUR/AUD;-0.00123444725394052;902
8;EUR/AUD;-0.00138058628535843;903
8;EUR/AUD;0.000862025280381377;904
8;EUR/AUD;0.000382767244791354;905
8;EUR/AUD;0.000858140600749457;906
8;EUR/AUD;-0.00011869643735431;907
8;EUR/AUD;-0.000763194317360446;908
8;EUR/AUD;-0.00126017158739612;909
8;EUR/AUD;-0.00136180238708722;910
8;EUR/AUD;-0.00360178335612604;911
8;EUR/AUD;-0.00218255994890632;912
8;EUR/AUD;-0.00179360782883033;913
8;EUR/AUD;-0.00164849213896817;914
8;EUR/AUD;-0.00160528268840583;915
8;EUR/AUD;-0.000271493254360047;916
8;EUR/AUD;-0.00162920118356092;917
8;EUR/AUD;-0.00154336858262475;918
8;EUR/AUD;-0.00146040795791075;919
8;EUR/AUD;-0.00160119881780394;920
8;EUR/AUD;-0.00052281314417399;921
8;EUR/AUD;0.00111734117070483;922
8;EUR/AUD;-0.000336352508211021;923
8;EUR/AUD;-0.000989554762242347;924
8;EUR/AUD;-0.000193577787829017;925
8;EUR/AUD;-0.00212796793142095;926
8;EUR/AUD;-0.00364180232117712;927
8;EUR/AUD;-0.00256395363149599;928
8;EUR/AUD;-0.00338997266054116;929
8;EUR/AUD;-0.00369372164155191;930
8;EUR/AUD;-0.00208419297471259;931
8;EUR/AUD;-0.00115678303906839;932
8;EUR/AUD;-0.00110254581275314;933
8;EUR/AUD;-8.56714512992541E-05;934
8;EUR/AUD;0.000385487811994522;935
8;EUR/AUD;0.000416844724319134;936
8;EUR/AUD;0.000946168631468515;937
8;EUR/AUD;0.00232114833824435;938
8;EUR/AUD;0.00191375188227371;939
8;EUR/AUD;0.0021070032815772;940
8;EUR/AUD;0.00107428294126922;941
8;EUR/AUD;0.00128762138511459;942
8;EUR/AUD;0.000153598261984301;943
8;EUR/AUD;0.000558810055798668;944
8;EUR/AUD;-0.000458969099108693;945
8;EUR/AUD;-0.000156817053615358;946
8;EUR/AUD;-0.000539935420841134;947
8;EUR/AUD;-0.000418006005680347;948
8;EUR/AUD;-0.000986512972584286;949
8;EUR/AUD;-6.89362992341165E-05;950
8;EUR/AUD;5.18063883051385E-05;951
8;EUR/AUD;7.33214254133908E-05;952
8;EUR/AUD;-0.000708725109799612;953
8;EUR/AUD;-6.77675291881831E-05;954
8;EUR/AUD;-0.000260161236013539;955
8;EUR/AUD;0.00119930065642309;956
8;EUR/AUD;0.00124379757911417;957
8;EUR/AUD;0.00224144235608263;958
8;EUR/AUD;0.000935179495580242;959
8;EUR/AUD;-0.00010214468080619;960
8;EUR/AUD;-0.0013878828133936;961
8;EUR/AUD;0.000660304296694561;962
8;EUR/AUD;0.000759133107940188;963
8;EUR/AUD;0.00220119703568455;964
8;EUR/AUD;0.00360799243237318;965
8;EUR/AUD;0.00364777779364545;966
8;EUR/AUD;0.00124195349680214;967
8;EUR/AUD;0.000288369731366625;968
8;EUR/AUD;0.000192981724280068;969
8;EUR/AUD;-0.000688044849328552;970
8;EUR/AUD;-2.54573483687284E-05;971
8;EUR/AUD;0.000381679505152039;972
8;EUR/AUD;0.00236647402398288;973
8;EUR/AUD;0.00382799575621694;974
8;EUR/AUD;0.00331918142777453;975
8;EUR/AUD;0.00246697181530703;976
8;EUR/AUD;0.00296488634211018;977
8;EUR/AUD;0.00185710134549055;978
8;EUR/AUD;-3.33966478890547E-05;979
8;EUR/AUD;0.000505682226092912;980
8;EUR/AUD;0.00125618406144425;981
8;EUR/AUD;-0.00205603405155426;982
8;EUR/AUD;-0.00277947471302215;983
8;EUR/AUD;-0.00289600103468343;984
8;EUR/AUD;-0.0036363361740781;985
8;EUR/AUD;-0.00543194274931706;986
8;EUR/AUD;-0.00268916371807095;987
8;EUR/AUD;-0.00326079122185409;988
8;EUR/AUD;-0.00450503264163389;989
8;EUR/AUD;-0.00386106025616012;990
8;EUR/AUD;-0.00297781522278928;991
8;EUR/AUD;-0.00325953251799626;992
8;EUR/AUD;-0.00179142399103738;993
8;EUR/AUD;0.0015521516981432;994
8;EUR/AUD;0.00165425725186443;995
8;EUR/AUD;0.00178167192653243;996
8;EUR/AUD;0.00153366907826192;997
8;EUR/AUD;0.00197183379121753;998
8;EUR/AUD;0.000349332563131941;999
8;EUR/AUD;0.000267707952028034;1000
9;EUR/AUD;2.62512641892362E-05;1001
1;EUR/AUD;1.39261;1001
0;EUR/AUD;1.39261;1001
8;EUR/AUD;-0.000178029199927823;1001
9;EUR/AUD;-0.000573786301626524;1002
8;EUR/AUD;-9.48814359267856E-05;1002
9;EUR/AUD;-0.000179258384583098;1003
8;EUR/AUD;-0.00357827978678547;1003
9;EUR/AUD;-0.001576665182149;1004
8;EUR/AUD;-0.00291927605910912;1004
9;EUR/AUD;0.0001301448394368;1005
1;EUR/AUD;1.38189;1005
8;EUR/AUD;-0.00235287519764342;1005
9;EUR/AUD;0.000113255958362921;1006
8;EUR/AUD;-0.00158192507773586;1006
9;EUR/AUD;-0.000126016028556328;1007
0;EUR/AUD;1.38664;1007
8;EUR/AUD;-0.000620713742395701;1007
9;EUR/AUD;0.000584992695928657;1008
1;EUR/AUD;1.38506;1008
8;EUR/AUD;0.0017523739266507;1008
9;EUR/AUD;0.000165543559885383;1009
8;EUR/AUD;0.000147995537868446;1009
9;EUR/AUD;-0.000525550436588071;1010
8;EUR/AUD;0.00162909614186564;1010
9;EUR/AUD;0.0011699023838509;1011
8;EUR/AUD;0.00154744950144152;1011
9;EUR/AUD;0.00011704270508221;1012
8;EUR/AUD;-0.000333474162640674;1012
9;EUR/AUD;-0.000874730537745454;1013
8;EUR/AUD;0.000726607732246266;1013
9;EUR/AUD;0.000576528935235371;1014
0;EUR/AUD;1.39247;1014
8;EUR/AUD;0.00191835185996989;1014
9;EUR/AUD;0.000537329091476258;1015
1;EUR/AUD;1.38191;1015
0;EUR/AUD;1.38191;1015
8;EUR/AUD;-0.00161027867489992;1015
9;EUR/AUD;-0.00110716852856601;1016
8;EUR/AUD;-0.00167779078296477;1016
9;EUR/AUD;-0.000396707739380647;1017
8;EUR/AUD;3.03388196614066E-05;1017
9;EUR/AUD;0.000451356706026351;1018
1;EUR/AUD;1.38187;1018
8;EUR/AUD;-0.00116905379982194;1018
9;EUR/AUD;-0.000468917578695565;1019
0;EUR/AUD;1.38815;1019
8;EUR/AUD;-0.000611469476622439;1019
9;EUR/AUD;0.000504971349908028;1020
1;EUR/AUD;1.39092;1020
8;EUR/AUD;0.00128695744958241;1020
9;EUR/AUD;0.000529676722200917;1021
8;EUR/AUD;0.00186589770186266;1021
9;EUR/AUD;0.000659902497848583;1022
8;EUR/AUD;0.000771369486519515;1022
9;EUR/AUD;-0.00021622575774727;1023
8;EUR/AUD;0.00085509103641964;1023
9;EUR/AUD;-5.85148390084501E-05;1024
8;EUR/AUD;0.00017139998096348;1024
9;EUR/AUD;0.000199658554232761;1025
8;EUR/AUD;-0.000674187076890293;1025
9;EUR/AUD;-0.000459989644940744;1026
8;EUR/AUD;-0.00156190007531446;1026
9;EUR/AUD;-0.000667225690748607;1027
0;EUR/AUD;1.37737;1027
8;EUR/AUD;-0.00139206338169888;1027
9;EUR/AUD;-0.000545607942879639;1028
8;EUR/AUD;-0.00261136299894826;1028
9;EUR/AUD;-0.00134162333251218;1029
8;EUR/AUD;-0.00252530619770017;1029
9;EUR/AUD;-0.000243485821854707;1030
8;EUR/AUD;-0.0014932954671991;1030
9;EUR/AUD;0.0001490611889788;1031
1;EUR/AUD;1.38574;1031
8;EUR/AUD;0.00042049152289824;1031
9;EUR/AUD;0.000905746170079615;1032
8;EUR/AUD;0.00140789214328637;1032
9;EUR/AUD;0.000731830964843761;1033
8;EUR/AUD;0.00591483691520499;1033
9;EUR/AUD;0.00192503834807988;1034
8;EUR/AUD;0.00677029839613991;1034
9;EUR/AUD;0.00171591571295941;1035
8;EUR/AUD;0.0062684457480594;1035
9;EUR/AUD;0.000976928922122953;1036
8;EUR/AUD;0.00592906732641985;1036
9;EUR/AUD;0.00154501008984205;1037
8;EUR/AUD;0.00607683298377643;1037
9;EUR/AUD;0.00141660273994904;1038
8;EUR/AUD;0.00261552102401153;1038
9;EUR/AUD;0.000142478709047756;1039
8;EUR/AUD;0.000907056544081186;1039
9;EUR/AUD;-0.000218090100677684;1040
8;EUR/AUD;0.000315357552614968;1040
9;EUR/AUD;-0.000325122809026935;1041
8;EUR/AUD;-0.00070750817788214;1041
9;EUR/AUD;-0.000104929989439461;1042
8;EUR/AUD;-0.0035374976081854;1042
9;EUR/AUD;-0.00159065666790179;1043
8;EUR/AUD;-0.0031052320199602;1043
9;EUR/AUD;-0.000557618730658375;1044
8;EUR/AUD;-0.00220090961968168;1044
9;EUR/AUD;-6.86894759722658E-05;1045
8;EUR/AUD;-0.00178606679395122;1045
9;EUR/AUD;-0.000311634306746369;1046
8;EUR/AUD;-0.000684618599577789;1046
9;EUR/AUD;0.000671159209162897;1047
0;EUR/AUD;1.4258;1047
8;EUR/AUD;0.00252012525327647;1047
9;EUR/AUD;0.00116567247731368;1048
1;EUR/AUD;1.42904;1048
8;EUR/AUD;0.00304645294488773;1048
9;EUR/AUD;0.000901764264430884;1049
8;EUR/AUD;0.00225983135240677;1049
9;EUR/AUD;0.000113072287990122;1050
8;EUR/AUD;0.00200680262582214;1050
9;EUR/AUD;0.000107935052694922;1051
8;EUR/AUD;-0.000183526401855316;1051
9;EUR/AUD;-0.000702992935676323;1052
8;EUR/AUD;-0.000699905847634501;1052
9;EUR/AUD;0.000303970004743283;1053
8;EUR/AUD;-0.00227906251069451;1053
9;EUR/AUD;-0.00113283531093247;1054
8;EUR/AUD;-0.00170874388167505;1054
9;EUR/AUD;-0.000211632641233169;1055
8;EUR/AUD;-0.00177983454012532;1055
9;EUR/AUD;-0.000631632878944429;1056
8;EUR/AUD;-0.000679098584045096;1056
9;EUR/AUD;-6.12833016501264E-05;1057
8;EUR/AUD;-0.000846526278616944;1057
9;EUR/AUD;0.000178848607984432;1058
8;EUR/AUD;-0.000838462630076874;1058
9;EUR/AUD;-0.000841811861454355;1059
0;EUR/AUD;1.40169;1059
8;EUR/AUD;-0.00137416607488889;1059
9;EUR/AUD;-0.000540634434440935;1060
8;EUR/AUD;-0.000438563985704512;1060
9;EUR/AUD;0.0002877233084255;1061
1;EUR/AUD;1.40117;1061
0;EUR/AUD;1.40066;1061
8;EUR/AUD;-0.00145506909034977;1061
9;EUR/AUD;-0.000877038117189877;1062
8;EUR/AUD;-0.00222503334537174;1062
9;EUR/AUD;-0.000643460483766879;1063
8;EUR/AUD;0.000460100033218219;1063
9;EUR/AUD;0.000894001554584482;1064
1;EUR/AUD;1.40666;1064
8;EUR/AUD;0.000358647483106122;1064
9;EUR/AUD;-0.00032819008279294;1065
8;EUR/AUD;0.0003988631596552;1065
9;EUR/AUD;0.000404701582527033;1066
8;EUR/AUD;0.00213275527992728;1066
9;EUR/AUD;0.000888597952946545;1067
8;EUR/AUD;0.00285885433807574;1067
9;EUR/AUD;0.000815592228546307;1068
8;EUR/AUD;0.00178350077795184;1068
9;EUR/AUD;0.000715224890095236;1069
8;EUR/AUD;0.00254744517313949;1069
9;EUR/AUD;0.000718288195409647;1070
8;EUR/AUD;0.00120875333032496;1070
9;EUR/AUD;-0.000273546678889713;1071
8;EUR/AUD;6.77836859630583E-05;1071
9;EUR/AUD;-0.000222384207972497;1072
8;EUR/AUD;-0.00240473061565338;1072
9;EUR/AUD;-0.00135001564100568;1073
8;EUR/AUD;-0.00203188013477994;1073
9;EUR/AUD;0.000276912920187047;1074
8;EUR/AUD;-0.00257446364884082;1074
9;EUR/AUD;-0.000606336881708249;1075
8;EUR/AUD;-0.00174690908822955;1075
9;EUR/AUD;-0.000217243145385161;1076
8;EUR/AUD;-0.00139417817446847;1076
9;EUR/AUD;-0.00016450443658983;1077
0;EUR/AUD;1.40932;1077
8;EUR/AUD;0.000998863772307625;1077
9;EUR/AUD;0.000444379324295157;1078
1;EUR/AUD;1.41086;1078
8;EUR/AUD;0.000346227063790215;1078
9;EUR/AUD;0.000237273904975211;1079
8;EUR/AUD;0.00060207220629516;1079
9;EUR/AUD;0.000119564025570309;1080
8;EUR/AUD;-1.42189866188102E-05;1080
9;EUR/AUD;-0.000398679772651519;1081
8;EUR/AUD;0.000679884123556158;1081
9;EUR/AUD;0.000614192524542545;1082
0;EUR/AUD;1.40969;1082
8;EUR/AUD;6.24410185796295E-05;1082
9;EUR/AUD;-0.000182545723542187;1083
8;EUR/AUD;-0.000536623429379656;1083
9;EUR/AUD;-0.000382034211747709;1084
8;EUR/AUD;-0.00126588102353424;1084
9;EUR/AUD;-0.000767513829968474;1085
8;EUR/AUD;-0.000750774627343879;1085
9;EUR/AUD;-0.000202586482765893;1086
8;EUR/AUD;-0.00134068865534255;1086
9;EUR/AUD;-0.000195327072052657;1087
8;EUR/AUD;-0.00142680770884083;1087
9;EUR/AUD;-0.00054773966785809;1088
8;EUR/AUD;-0.000184886272561972;1088
9;EUR/AUD;0.000522496680877122;1089
1;EUR/AUD;1.40579;1089
8;EUR/AUD;0.000565658381949266;1089
9;EUR/AUD;0.000112555088113225;1090
8;EUR/AUD;0.00122088686822548;1090
9;EUR/AUD;0.00064882737484794;1091
8;EUR/AUD;0.00138885991858345;1091
9;EUR/AUD;0.000477864381877443;1092
8;EUR/AUD;0.0013075852063216;1092
9;EUR/AUD;-4.60427115101328E-05;1093
8;EUR/AUD;0.00249711611115433;1093
9;EUR/AUD;0.00134540938999109;1094
8;EUR/AUD;0.00343489877547559;1094
9;EUR/AUD;0.00116357760328799;1095
8;EUR/AUD;0.00307589002684259;1095
9;EUR/AUD;0.000659614682964677;1096
8;EUR/AUD;0.00285388594926091;1096
9;EUR/AUD;0.000487879624832723;1097
8;EUR/AUD;0.0037524394575877;1097
9;EUR/AUD;0.000952849753847813;1098
8;EUR/AUD;0.00147562882836416;1098
9;EUR/AUD;0.000139299421676821;1099
8;EUR/AUD;-0.0006471953535819;1099
9;EUR/AUD;-0.000830046527930752;1100
8;EUR/AUD;0.000291751783576435;1100
9;EUR/AUD;0.000771945448797269;1101
0;EUR/AUD;1.43454;1101
8;EUR/AUD;0.000305613082209811;1101
9;EUR/AUD;0.000116192084014152;1102
1;EUR/AUD;1.42469;1102
0;EUR/AUD;1.42469;1102
8;EUR/AUD;-0.00151893090705243;1102
9;EUR/AUD;-0.00107315160866507;1103
8;EUR/AUD;0.000331705081575248;1103
9;EUR/AUD;0.00091015270567903;1104
1;EUR/AUD;1.43664;1104
8;EUR/AUD;0.00155422005819116;1104
9;EUR/AUD;0.000296819486234861;1105
8;EUR/AUD;-0.000551755314865223;1105
9;EUR/AUD;-0.000739511536559346;1106
8;EUR/AUD;0.00161103032089197;1106
9;EUR/AUD;0.00114936906943906;1107
8;EUR/AUD;0.00341048646056846;1107
9;EUR/AUD;0.000789116943510125;1108
8;EUR/AUD;0.00325563047395333;1108
9;EUR/AUD;0.00128877719194758;1109
8;EUR/AUD;0.00444038932407758;1109
9;EUR/AUD;0.00140600481201423;1110
8;EUR/AUD;0.00388832454019432;1110
9;EUR/AUD;-0.00023124258322456;1111
8;EUR/AUD;0.00287164137774117;1111
9;EUR/AUD;0.00125356546982754;1112
8;EUR/AUD;0.00116016551081623;1112
9;EUR/AUD;-0.000555916124790131;1113
8;EUR/AUD;-0.000303016857571983;1113
9;EUR/AUD;-2.41843725645633E-05;1114
8;EUR/AUD;-0.00102388603222454;1114
9;EUR/AUD;0.00020242534528562;1115
0;EUR/AUD;1.4683;1115
8;EUR/AUD;0.001401221713682;1115
9;EUR/AUD;0.000883289685286787;1116
1;EUR/AUD;1.46744;1116
8;EUR/AUD;5.45334327402237E-05;1116
9;EUR/AUD;-5.76502515793757E-05;1117
8;EUR/AUD;0.00235052071990087;1117
9;EUR/AUD;0.00109405712601536;1118
8;EUR/AUD;0.00142197541774016;1118
9;EUR/AUD;-0.000322253276047865;1119
8;EUR/AUD;0.00105928691325421;1119
9;EUR/AUD;0.000305431502420752;1120
8;EUR/AUD;-0.00097913896313507;1120
9;EUR/AUD;-0.000876823755108275;1121
8;EUR/AUD;-0.00109624517547913;1121
9;EUR/AUD;-0.000388127730999176;1122
0;EUR/AUD;1.45129;1122
8;EUR/AUD;-0.00153842723375557;1122
9;EUR/AUD;0.000112211922029099;1123
1;EUR/AUD;1.45454;1123
0;EUR/AUD;1.45368;1123
8;EUR/AUD;-0.00185604748472219;1123
9;EUR/AUD;-0.00107976860712618;1124
8;EUR/AUD;-0.0019976632162551;1124
9;EUR/AUD;-0.000359278219466477;1125
8;EUR/AUD;-0.00130475253641584;1125
9;EUR/AUD;-0.000528716089081753;1126
8;EUR/AUD;-0.00057512521830894;1126
9;EUR/AUD;0.000250316317081568;1127
1;EUR/AUD;1.45688;1127
0;EUR/AUD;1.4457;1127
8;EUR/AUD;-0.000906801180856304;1127
9;EUR/AUD;2.25629460171968E-05;1128
1;EUR/AUD;1.45239;1128
8;EUR/AUD;-0.000311022790735557;1128
9;EUR/AUD;-0.000498692310532341;1129
0;EUR/AUD;1.44841;1129
8;EUR/AUD;-9.62606187684119E-06;1129
9;EUR/AUD;0.000220272346869726;1130
1;EUR/AUD;1.45073;1130
8;EUR/AUD;-0.000103370215829577;1130
9;EUR/AUD;-0.000365324759665909;1131
8;EUR/AUD;-0.000225559797247957;1131
9;EUR/AUD;0.000215960539165565;1132
0;EUR/AUD;1.4594;1132
8;EUR/AUD;0.000316888795138845;1132
9;EUR/AUD;0.000586733933612738;1133
1;EUR/AUD;1.44955;1133
8;EUR/AUD;-0.000383250160356229;1133
9;EUR/AUD;-0.000832190502386492;1134
8;EUR/AUD;-0.000419871783620255;1134
9;EUR/AUD;0.000143098262481181;1135
0;EUR/AUD;1.46281;1135
8;EUR/AUD;0.00163113778782099;1135
9;EUR/AUD;0.00115598738581724;1136
1;EUR/AUD;1.46667;1136
8;EUR/AUD;0.00179875930354991;1136
9;EUR/AUD;0.000710590741717303;1137
8;EUR/AUD;0.00170339249312159;1137
9;EUR/AUD;0.000794762182929422;1138
8;EUR/AUD;0.00209065202661829;1138
9;EUR/AUD;-0.00023474894218843;1139
8;EUR/AUD;0.000690599870391984;1139
9;EUR/AUD;-0.000592032478471624;1140
8;EUR/AUD;-0.000420241553869692;1140
9;EUR/AUD;0.000259138492950196;1141
8;EUR/AUD;-0.00119280024717935;1141
9;EUR/AUD;-0.000387367499812929;1142
8;EUR/AUD;-0.00143354145239889;1142
9;EUR/AUD;5.91489837795511E-05;1143
0;EUR/AUD;1.46319;1143
8;EUR/AUD;-0.000224078942942597;1143
9;EUR/AUD;0.000167969223005364;1144
1;EUR/AUD;1.45802;1144
8;EUR/AUD;0.000212752105547466;1144
9;EUR/AUD;-0.0004229519133495;1145
8;EUR/AUD;0.00133977085838543;1145
9;EUR/AUD;0.00106604336258983;1146
8;EUR/AUD;0.00137274341363958;1146
9;EUR/AUD;7.22845815529827E-05;1147
0;EUR/AUD;1.45174;1147
8;EUR/AUD;-0.000435777788785213;1147
9;EUR/AUD;-0.000909041647273401;1148
8;EUR/AUD;-0.00236396204930998;1148
9;EUR/AUD;-0.00133447126172021;1149
8;EUR/AUD;-0.00204212148099785;1149
9;EUR/AUD;-0.000638502021310777;1150
8;EUR/AUD;-0.00278655115026236;1150
9;EUR/AUD;7.48685867103202E-05;1151
1;EUR/AUD;1.45392;1151
8;EUR/AUD;-0.00192916754763678;1151
9;EUR/AUD;0.000150226868452896;1152
0;EUR/AUD;1.45419;1152
8;EUR/AUD;-0.000538495149857509;1152
9;EUR/AUD;-1.88007197128987E-05;1153
8;EUR/AUD;0.000511187683738915;1153
9;EUR/AUD;-0.000329068697667118;1154
8;EUR/AUD;0.000422266759381614;1154
9;EUR/AUD;-0.00024602699845059;1155
8;EUR/AUD;-2.89874077827642E-05;1155
9;EUR/AUD;0.000258170671264169;1156
1;EUR/AUD;1.45399;1156
8;EUR/AUD;1.23818138708668E-05;1156
9;EUR/AUD;0.000467112079560521;1157
0;EUR/AUD;1.43979;1157
8;EUR/AUD;0.000616676139842544;1157
9;EUR/AUD;0.000560405166017993;1158
1;EUR/AUD;1.44072;1158
0;EUR/AUD;1.44072;1158
8;EUR/AUD;-0.001266541015878;1158
9;EUR/AUD;-0.00111991163916458;1159
8;EUR/AUD;0.00021425339930031;1159
9;EUR/AUD;0.000867799352508749;1160
1;EUR/AUD;1.45655;1160
8;EUR/AUD;0.0010422821566614;1160
9;EUR/AUD;0.00108544707555953;1161
8;EUR/AUD;0.00113996378435176;1161
9;EUR/AUD;0.000901959993222277;1162
8;EUR/AUD;-0.000633183578516468;1162
9;EUR/AUD;-0.000663543161202497;1163
8;EUR/AUD;0.00100005748841905;1163
9;EUR/AUD;-0.000385861685841035;1164
8;EUR/AUD;-7.18529785260084E-05;1164
9;EUR/AUD;-5.57963242847764E-05;1165
8;EUR/AUD;-0.00218718738854793;1165
9;EUR/AUD;-0.00101343541431142;1166
8;EUR/AUD;-0.00218133467465827;1166
9;EUR/AUD;0.000111366936353707;1167
8;EUR/AUD;-0.00122257866560334;1167
9;EUR/AUD;-0.000366757515204522;1168
0;EUR/AUD;1.45246;1168
8;EUR/AUD;0.000651084450331713;1168
9;EUR/AUD;0.00075673109556076;1169
1;EUR/AUD;1.45378;1169
8;EUR/AUD;0.000888056838437782;1169
9;EUR/AUD;0.000305141406389639;1170
8;EUR/AUD;0.00152416991705809;1170
9;EUR/AUD;9.30896119242309E-05;1171
8;EUR/AUD;0.00310117771215583;1171
9;EUR/AUD;0.00144702448018381;1172
8;EUR/AUD;0.00431581786045026;1172
9;EUR/AUD;0.00131703031156976;1173
8;EUR/AUD;0.00224726850931909;1173
9;EUR/AUD;-0.000389208497832625;1174
8;EUR/AUD;0.00297722093368072;1174
9;EUR/AUD;0.00100688023853245;1175
8;EUR/AUD;0.00288630958293762;1175
9;EUR/AUD;0.000140795059122987;1176
8;EUR/AUD;0.00121089082303923;1176
9;EUR/AUD;0.000702186403237861;1177
8;EUR/AUD;0.000399197677805968;1177
9;EUR/AUD;0.000251662940273306;1178
8;EUR/AUD;0.000579280927685302;1178
9;EUR/AUD;-0.000465513930105968;1179
8;EUR/AUD;0.000153122244419233;1179
9;EUR/AUD;0.000379870219309623;1180
8;EUR/AUD;0.00291485886923301;1180
9;EUR/AUD;0.00143543526298254;1181
8;EUR/AUD;0.00127758032265205;1181
9;EUR/AUD;-0.00051023445963562;1182
8;EUR/AUD;0.00165189502432064;1182
9;EUR/AUD;0.000590382577176843;1183
8;EUR/AUD;0.000891473556520108;1183
9;EUR/AUD;-0.000808916645060945;1184
8;EUR/AUD;0.000788145062393456;1184
9;EUR/AUD;0.000336034734369837;1185
8;EUR/AUD;-0.00156674902968943;1185
9;EUR/AUD;-0.000209175239737999;1186
0;EUR/AUD;1.48998;1186
8;EUR/AUD;0.000343968213986911;1186
9;EUR/AUD;0.000748576066996794;1187
1;EUR/AUD;1.5017;1187
8;EUR/AUD;0.00132561437278021;1187
9;EUR/AUD;0.00112237512840413;1188
8;EUR/AUD;0.00272151403198926;1188
9;EUR/AUD;0.000305044340037331;1189
8;EUR/AUD;0.00170620841464754;1189
9;EUR/AUD;-0.000162883277036184;1190
8;EUR/AUD;0.000694861289187954;1190
9;EUR/AUD;-0.000554205115919225;1191
0;EUR/AUD;1.47747;1191
8;EUR/AUD;-0.000545787293595716;1191
9;EUR/AUD;-0.000365202853875009;1192
8;EUR/AUD;-0.00288155015766296;1192
9;EUR/AUD;-0.00108797540327686;1193
8;EUR/AUD;-0.00284321377544225;1193
9;EUR/AUD;-0.00072330286294911;1194
8;EUR/AUD;-0.00228992162067516;1194
9;EUR/AUD;-0.00051601860802512;1195
8;EUR/AUD;-0.00154246052329691;1195
9;EUR/AUD;-0.000483203895444867;1196
8;EUR/AUD;0.000321468872277785;1196
9;EUR/AUD;0.000858618803689778;1197
1;EUR/AUD;1.48416;1197
8;EUR/AUD;0.00049797764585702;1197
9;EUR/AUD;-0.000368161926819533;1198
0;EUR/AUD;1.46862;1198
8;EUR/AUD;-0.000102826374523527;1198
9;EUR/AUD;-0.00062653633187151;1199
8;EUR/AUD;-0.00152267589607022;1199
9;EUR/AUD;-0.00117031115632167;1200
8;EUR/AUD;-0.00115754901684173;1200
9;EUR/AUD;-0.00014395403673149;1201
8;EUR/AUD;-0.0023672595236157;1201
9;EUR/AUD;-0.000154609157301819;1202
8;EUR/AUD;-0.00163623065894505;1202
9;EUR/AUD;-0.000158346611903973;1203
8;EUR/AUD;-0.00109240576510211;1203
9;EUR/AUD;-0.000356146433687335;1204
8;EUR/AUD;0.000352835890041207;1204
9;EUR/AUD;3.89361168980887E-05;1205
1;EUR/AUD;1.47033;1205
8;EUR/AUD;0.000313144648273146;1205
9;EUR/AUD;0.000139223405460442;1206
8;EUR/AUD;-0.000212269466052464;1206
9;EUR/AUD;-0.000148180250797908;1207
8;EUR/AUD;-0.000244756463901327;1207
9;EUR/AUD;3.79806857303996E-05;1208
0;EUR/AUD;1.47103;1208
8;EUR/AUD;0.000144186305826009;1208
9;EUR/AUD;0.000121453053346252;1209
1;EUR/AUD;1.47325;1209
8;EUR/AUD;0.000498900842226197;1209
9;EUR/AUD;0.000323440861088948;1210
8;EUR/AUD;0.000773947482034268;1210
9;EUR/AUD;0.000429953475650827;1211
8;EUR/AUD;0.00111055582199385;1211
9;EUR/AUD;0.00037600312946755;1212
8;EUR/AUD;0.0015477897342914;1212
9;EUR/AUD;0.000712643590373517;1213
8;EUR/AUD;0.00189465841598496;1213
9;EUR/AUD;0.000726107905424807;1214
8;EUR/AUD;0.00205045492723829;1214
9;EUR/AUD;0.000749740249025761;1215
8;EUR/AUD;0.00234287950805462;1215
9;EUR/AUD;0.000935359000103222;1216
8;EUR/AUD;0.00296592400730957;1216
9;EUR/AUD;0.00113793007244997;1217
8;EUR/AUD;0.0035700180513179;1217
9;EUR/AUD;0.00140112459461693;1218
8;EUR/AUD;0.0031325603475058;1218
9;EUR/AUD;0.000636324872730897;1219
8;EUR/AUD;0.00449800545042432;1219
9;EUR/AUD;0.00169687493088451;1220
8;EUR/AUD;0.00374055970373538;1220
9;EUR/AUD;0.000574481101332623;1221
8;EUR/AUD;0.00326015077839442;1221
9;EUR/AUD;0.000785322307041851;1222
8;EUR/AUD;0.000909041350356606;1222
9;EUR/AUD;-0.000609946993638737;1223
8;EUR/AUD;0.000135206791999847;1223
9;EUR/AUD;-0.000538133731135768;1224
8;EUR/AUD;-0.00217590900839325;1224
9;EUR/AUD;-0.000760685076463854;1225
8;EUR/AUD;-0.00146717989615161;1225
9;EUR/AUD;0.000151226259620678;1226
8;EUR/AUD;-0.00200484420127354;1226
9;EUR/AUD;-0.000532867461863657;1227
8;EUR/AUD;-0.00132723629520417;1227
9;EUR/AUD;-0.000631602901908624;1228
8;EUR/AUD;-0.000788667591274954;1228
9;EUR/AUD;-0.00031442631828282;1229
8;EUR/AUD;-0.00076659551515855;1229
9;EUR/AUD;-0.000492067803525417;1230
8;EUR/AUD;-0.00143533655231757;1230
9;EUR/AUD;-0.000339495881418532;1231
8;EUR/AUD;-0.00095672345825522;1231
9;EUR/AUD;-3.13685388163541E-06;1232
0;EUR/AUD;1.50438;1232
8;EUR/AUD;-8.90622885779829E-05;1232
9;EUR/AUD;0.000237061018816803;1233
1;EUR/AUD;1.50332;1233
8;EUR/AUD;-3.19308166319239E-05;1233
9;EUR/AUD;-0.000109320744093635;1234
8;EUR/AUD;0.00059782418032177;1234
9;EUR/AUD;0.00024675289061062;1235
8;EUR/AUD;0.000898291764331561;1235
9;EUR/AUD;0.000370875745257578;1236
0;EUR/AUD;1.49564;1236
8;EUR/AUD;0.000486906324819282;1236
9;EUR/AUD;7.12871426428073E-06;1237
1;EUR/AUD;1.48571;1237
0;EUR/AUD;1.48571;1237
8;EUR/AUD;-0.00250190568611537;1237
9;EUR/AUD;-0.00136044378447687;1238
8;EUR/AUD;-0.00359264568781672;1238
9;EUR/AUD;-0.0012338187191926;1239
8;EUR/AUD;-0.00382940303881944;1239
9;EUR/AUD;-0.000587881049293315;1240
8;EUR/AUD;-0.00411580770312727;1240
9;EUR/AUD;-0.000624042596732118;1241
8;EUR/AUD;-0.00345107653023403;1241
9;EUR/AUD;-9.04023576998245E-05;1242
8;EUR/AUD;-0.000278882762879924;1242
9;EUR/AUD;0.000350408727706388;1243
1;EUR/AUD;1.48716;1243
8;EUR/AUD;0.00143082403102298;1243
9;EUR/AUD;0.000627806409390648;1244
8;EUR/AUD;0.00151609459362626;1244
9;EUR/AUD;0.000326412944609787;1245
8;EUR/AUD;0.00155673279652705;1245
9;EUR/AUD;0.000328390023324992;1246
8;EUR/AUD;0.000742140913633915;1246
9;EUR/AUD;-4.93557205511591E-05;1247
8;EUR/AUD;-0.000191536011941245;1247
9;EUR/AUD;-0.00031848468744579;1248
8;EUR/AUD;-0.000776234221707949;1248
9;EUR/AUD;-0.000244342684844905;1249
8;EUR/AUD;-9.0130994143349E-05;1249
9;EUR/AUD;0.000445892616527686;1250
0;EUR/AUD;1.48508;1250
8;EUR/AUD;-0.00029610094373371;1250
9;EUR/AUD;-0.00021495764288099;1251
8;EUR/AUD;0.000135985275745186;1251
9;EUR/AUD;0.000128528368017564;1252
1;EUR/AUD;1.50149;1252
8;EUR/AUD;0.00259170150868657;1252
9;EUR/AUD;0.00136062354204397;1253
8;EUR/AUD;0.00452970452310225;1253
9;EUR/AUD;0.00160669946331052;1254
8;EUR/AUD;0.00308562175482106;1254
9;EUR/AUD;-9.24086219565382E-05;1255
8;EUR/AUD;0.00499607000993285;1255
9;EUR/AUD;0.0015991709848602;1256
8;EUR/AUD;0.00430078285430623;1256
9;EUR/AUD;0.000196167326319438;1257
8;EUR/AUD;0.00130255559911462;1257
9;EUR/AUD;-0.000505494408639218;1258
8;EUR/AUD;-0.000254924333224285;1258
9;EUR/AUD;7.41497655305786E-05;1259
8;EUR/AUD;0.000562309144081685;1259
9;EUR/AUD;0.000100140696679267;1260
8;EUR/AUD;-0.00126380436936615;1260
9;EUR/AUD;-0.000333204203932116;1261
8;EUR/AUD;-0.00130309118046733;1261
9;EUR/AUD;-0.000663384794069859;1262
8;EUR/AUD;-0.000668143211506938;1262
9;EUR/AUD;-0.000351359485973923;1263
8;EUR/AUD;-0.00101233164545115;1263
9;EUR/AUD;-0.00026543655354736;1264
8;EUR/AUD;-0.00111026014474218;1264
9;EUR/AUD;-0.000251153527332051;1265
8;EUR/AUD;-0.00175537561945353;1265
9;EUR/AUD;-0.000875116635475053;1266
8;EUR/AUD;-0.000814437779099646;1266
9;EUR/AUD;8.60280233774014E-05;1267
0;EUR/AUD;1.50978;1267
8;EUR/AUD;0.000465549867183962;1267
9;EUR/AUD;0.000710791825798263;1268
1;EUR/AUD;1.50355;1268
8;EUR/AUD;-0.000291131509224997;1268
9;EUR/AUD;-0.000614316388933974;1269
8;EUR/AUD;-0.000351052249301198;1269
9;EUR/AUD;-0.000135515593299118;1270
0;EUR/AUD;1.50223;1270
8;EUR/AUD;0.000323817653500914;1270
9;EUR/AUD;-2.81862029779402E-06;1271
8;EUR/AUD;0.00129384153530383;1271
9;EUR/AUD;0.00098691421638831;1272
1;EUR/AUD;1.5119;1272
8;EUR/AUD;0.000263463657944135;1272
9;EUR/AUD;-1.5313480710103E-05;1273
8;EUR/AUD;0.00270613660687987;1273
9;EUR/AUD;0.00130460646704436;1274
8;EUR/AUD;0.00258515141339457;1274
9;EUR/AUD;0.000272768077932303;1275
8;EUR/AUD;0.00392642558804614;1275
9;EUR/AUD;0.00139679023065584;1276
8;EUR/AUD;0.0033890668897874;1276
9;EUR/AUD;0.00110211907569328;1277
8;EUR/AUD;0.00457535010619799;1277
9;EUR/AUD;0.00148922358809513;1278
8;EUR/AUD;0.00576953134473727;1278
9;EUR/AUD;0.00189883439158106;1279
8;EUR/AUD;0.00732663759719832;1279
9;EUR/AUD;0.00189808589030698;1280
8;EUR/AUD;0.00966450375110514;1280
9;EUR/AUD;0.0023018992985129;1281
8;EUR/AUD;0.00963624339266193;1281
9;EUR/AUD;0.0017294575150861;1282
8;EUR/AUD;0.00672758627833773;1282
9;EUR/AUD;-0.000164553252492828;1283
8;EUR/AUD;0.00251903988993034;1283
9;EUR/AUD;-0.000615565228926065;1284
8;EUR/AUD;0.00595818740487382;1284
9;EUR/AUD;0.00141011351252879;1285
8;EUR/AUD;0.00101255986371541;1285
9;EUR/AUD;-0.0010658789434355;1286
8;EUR/AUD;-0.000844527668057119;1286
9;EUR/AUD;-0.00131551257348124;1287
8;EUR/AUD;-0.000902296743853034;1287
9;EUR/AUD;-0.00156945079937145;1288
8;EUR/AUD;-0.000700066621892192;1288
9;EUR/AUD;-0.00134088009905728;1289
8;EUR/AUD;-0.00769966835353808;1289
9;EUR/AUD;-0.00224717399836957;1290
8;EUR/AUD;-0.00616775399529892;1290
9;EUR/AUD;-0.00084718745347792;1291
8;EUR/AUD;-0.00407236964119894;1291
9;EUR/AUD;5.58011897420401E-05;1292
8;EUR/AUD;-0.00318538146562287;1292
9;EUR/AUD;-0.0010908310954155;1293
8;EUR/AUD;-0.00157684403067331;1293
9;EUR/AUD;0.000115061545797382;1294
0;EUR/AUD;1.57302;1294
8;EUR/AUD;0.000941951986069651;1294
9;EUR/AUD;0.000416744130131912;1295
1;EUR/AUD;1.57665;1295
8;EUR/AUD;0.001230592993533;1295
9;EUR/AUD;0.000581465927057955;1296
8;EUR/AUD;0.000502359831787493;1296
9;EUR/AUD;0.000314753962184176;1297
8;EUR/AUD;0.00311503191557432;1297
9;EUR/AUD;0.00144416332653789;1298
8;EUR/AUD;0.00388344572609276;1298
9;EUR/AUD;0.00140284967057922;1299
8;EUR/AUD;0.00481696703230593;1299
9;EUR/AUD;0.00158202365493164;1300
8;EUR/AUD;0.00328539405734184;1300
9;EUR/AUD;-0.000112939819858038;1301
8;EUR/AUD;0.00310773742996329;1301
9;EUR/AUD;0.00058688308101847;1302
8;EUR/AUD;-5.27784063983718E-05;1302
9;EUR/AUD;-0.000842296591342705;1303
8;EUR/AUD;-0.000186202880849037;1303
9;EUR/AUD;0.000639495290555286;1304
8;EUR/AUD;-0.003821217514745;1304
9;EUR/AUD;-0.00158892062595662;1305
8;EUR/AUD;-0.00227427787503008;1305
9;EUR/AUD;8.92086907707891E-05;1306
8;EUR/AUD;-0.000797466167463098;1306
9;EUR/AUD;0.000844944272277125;1307
0;EUR/AUD;1.60759;1307
8;EUR/AUD;0.00200705084104556;1307
9;EUR/AUD;0.00123663929246086;1308
1;EUR/AUD;1.6085;1308
8;EUR/AUD;0.00105618131913287;1308
9;EUR/AUD;0.000365325412827515;1309
8;EUR/AUD;0.00350939006232326;1309
9;EUR/AUD;0.000665331849925409;1310
8;EUR/AUD;0.00351593059341011;1310
9;EUR/AUD;0.000959515833723375;1311
8;EUR/AUD;0.00117757950577189;1311
9;EUR/AUD;-0.000306873313861381;1312
8;EUR/AUD;-0.000673023630062646;1312
9;EUR/AUD;-0.000506172968509819;1313
8;EUR/AUD;-0.00200487895449571;1313
9;EUR/AUD;-0.00112829510719755;1314
8;EUR/AUD;-0.00198795255575226;1314
9;EUR/AUD;-0.000316950120921141;1315
8;EUR/AUD;-0.00319052628884839;1315
9;EUR/AUD;-0.00110534113676053;1316
8;EUR/AUD;-0.0020864095094632;1316
9;EUR/AUD;-0.000158376859440669;1317
0;EUR/AUD;1.61187;1317
8;EUR/AUD;0.00119492513777751;1317
9;EUR/AUD;0.00109045609866969;1318
1;EUR/AUD;1.58187;1318
8;EUR/AUD;-0.0013195960541845;1318
9;EUR/AUD;-0.00120616318797879;1319
8;EUR/AUD;-0.000460125794607031;1319
9;EUR/AUD;0.000690394734554167;1320
0;EUR/AUD;1.5952;1320
8;EUR/AUD;0.000995621080951286;1320
9;EUR/AUD;0.000875509011216626;1321
1;EUR/AUD;1.60038;1321
8;EUR/AUD;0.0013229593386958;1321
9;EUR/AUD;0.000890991098809285;1322
8;EUR/AUD;-0.00112252875430971;1322
9;EUR/AUD;0.000404376462779935;1323
8;EUR/AUD;0.00202809850211074;1323
9;EUR/AUD;-1.29116759300969E-05;1324
8;EUR/AUD;0.000969303171707968;1324
9;EUR/AUD;0.000109336129582443;1325
8;EUR/AUD;-0.00136521019180028;1325
9;EUR/AUD;-0.00109369747731317;1326
8;EUR/AUD;-0.00267626063667095;1326
9;EUR/AUD;-0.000930555032151844;1327
8;EUR/AUD;-0.00179515063616486;1327
9;EUR/AUD;0.000385598033052032;1328
0;EUR/AUD;1.57713;1328
8;EUR/AUD;-0.00124688448315274;1328
9;EUR/AUD;-0.000258557977779404;1329
8;EUR/AUD;-0.001904123066638;1329
9;EUR/AUD;-0.00087193037674988;1330
8;EUR/AUD;-0.00182385577367552;1330
9;EUR/AUD;-0.00119402689868744;1331
8;EUR/AUD;-0.000757646367327542;1331
9;EUR/AUD;0.000172235119587139;1332
1;EUR/AUD;1.56833;1332
8;EUR/AUD;-0.00255997817608834;1332
9;EUR/AUD;-0.000892713581616039;1333
8;EUR/AUD;-0.00131682517917891;1333
9;EUR/AUD;0.00048436905241331;1334
0;EUR/AUD;1.58266;1334
8;EUR/AUD;0.000102399759511587;1334
9;EUR/AUD;0.000488229876222017;1335
1;EUR/AUD;1.58631;1335
8;EUR/AUD;0.00207999187623814;1335
9;EUR/AUD;0.000726835391861293;1336
8;EUR/AUD;0.000708239408929679;1336
9;EUR/AUD;-0.000488715713782225;1337
8;EUR/AUD;0.000613829462971597;1337
9;EUR/AUD;-0.000371536167166658;1338
8;EUR/AUD;-0.000900979701359773;1338
9;EUR/AUD;-0.000405346212119534;1339
8;EUR/AUD;-0.000602509221158898;1339
9;EUR/AUD;0.000481932224901395;1340
8;EUR/AUD;-0.00170066144601305;1340
9;EUR/AUD;-0.00078572296611027;1341
0;EUR/AUD;1.56566;1341
8;EUR/AUD;-0.00112827392976585;1341
9;EUR/AUD;-0.000518719964087324;1342
8;EUR/AUD;-0.00108247243307173;1342
9;EUR/AUD;-0.000696190519643369;1343
8;EUR/AUD;0.000325786859856255;1343
9;EUR/AUD;0.000705785080505494;1344
1;EUR/AUD;1.57201;1344
8;EUR/AUD;-0.000753153047728589;1344
9;EUR/AUD;-0.000277715798021087;1345
8;EUR/AUD;0.0007856461690052;1345
9;EUR/AUD;0.000714068632036277;1346
8;EUR/AUD;0.00300976246813123;1346
9;EUR/AUD;0.00140514028870546;1347
8;EUR/AUD;0.00433521238282745;1347
9;EUR/AUD;0.00119724044303292;1348
8;EUR/AUD;0.00466398541486803;1348
9;EUR/AUD;0.00158665165435154;1349
8;EUR/AUD;0.00460383209648286;1349
9;EUR/AUD;0.000642982330518881;1350
8;EUR/AUD;0.00201781940032234;1350
9;EUR/AUD;-0.000561869526858337;1351
8;EUR/AUD;-0.00050897807761062;1351
9;EUR/AUD;-0.000545843281414153;1352
8;EUR/AUD;-0.000325535170188643;1352
9;EUR/AUD;0.000505416478438406;1353
8;EUR/AUD;-0.00179940817974915;1353
9;EUR/AUD;-0.000347855622422144;1354
8;EUR/AUD;-0.00198074005985327;1354
9;EUR/AUD;-0.000610676359993412;1355
0;EUR/AUD;1.60416;1355
8;EUR/AUD;0.00112668604846061;1355
9;EUR/AUD;0.000980957024123108;1356
1;EUR/AUD;1.61111;1356
8;EUR/AUD;0.00267859751677185;1356
9;EUR/AUD;0.00104317317416382;1357
8;EUR/AUD;0.00229123554441197;1357
9;EUR/AUD;0.000727724301426459;1358
8;EUR/AUD;0.00117108134386147;1358
9;EUR/AUD;-0.000518270407412837;1359
8;EUR/AUD;0.00168332002999301;1359
9;EUR/AUD;0.00041335347657802;1360
8;EUR/AUD;-0.000204607427378237;1360
9;EUR/AUD;-0.000346579283785399;1361
8;EUR/AUD;-0.00259556454771674;1361
9;EUR/AUD;-0.00130445972487789;1362
0;EUR/AUD;1.58297;1362
8;EUR/AUD;-0.00260349557367086;1362
9;EUR/AUD;-0.000138640037289627;1363
8;EUR/AUD;-0.00354670270022817;1363
9;EUR/AUD;-0.00153208485728233;1364
8;EUR/AUD;-0.00205918319572958;1364
9;EUR/AUD;0.000573842002745961;1365
1;EUR/AUD;1.59026;1365
8;EUR/AUD;-0.00153245932656334;1365
9;EUR/AUD;-0.000138447629372146;1366
8;EUR/AUD;-0.000394083835668167;1366
9;EUR/AUD;-0.000286922798654523;1367
0;EUR/AUD;1.60536;1367
8;EUR/AUD;0.00144932248148677;1367
9;EUR/AUD;0.00119999585700935;1368
1;EUR/AUD;1.59245;1368
8;EUR/AUD;0.00194018796282153;1368
9;EUR/AUD;-0.00065953602619045;1369
8;EUR/AUD;-0.000132159842692959;1369
9;EUR/AUD;-0.000445525453914386;1370
8;EUR/AUD;-0.00124916024948509;1370
9;EUR/AUD;-0.00100669831181034;1371
0;EUR/AUD;1.57352;1371
8;EUR/AUD;-0.000874031211621183;1371
9;EUR/AUD;-0.000268694247030761;1372
8;EUR/AUD;-0.00344090725124156;1372
9;EUR/AUD;-0.000825446451840481;1373
8;EUR/AUD;-0.00186409459534286;1373
9;EUR/AUD;-0.000414308466381601;1374
8;EUR/AUD;-0.00183278066578366;1374
9;EUR/AUD;-0.000663979318762627;1375
8;EUR/AUD;-0.00268995781974094;1375
9;EUR/AUD;-0.00141090993817417;1376
8;EUR/AUD;-0.00254009681663242;1376
9;EUR/AUD;-0.000321421928973434;1377
8;EUR/AUD;-0.00201289687430396;1377
9;EUR/AUD;-0.00013009465503976;1378
8;EUR/AUD;-0.000657895330079784;1378
9;EUR/AUD;0.000697621697247612;1379
1;EUR/AUD;1.56185;1379
8;EUR/AUD;-0.00156650437608641;1379
9;EUR/AUD;-0.000999109229678411;1380
0;EUR/AUD;1.55097;1380
8;EUR/AUD;-0.000800826318464071;1380
9;EUR/AUD;-0.000845983175996643;1381
8;EUR/AUD;-0.00101405952644539;1381
9;EUR/AUD;-0.000236229729175144;1382
8;EUR/AUD;-0.00145729029662925;1382
9;EUR/AUD;-0.000417751948113526;1383
8;EUR/AUD;-0.00227736063503467;1383
9;EUR/AUD;-7.49473197811255E-05;1384
8;EUR/AUD;-0.00190571382395142;1384
9;EUR/AUD;-0.000978997926670421;1385
8;EUR/AUD;-0.00163211313966493;1385
9;EUR/AUD;-0.000890669975082962;1386
8;EUR/AUD;-0.000818588498554759;1386
9;EUR/AUD;0.000342604174758116;1387
1;EUR/AUD;1.55927;1387
8;EUR/AUD;0.00108177553579466;1387
9;EUR/AUD;0.00104956251254159;1388
8;EUR/AUD;0.00107538179678286;1388
9;EUR/AUD;0.00048643348406969;1389
8;EUR/AUD;0.0037464952501029;1389
9;EUR/AUD;0.00149494093705203;1390
8;EUR/AUD;0.00413064167229712;1390
9;EUR/AUD;0.000343547688901809;1391
8;EUR/AUD;0.00386704595717744;1391
9;EUR/AUD;0.000961018651381817;1392
8;EUR/AUD;0.00103256909214876;1392
9;EUR/AUD;-0.000548987699715032;1393
8;EUR/AUD;-0.000719275346461365;1393
9;EUR/AUD;-0.000942522149966126;1394
8;EUR/AUD;-0.00198811202665238;1394
9;EUR/AUD;-3.94246938819489E-05;1395
8;EUR/AUD;-0.002658305883672;1395
9;EUR/AUD;-0.00117705950848421;1396
8;EUR/AUD;-0.00187805581692942;1396
9;EUR/AUD;0.000411014436540474;1397
0;EUR/AUD;1.56481;1397
8;EUR/AUD;-0.000314196373451231;1397
9;EUR/AUD;0.000270239863201446;1398
1;EUR/AUD;1.56466;1398
8;EUR/AUD;0.000939284706253136;1398
9;EUR/AUD;0.00016817517965863;1399
8;EUR/AUD;-0.000510731405839098;1399
9;EUR/AUD;-0.000743187679316862;1400
8;EUR/AUD;0.00111064262896088;1400
9;EUR/AUD;0.000539287957665946;1401
0;EUR/AUD;1.56095;1401
8;EUR/AUD;-7.94372776269892E-05;1401
9;EUR/AUD;4.99364120070297E-05;1402
1;EUR/AUD;1.5563;1402
0;EUR/AUD;1.5563;1402
8;EUR/AUD;-0.00110873199872574;1402
9;EUR/AUD;-0.000623593159142627;1403
8;EUR/AUD;0.000126523639537588;1403
9;EUR/AUD;0.000739457837406913;1404
1;EUR/AUD;1.56256;1404
8;EUR/AUD;0.000737447410711285;1404
9;EUR/AUD;-0.000157607634885826;1405
8;EUR/AUD;0.00192509738725775;1405
9;EUR/AUD;0.00116401070037473;1406
8;EUR/AUD;0.00117934136528426;1406
9;EUR/AUD;-0.000327290201581767;1407
8;EUR/AUD;0.00215795402408558;1407
9;EUR/AUD;0.000611319824953518;1408
0;EUR/AUD;1.55377;1408
8;EUR/AUD;0.000292359449851386;1408
9;EUR/AUD;-0.000463913142377865;1409
8;EUR/AUD;-0.00248997674006411;1409
9;EUR/AUD;-0.00136753858976018;1410
8;EUR/AUD;-0.00497090054108581;1410
9;EUR/AUD;-0.00123926795970908;1411
8;EUR/AUD;-0.00553221127180217;1411
9;EUR/AUD;-0.00152531078736203;1412
8;EUR/AUD;-0.00595988118377091;1412
9;EUR/AUD;-0.000899350236156159;1413
8;EUR/AUD;-0.00542990521107575;1413
9;EUR/AUD;-0.000853433192738671;1414
8;EUR/AUD;-0.00302079315123362;1414
9;EUR/AUD;-0.00109994544862307;1415
