8;EUR/USD;0.0402476363539149;5
8;EUR/USD;-0.00223101966838368;6
8;EUR/USD;-0.00199800399200489;7
8;EUR/USD;-0.00113371329348574;8
8;EUR/USD;-0.000338368660770715;9
8;EUR/USD;-0.000310845944599241;10
8;EUR/USD;8.51970193927253E-05;11
8;EUR/USD;0.000160282929992274;12
8;EUR/USD;0.000538287072935829;13
8;EUR/USD;-0.000360971198290308;14
8;EUR/USD;-0.000434821101437815;15
8;EUR/USD;-0.000689962765790346;16
8;EUR/USD;-7.93901669532054E-05;17
8;EUR/USD;-0.00047055385282543;18
8;EUR/USD;-0.000167500505680175;19
8;EUR/USD;0.000179331341345344;20
8;EUR/USD;0.00148143931428193;21
8;EUR/USD;0.00104132527253469;22
8;EUR/USD;0.00132500860637634;23
8;EUR/USD;0.000688206172240212;24
8;EUR/USD;0.000826956399418787;25
8;EUR/USD;-0.000181469623607487;26
8;EUR/USD;0.000213461235384234;27
8;EUR/USD;-0.000119960211917534;28
8;EUR/USD;-0.000146540550660966;29
8;EUR/USD;-0.00108571527521544;30
8;EUR/USD;-0.000887765356471696;31
8;EUR/USD;-0.00114159157808812;32
8;EUR/USD;-0.000990220861167819;33
8;EUR/USD;-0.000406478852979638;34
8;EUR/USD;4.41303022509722E-05;35
8;EUR/USD;-0.000620100729111738;36
8;EUR/USD;-0.00120432119854273;37
8;EUR/USD;-0.000779481063151086;38
8;EUR/USD;-0.000766777863795869;39
8;EUR/USD;-0.000761877613721092;40
8;EUR/USD;-0.000159386076912458;41
8;EUR/USD;0.000245284582989521;42
8;EUR/USD;0.000154959257158883;43
8;EUR/USD;-0.000275934365499034;44
8;EUR/USD;0.000255264871920948;45
8;EUR/USD;-3.98663739530783E-05;46
8;EUR/USD;0.000642812412948163;47
8;EUR/USD;0.00180489011888048;48
8;EUR/USD;0.00210924078257286;49
8;EUR/USD;0.00181724687142512;50
8;EUR/USD;0.00207573909338414;51
8;EUR/USD;0.00145927705865386;52
8;EUR/USD;0.000122768431907572;53
8;EUR/USD;-0.000222212498920338;54
8;EUR/USD;-0.000188588923045215;55
8;EUR/USD;-0.000310063976221155;56
8;EUR/USD;-0.000342230430854601;57
8;EUR/USD;-0.000504709054531314;58
8;EUR/USD;-0.000147791006838552;59
8;EUR/USD;-0.000449528879647912;60
8;EUR/USD;-9.66275539084025E-05;61
8;EUR/USD;-0.0005687527195001;62
8;EUR/USD;-0.0013329806519822;63
8;EUR/USD;-0.00155032131560498;64
8;EUR/USD;-0.0014240589770998;65
8;EUR/USD;-0.00255257392418168;66
8;EUR/USD;-0.00202422813977618;67
8;EUR/USD;-0.00122320017136356;68
8;EUR/USD;-0.000587996730084814;69
8;EUR/USD;-0.000354646702358577;70
8;EUR/USD;0.000590929884918204;71
8;EUR/USD;0.000330408381285904;72
8;EUR/USD;0.000523031061332642;73
8;EUR/USD;-0.000119879679914054;74
8;EUR/USD;0.000131588192858869;75
8;EUR/USD;0.00014191841765136;76
8;EUR/USD;0.000224898671347333;77
8;EUR/USD;0.0012376633130996;78
8;EUR/USD;0.00121323413087343;79
8;EUR/USD;0.000817158491197523;80
8;EUR/USD;0.00124338381748162;81
8;EUR/USD;0.00138229364618009;82
8;EUR/USD;0.000578582583472724;83
8;EUR/USD;0.000815012013014578;84
8;EUR/USD;0.000854877917324354;85
8;EUR/USD;0.000636373504247;86
8;EUR/USD;0.000825106048724286;87
8;EUR/USD;-3.81290375772919E-05;88
8;EUR/USD;-0.000228749090144734;89
8;EUR/USD;-0.000840158397762853;90
8;EUR/USD;-0.00108333720540652;91
8;EUR/USD;-0.000766371484479746;92
8;EUR/USD;0.000411702152245241;93
8;EUR/USD;0.000648906547463408;94
8;EUR/USD;0.00175268749192103;95
8;EUR/USD;0.0014475334600461;96
8;EUR/USD;0.00119297597801338;97
8;EUR/USD;0.000567081883273753;98
8;EUR/USD;0.000387168060481169;99
8;EUR/USD;-5.39923319575527E-05;100
8;EUR/USD;0.000420413561322738;101
8;EUR/USD;0.00066438951160522;102
8;EUR/USD;0.000827271986903774;103
8;EUR/USD;0.000830245386030498;104
8;EUR/USD;0.000718217322139918;105
8;EUR/USD;0.000205505674952482;106
8;EUR/USD;-0.000495168719447289;107
8;EUR/USD;-0.00070617172167101;108
8;EUR/USD;-0.000566232424186494;109
8;EUR/USD;-0.000573784015963076;110
8;EUR/USD;0.000222756894094519;111
8;EUR/USD;0.00031763152684684;112
8;EUR/USD;0.000375964612669589;113
8;EUR/USD;8.74412518027673E-05;114
8;EUR/USD;0.000303116473669694;115
8;EUR/USD;8.58334771004102E-05;116
8;EUR/USD;-5.96995370438172E-05;117
8;EUR/USD;0.000119344771655873;118
8;EUR/USD;0.00021698056948594;119
8;EUR/USD;-0.000992666539125086;120
8;EUR/USD;-0.00101489751674938;121
8;EUR/USD;-0.000863995272359538;122
8;EUR/USD;-0.000942139052169302;123
8;EUR/USD;-0.000514436935421529;124
8;EUR/USD;0.00071579946394441;125
8;EUR/USD;0.0018914871920415;126
8;EUR/USD;0.00145438228795669;127
8;EUR/USD;0.00127650706561932;128
8;EUR/USD;0.00098109339520516;129
8;EUR/USD;0.000291428414830345;130
8;EUR/USD;-0.000838776443457112;131
8;EUR/USD;-0.000472461196254102;132
8;EUR/USD;-0.000391120670473615;133
8;EUR/USD;-0.000588952127921729;134
8;EUR/USD;3.9310322361998E-05;135
8;EUR/USD;-0.000315814433721171;136
8;EUR/USD;-0.000110644433840213;137
8;EUR/USD;0.00142701332678159;138
8;EUR/USD;0.00188867302230695;139
8;EUR/USD;0.00192977853240806;140
8;EUR/USD;0.00190187705562718;141
8;EUR/USD;0.00207455411187084;142
8;EUR/USD;0.000783129838271278;143
8;EUR/USD;0.000227810163623757;144
8;EUR/USD;6.48711772237546E-05;145
8;EUR/USD;-0.0001934194248572;146
8;EUR/USD;-0.00015427037728512;147
8;EUR/USD;-0.000552054518125722;148
8;EUR/USD;-0.000434216723443551;149
8;EUR/USD;0.000401732335204891;150
8;EUR/USD;0.0007653649684131;151
8;EUR/USD;0.00128817513591279;152
8;EUR/USD;0.00100782717420445;153
8;EUR/USD;0.000230930241432144;154
8;EUR/USD;-0.000558901000402339;155
8;EUR/USD;0.00031480789206862;156
8;EUR/USD;-0.000674682139906904;157
8;EUR/USD;-0.000634338953473933;158
8;EUR/USD;0.000886600280339013;159
8;EUR/USD;0.000867930099835073;160
8;EUR/USD;-0.00011206655322201;161
8;EUR/USD;5.4633417300544E-05;162
8;EUR/USD;0.000675982435163007;163
8;EUR/USD;-5.31427856409967E-05;164
8;EUR/USD;-0.000235681311448697;165
8;EUR/USD;-0.00141773475815524;166
8;EUR/USD;-0.00106371729354055;167
8;EUR/USD;-0.00211318363147673;168
8;EUR/USD;-0.0020836605267371;169
8;EUR/USD;-0.00202184690948759;170
8;EUR/USD;-0.000542052884814918;171
8;EUR/USD;-0.0006093527993233;172
8;EUR/USD;0.000226241086878224;173
8;EUR/USD;6.67590657026758E-05;174
8;EUR/USD;0.000973731510604884;175
8;EUR/USD;0.000789401334071744;176
8;EUR/USD;-0.00029303396892175;177
8;EUR/USD;0.00031138780219066;178
8;EUR/USD;0.000475376321663596;179
8;EUR/USD;-0.000729853825676398;180
8;EUR/USD;-0.000718300024841172;181
8;EUR/USD;-5.08168816413621E-05;182
8;EUR/USD;-0.00116984861391499;183
8;EUR/USD;-0.00109593292207714;184
8;EUR/USD;-0.000565146547689792;185
8;EUR/USD;-0.000486605875227629;186
8;EUR/USD;-0.000292084349476639;187
8;EUR/USD;0.000280748757820969;188
8;EUR/USD;0.000518957869664164;189
8;EUR/USD;0.000392430578509315;190
8;EUR/USD;0.000621483783205668;191
8;EUR/USD;0.000734483784310826;192
8;EUR/USD;0.000503776775423466;193
8;EUR/USD;0.000378555872033424;194
8;EUR/USD;-0.000194665597331223;195
8;EUR/USD;-0.000412170790330207;196
8;EUR/USD;-0.000596380804884889;197
8;EUR/USD;-0.00125526315414671;198
8;EUR/USD;-0.00115676980060562;199
8;EUR/USD;-0.000882727103390621;200
8;EUR/USD;-0.000923204015716756;201
8;EUR/USD;-0.000859239221273704;202
8;EUR/USD;0.000153147740349817;203
8;EUR/USD;0.000318924752569795;204
8;EUR/USD;0.000613660614303522;205
8;EUR/USD;0.000867989915428533;206
8;EUR/USD;0.0014280892804303;207
8;EUR/USD;0.0010963154123464;208
8;EUR/USD;0.000865374796508038;209
8;EUR/USD;0.00106831037531953;210
8;EUR/USD;0.00129784992828255;211
8;EUR/USD;0.000821392023798477;212
8;EUR/USD;0.00142463505671421;213
8;EUR/USD;0.00118885029750885;214
8;EUR/USD;0.00120514027069402;215
8;EUR/USD;0.00065153680349069;216
8;EUR/USD;-0.000167475177261276;217
8;EUR/USD;-0.000568059321610504;218
8;EUR/USD;-0.000900739868110627;219
8;EUR/USD;-0.00120658791483412;220
8;EUR/USD;-0.00140082889092591;221
8;EUR/USD;-0.000593064478258632;222
8;EUR/USD;-0.000594293918490484;223
8;EUR/USD;0.000303586717826523;224
8;EUR/USD;6.65807877155876E-05;225
8;EUR/USD;0.000335937409294861;226
8;EUR/USD;0.000500604313939788;227
8;EUR/USD;0.000292306742527515;228
8;EUR/USD;-0.000500441401418323;229
8;EUR/USD;-1.44721989121964E-05;230
8;EUR/USD;-0.000128805836895943;231
8;EUR/USD;-0.00038329843550758;232
8;EUR/USD;-9.97993186624089E-05;233
8;EUR/USD;-0.000301447148031043;234
8;EUR/USD;-0.000398396405644409;235
8;EUR/USD;-0.00016365961164233;236
8;EUR/USD;-0.000153525295760771;237
8;EUR/USD;-0.000251889202061411;238
8;EUR/USD;0.000460682825232444;239
8;EUR/USD;0.000326019698573659;240
8;EUR/USD;0.000195506975978285;241
8;EUR/USD;0.000416850757725445;242
8;EUR/USD;0.000286607657177333;243
8;EUR/USD;0.000127297323097749;244
8;EUR/USD;0.000280675403058127;245
8;EUR/USD;0.000303742600417381;246
8;EUR/USD;9.68512521049697E-05;247
8;EUR/USD;0.00056333182799749;248
8;EUR/USD;0.000189349468679532;249
8;EUR/USD;0.000264400279790684;250
8;EUR/USD;0.000463402605893141;251
8;EUR/USD;-0.000461548126605834;252
8;EUR/USD;-0.000761597382572295;253
8;EUR/USD;-0.000530920633948099;254
8;EUR/USD;0.000243862875399892;255
8;EUR/USD;-3.17254308834853E-05;256
8;EUR/USD;0.00112955479285711;257
8;EUR/USD;0.000773136315656874;258
8;EUR/USD;0.000913408581277575;259
8;EUR/USD;-0.000204882571157962;260
8;EUR/USD;-5.76954979877182E-05;261
8;EUR/USD;-0.000195986613658608;262
8;EUR/USD;9.08458412190913E-05;263
8;EUR/USD;0.000194571471713398;264
8;EUR/USD;0.000289948155842461;265
8;EUR/USD;0.000829213651938229;266
8;EUR/USD;0.000748326135486995;267
8;EUR/USD;0.000810017688839998;268
8;EUR/USD;0.000681666859174457;269
8;EUR/USD;0.000607382606614298;270
8;EUR/USD;-0.000158091413807953;271
8;EUR/USD;2.72897344341762E-05;272
8;EUR/USD;-0.000941252708781439;273
8;EUR/USD;-0.00127172928697366;274
8;EUR/USD;-0.00118047165064585;275
8;EUR/USD;-0.00214219619051825;276
8;EUR/USD;-0.00238824765265011;277
8;EUR/USD;-0.00135341528783183;278
8;EUR/USD;-0.00120426856233215;279
8;EUR/USD;-0.00115258217596319;280
8;EUR/USD;0.000100248808012156;281
8;EUR/USD;-0.000729510646648266;282
8;EUR/USD;-0.00090836461556699;283
8;EUR/USD;-0.000630380314781088;284
8;EUR/USD;-0.000551816867428687;285
8;EUR/USD;-0.000750906771469064;286
8;EUR/USD;-0.000521459358313759;287
8;EUR/USD;5.39765788689817E-05;288
8;EUR/USD;1.1664783293491E-05;289
8;EUR/USD;2.91577067979971E-05;290
8;EUR/USD;-0.000157523964911715;291
8;EUR/USD;0.000414940939418334;292
8;EUR/USD;8.604063729856E-05;293
8;EUR/USD;-1.16647832934777E-05;294
8;EUR/USD;-0.000103529105290387;295
8;EUR/USD;-0.000164949666860476;296
8;EUR/USD;-3.21125692204664E-05;297
8;EUR/USD;-0.000205684045159086;298
8;EUR/USD;-5.48606299277665E-18;299
8;EUR/USD;-0.000830167809891513;300
8;EUR/USD;-0.000201627648828875;301
8;EUR/USD;-0.000300940862016699;302
8;EUR/USD;-0.000754524747951802;303
8;EUR/USD;-0.000917814935101294;304
8;EUR/USD;-0.000167034200435704;305
8;EUR/USD;-0.00080267862221809;306
8;EUR/USD;-0.000770482430581688;307
8;EUR/USD;-0.000155352335164821;308
8;EUR/USD;-7.61865701081698E-05;309
8;EUR/USD;0.000111371632420749;310
8;EUR/USD;0.000294787377513599;311
8;EUR/USD;-0.000145347243147862;312
8;EUR/USD;-0.000109992046681176;313
8;EUR/USD;-0.000404861407259424;314
8;EUR/USD;-0.000844158765680225;315
8;EUR/USD;-0.000809138036478504;316
8;EUR/USD;-0.000366037962836259;317
8;EUR/USD;-0.000380305019277263;318
8;EUR/USD;-0.000263011965274497;319
8;EUR/USD;0.000266110960466632;320
8;EUR/USD;0.000690395385689143;321
8;EUR/USD;0.000528995878062774;322
8;EUR/USD;-2.93953379001746E-06;323
8;EUR/USD;3.52842589015502E-05;324
8;EUR/USD;-0.000233747072610422;325
8;EUR/USD;-0.000499196406543235;326
8;EUR/USD;-7.04519942997438E-05;327
8;EUR/USD;0.000195384964287539;328
8;EUR/USD;9.8468956711776E-05;329
8;EUR/USD;0.000324819748709509;330
8;EUR/USD;-3.52845182740734E-05;331
8;EUR/USD;-0.000208565908096901;332
8;EUR/USD;-3.52433258864014E-05;333
8;EUR/USD;0.000712819763073206;334
8;EUR/USD;0.000429831643632526;335
8;EUR/USD;0.000530081694682413;336
8;EUR/USD;0.000557647092070093;337
8;EUR/USD;0.000445957232067803;338
8;EUR/USD;-0.00105546564597942;339
8;EUR/USD;-0.000816441541718365;340
8;EUR/USD;-0.000690410598139066;341
8;EUR/USD;-0.00155353155905134;342
8;EUR/USD;-0.00161248482699028;343
8;EUR/USD;-0.000738756383397773;344
8;EUR/USD;-0.000884807117678029;345
8;EUR/USD;-0.000824263072593127;346
8;EUR/USD;-0.000141830356161353;347
8;EUR/USD;0.000234735746267158;348
8;EUR/USD;0.000180148265332635;349
8;EUR/USD;0.00062272247690777;350
8;EUR/USD;-0.000202530165841666;351
8;EUR/USD;5.0243088145295E-05;352
8;EUR/USD;-0.000425384372404838;353
8;EUR/USD;0.000389274435948896;354
8;EUR/USD;1.76794277873385E-05;355
8;EUR/USD;0.000559783837060406;356
8;EUR/USD;9.74946840388349E-05;357
8;EUR/USD;0.000330932670149791;358
8;EUR/USD;-0.000442416066085883;359
8;EUR/USD;-0.000135582235077977;360
8;EUR/USD;0.000436105574756894;361
8;EUR/USD;0.00109428719234186;362
8;EUR/USD;0.00103358642263483;363
8;EUR/USD;0.000930885062345827;364
8;EUR/USD;0.000637320557111732;365
8;EUR/USD;-6.18219826227677E-05;366
8;EUR/USD;-0.000379303107683212;367
8;EUR/USD;-0.000408673424077796;368
8;EUR/USD;-0.000258798827403515;369
8;EUR/USD;-0.000144065747249129;370
8;EUR/USD;0.000300099353867546;371
8;EUR/USD;-5.00393694706845E-05;372
8;EUR/USD;0.000216201132209883;373
8;EUR/USD;0.000285248022945613;374
8;EUR/USD;0.000538978983665592;375
8;EUR/USD;0.000324600287898283;376
8;EUR/USD;0.000527726123958101;377
8;EUR/USD;5.73202774403613E-05;378
8;EUR/USD;-7.34664790903443E-06;379
8;EUR/USD;-0.000202497486080475;380
8;EUR/USD;4.10882518393972E-05;381
8;EUR/USD;0.000291929094003187;382
8;EUR/USD;0.000611861333897213;383
8;EUR/USD;0.00114720966828543;384
8;EUR/USD;0.00100313965367285;385
8;EUR/USD;0.000904733819674457;386
8;EUR/USD;0.000541652663469818;387
8;EUR/USD;0.000421490299276187;388
8;EUR/USD;-0.000268996056778022;389
8;EUR/USD;-0.00051778260123139;390
8;EUR/USD;-0.000574866461499639;391
8;EUR/USD;-0.000276498751151596;392
8;EUR/USD;-0.00104216906818296;393
8;EUR/USD;-0.000916420531484566;394
8;EUR/USD;-0.000954235303785843;395
8;EUR/USD;-0.000801421906368778;396
8;EUR/USD;-0.00107892149578343;397
8;EUR/USD;-0.000344183531778675;398
8;EUR/USD;-8.81976818303362E-05;399
8;EUR/USD;0.000217672688859399;400
8;EUR/USD;-0.000110336713661071;401
8;EUR/USD;0.000383794016040289;402
8;EUR/USD;0.000455842328910917;403
8;EUR/USD;0.000174887491625209;404
8;EUR/USD;0.000348077766460255;405
8;EUR/USD;0.000766684006487585;406
8;EUR/USD;0.000292130512410974;407
8;EUR/USD;-0.00024543757466311;408
8;EUR/USD;-0.000154304553392534;409
8;EUR/USD;-0.000361307856098877;410
8;EUR/USD;-0.000659288815358544;411
8;EUR/USD;-0.000467025715040799;412
8;EUR/USD;0.000524312140990286;413
8;EUR/USD;0.000227741090363053;414
8;EUR/USD;0.000246817481906071;415
8;EUR/USD;0.000292469693697306;416
8;EUR/USD;-0.000437171513584093;417
8;EUR/USD;-0.000957133079419456;418
8;EUR/USD;-0.00097006464673152;419
8;EUR/USD;-0.00135684631303445;420
8;EUR/USD;-0.00132762595053783;421
8;EUR/USD;-0.000581430077167306;422
8;EUR/USD;-0.000616988319304551;423
8;EUR/USD;-0.000520087171229431;424
8;EUR/USD;1.33037202424915E-05;425
8;EUR/USD;-0.000204123912047972;426
8;EUR/USD;-4.13843051500069E-05;427
8;EUR/USD;-7.24511794177601E-05;428
8;EUR/USD;6.65638630934601E-05;429
8;EUR/USD;-0.00012420248360545;430
8;EUR/USD;-0.000153970294300105;431
8;EUR/USD;-0.000909658150584958;432
8;EUR/USD;-0.000847703802558609;433
8;EUR/USD;-0.00099187357891281;434
8;EUR/USD;-0.000901296395498773;435
8;EUR/USD;-0.000636383390191261;436
8;EUR/USD;5.79028053499745E-05;437
8;EUR/USD;1.33658569234938E-05;438
8;EUR/USD;0.00013372261970453;439
8;EUR/USD;5.64501756674357E-05;440
8;EUR/USD;-0.000450696874090263;441
8;EUR/USD;-0.000655726104553329;442
8;EUR/USD;-0.000536821256819932;443
8;EUR/USD;-0.000377625088956737;444
8;EUR/USD;-0.000413346168302504;445
8;EUR/USD;2.2335637649863E-05;446
8;EUR/USD;-0.000292125337912978;447
8;EUR/USD;-0.000323382320941426;448
8;EUR/USD;-0.00061703143784261;449
8;EUR/USD;-0.000889056097615222;450
8;EUR/USD;-0.000562126908164148;451
8;EUR/USD;-0.000199964202176758;452
8;EUR/USD;-0.000311955493920414;453
8;EUR/USD;-0.000141858274604508;454
8;EUR/USD;4.33510351757086E-05;455
8;EUR/USD;0.000608279322996239;456
8;EUR/USD;0.000481663836259269;457
8;EUR/USD;0.000601087032036025;458
8;EUR/USD;0.00037756837849337;459
8;EUR/USD;0.000611890546012685;460
8;EUR/USD;-0.0004023306725653;461
8;EUR/USD;-0.000934560211189893;462
8;EUR/USD;-0.000862668591206228;463
8;EUR/USD;-0.000624193200020222;464
8;EUR/USD;-0.00100388618300248;465
8;EUR/USD;-0.0004285518608198;466
8;EUR/USD;0.000109207463228564;467
8;EUR/USD;-0.000149628927256878;468
8;EUR/USD;-0.000227463211397346;469
8;EUR/USD;0.000380037669242862;470
8;EUR/USD;0.000476277794871334;471
8;EUR/USD;0.000472047125063172;472
8;EUR/USD;0.000508282280390038;473
8;EUR/USD;0.000411339653409323;474
8;EUR/USD;3.58717585596622E-05;475
8;EUR/USD;-0.000661720552709802;476
8;EUR/USD;-0.000715976056760345;477
8;EUR/USD;-0.000457395883994913;478
8;EUR/USD;-0.000492211270820371;479
8;EUR/USD;-0.000233281519449964;480
8;EUR/USD;-2.24442541074335E-05;481
8;EUR/USD;5.68934673667591E-05;482
8;EUR/USD;0.000161553313895711;483
8;EUR/USD;0.000142252309174162;484
8;EUR/USD;0.000154056133404809;485
8;EUR/USD;0.000376729591219667;486
8;EUR/USD;0.000438135930014144;487
8;EUR/USD;0.000158434792193713;488
8;EUR/USD;-5.38942328947254E-05;489
8;EUR/USD;-0.00025283413186562;490
8;EUR/USD;-0.000602808825363501;491
8;EUR/USD;-0.00104533507406309;492
8;EUR/USD;-0.000987027633762823;493
8;EUR/USD;-0.000963560727922783;494
8;EUR/USD;-0.0011485009135312;495
8;EUR/USD;-0.00137695210479161;496
8;EUR/USD;-0.000687381522470312;497
8;EUR/USD;-0.000533732571101627;498
8;EUR/USD;-0.00022580161964962;499
8;EUR/USD;5.57004523616437E-05;500
8;EUR/USD;-0.000341191383878657;501
8;EUR/USD;-0.00116202524760391;502
8;EUR/USD;-0.00146415639915758;503
8;EUR/USD;-0.00111012802248552;504
8;EUR/USD;-0.0015291010223088;505
8;EUR/USD;-0.000662908775960118;506
8;EUR/USD;-0.000127341225716488;507
8;EUR/USD;-0.000276201215475646;508
8;EUR/USD;-0.000297077779855619;509
8;EUR/USD;7.58236351349582E-05;510
8;EUR/USD;-1.06122913099109E-05;511
8;EUR/USD;0.000189466438824384;512
8;EUR/USD;0.00011841865895231;513
8;EUR/USD;-1.97197520022022E-05;514
8;EUR/USD;-0.000324727126108091;515
8;EUR/USD;-0.00064993793198006;516
8;EUR/USD;-0.00113340574828855;517
8;EUR/USD;-0.000688720050253458;518
8;EUR/USD;-0.000857411296537421;519
8;EUR/USD;-0.000585536164431079;520
8;EUR/USD;-0.000350140145452636;521
8;EUR/USD;-4.26660166796406E-05;522
8;EUR/USD;-1.67534163741051E-05;523
8;EUR/USD;-9.14118561336664E-06;524
8;EUR/USD;7.15729690242884E-05;525
8;EUR/USD;0.000333408262459586;526
8;EUR/USD;0.000289340886355179;527
8;EUR/USD;-0.00315008238973189;528
8;EUR/USD;-0.00302881418380293;529
8;EUR/USD;-0.00304070535897873;530
8;EUR/USD;-0.00294984947913201;531
8;EUR/USD;-0.00292786110654271;532
8;EUR/USD;0.000258229156232305;533
8;EUR/USD;0.000278232956734919;534
8;EUR/USD;-0.000718578484704053;535
8;EUR/USD;-0.00123105899395023;536
8;EUR/USD;-0.000666654394245001;537
8;EUR/USD;-2.47260814111995E-05;538
8;EUR/USD;-0.000264312112198079;539
8;EUR/USD;0.000254275426904811;540
8;EUR/USD;0.000631186867303237;541
8;EUR/USD;0.00040706259674863;542
8;EUR/USD;-8.34731004596217E-05;543
8;EUR/USD;-0.000128417873062122;544
8;EUR/USD;0.000317390344404004;545
8;EUR/USD;0.0005859779309417;546
8;EUR/USD;0.000378458858997119;547
8;EUR/USD;6.64721460776499E-05;548
8;EUR/USD;0.000429798484864352;549
8;EUR/USD;0.000159279385218639;550
8;EUR/USD;-0.000186893526773438;551
8;EUR/USD;0.000259101355650047;552
8;EUR/USD;0.000278015938009863;553
8;EUR/USD;0.000142032302878507;554
8;EUR/USD;0.000295027451658557;555
8;EUR/USD;-0.00145320960547377;556
8;EUR/USD;-0.0013764572804492;557
8;EUR/USD;-0.00069731465614796;558
8;EUR/USD;-0.000605883089064267;559
8;EUR/USD;-0.0010368330246857;560
8;EUR/USD;-0.000208688629052878;561
8;EUR/USD;-0.000738521698493497;562
8;EUR/USD;-0.000911248175724564;563
8;EUR/USD;-0.00142610299524067;564
8;EUR/USD;-0.000627802509236091;565
8;EUR/USD;0.000347175009627432;566
8;EUR/USD;0.000277070876381644;567
8;EUR/USD;-8.24809663519338E-05;568
8;EUR/USD;0.000479609068343108;569
8;EUR/USD;-0.000993897467961826;570
8;EUR/USD;-0.0012639308051915;571
8;EUR/USD;-0.00220851544235397;572
8;EUR/USD;-0.00157991171832003;573
8;EUR/USD;-0.0016272313765084;574
8;EUR/USD;-0.000620369272175546;575
8;EUR/USD;-0.00143271814704323;576
8;EUR/USD;-0.000647456230090226;577
8;EUR/USD;-0.00111230704367209;578
8;EUR/USD;-0.000809161109229675;579
8;EUR/USD;-0.000893195597026531;580
8;EUR/USD;-6.30651226276423E-06;581
8;EUR/USD;-0.000755648495226358;582
8;EUR/USD;-0.000776135240511416;583
8;EUR/USD;-0.00170123637372507;584
8;EUR/USD;-0.00115700450701708;585
8;EUR/USD;-0.00100368887716577;586
8;EUR/USD;-3.8015887587452E-05;587
8;EUR/USD;0.000657775700237324;588
8;EUR/USD;0.00114313167442802;589
8;EUR/USD;0.000418052408744735;590
8;EUR/USD;-0.00167876328265984;591
8;EUR/USD;-0.00179334866414458;592
8;EUR/USD;-0.00209467539343311;593
8;EUR/USD;-0.00120665449156374;594
8;EUR/USD;2.8275992658422E-17;595
8;EUR/USD;0.00196536774240568;596
8;EUR/USD;0.00179810104528578;597
8;EUR/USD;0.00201888851155115;598
8;EUR/USD;0.00096653756370505;599
8;EUR/USD;0.000628598570071601;600
8;EUR/USD;0.00159021810731841;601
8;EUR/USD;0.00250456836409716;602
8;EUR/USD;0.000280898922579739;603
8;EUR/USD;0.000555621682477084;604
8;EUR/USD;-0.000252465516759434;605
8;EUR/USD;-0.00165352076576722;606
8;EUR/USD;-0.00227975139999311;607
8;EUR/USD;-0.000183012942002775;608
8;EUR/USD;-3.15280876503159E-05;609
8;EUR/USD;0.00086180205583028;610
8;EUR/USD;0.00101674529634033;611
8;EUR/USD;0.000317795420887063;612
8;EUR/USD;-0.000469340965465289;613
8;EUR/USD;-0.000630026219412414;614
8;EUR/USD;0.000898800369183878;615
8;EUR/USD;0.0018824369091133;616
8;EUR/USD;0.00211051825503019;617
8;EUR/USD;0.00265764278335932;618
8;EUR/USD;0.0024832934630834;619
8;EUR/USD;0.000101703536389429;620
8;EUR/USD;-0.00102758029660812;621
8;EUR/USD;-0.000731365310940901;622
8;EUR/USD;-0.000659932416236353;623
8;EUR/USD;-0.000339238826463846;624
8;EUR/USD;0.000134482170542629;625
8;EUR/USD;0.00113831233959665;626
8;EUR/USD;-0.000362758476461043;627
8;EUR/USD;-0.000855517223767969;628
8;EUR/USD;-0.00106050277111242;629
8;EUR/USD;-0.0021484205569568;630
8;EUR/USD;-0.00291813192916961;631
8;EUR/USD;-0.00134051930288677;632
8;EUR/USD;-0.000898693678543225;633
8;EUR/USD;-0.00103611240988965;634
8;EUR/USD;-0.000260887132173081;635
8;EUR/USD;0.000521409680690866;636
8;EUR/USD;0.000578313655959779;637
8;EUR/USD;0.000550731961020301;638
8;EUR/USD;0.000979477914384152;639
8;EUR/USD;0.000967523618625543;640
8;EUR/USD;0.00061918334650036;641
8;EUR/USD;0.00111241205189991;642
8;EUR/USD;0.000714162876786526;643
8;EUR/USD;0.000429078471367815;644
8;EUR/USD;0.000918985707482413;645
8;EUR/USD;-0.00129728137181648;646
8;EUR/USD;-0.00248666146633573;647
8;EUR/USD;-0.00182348590663397;648
8;EUR/USD;-0.00204518186093551;649
8;EUR/USD;-0.00303369904790425;650
8;EUR/USD;-0.00162953442526109;651
8;EUR/USD;-0.00139015656857429;652
8;EUR/USD;-0.00203066832834511;653
8;EUR/USD;-0.00200221659125842;654
8;EUR/USD;-0.00122103911890513;655
8;EUR/USD;-0.000370681152645788;656
8;EUR/USD;0.00110398799828865;657
8;EUR/USD;0.000923125246380673;658
8;EUR/USD;0.000537591722217815;659
8;EUR/USD;-6.40507287241555E-05;660
8;EUR/USD;-0.000454702117933468;661
8;EUR/USD;-0.00103361051835583;662
8;EUR/USD;-0.00186018069673073;663
8;EUR/USD;-0.00219624414995249;664
8;EUR/USD;-0.00164672190809386;665
8;EUR/USD;-0.00102526418521414;666
8;EUR/USD;-0.000740201596321602;667
8;EUR/USD;0.000621450147733057;668
8;EUR/USD;0.00102159422896135;669
8;EUR/USD;0.000648084527819739;670
8;EUR/USD;-0.00010475043449008;671
8;EUR/USD;-0.000528788314675755;672
8;EUR/USD;2.40483853803261E-05;673
8;EUR/USD;0.000838824471279904;674
8;EUR/USD;0.000814377191873246;675
8;EUR/USD;0.000363973205096163;676
8;EUR/USD;0.000414791145462686;677
8;EUR/USD;-2.72550552537124E-05;678
8;EUR/USD;-0.00036043983403519;679
8;EUR/USD;-0.000428459835300037;680
8;EUR/USD;0.00077245285261402;681
8;EUR/USD;0.00109233874484355;682
8;EUR/USD;0.000913422557206845;683
8;EUR/USD;-0.000274369374635248;684
8;EUR/USD;1.6064321543535E-06;685
8;EUR/USD;0.000171429726315055;686
8;EUR/USD;0.000148494108971191;687
8;EUR/USD;1.91515848083076E-05;688
8;EUR/USD;0.00125644137238247;689
8;EUR/USD;0.00145972029912094;690
8;EUR/USD;0.000829435726990549;691
8;EUR/USD;0.000127648715081244;692
8;EUR/USD;0.000135604582248281;693
8;EUR/USD;0.000130791933842202;694
8;EUR/USD;4.62422217461387E-05;695
8;EUR/USD;-0.00206154339676209;696
8;EUR/USD;-0.00268009903785147;697
8;EUR/USD;-0.00229045031765985;698
8;EUR/USD;-0.00171343605002585;699
8;EUR/USD;-0.0017663729451384;700
8;EUR/USD;0.000162680860547385;701
8;EUR/USD;0.0018297005316068;702
8;EUR/USD;0.00131203892119968;703
8;EUR/USD;0.000528406135895434;704
8;EUR/USD;0.00150791726143584;705
8;EUR/USD;0.00131909874715709;706
8;EUR/USD;0.000444832211284009;707
8;EUR/USD;2.40379800373653E-05;708
8;EUR/USD;-0.000152435974244639;709
8;EUR/USD;-0.00142107610701393;710
8;EUR/USD;-0.000618347455688019;711
8;EUR/USD;-0.0012248731650988;712
8;EUR/USD;-0.000944458692380576;713
8;EUR/USD;0.000266285991951215;714
8;EUR/USD;0.000492992770426152;715
8;EUR/USD;-0.00018941067412472;716
8;EUR/USD;-0.000570099187040848;717
8;EUR/USD;-0.000557844439401168;718
8;EUR/USD;-0.00163861458093809;719
8;EUR/USD;-0.0023976536788991;720
8;EUR/USD;-0.00225779414696286;721
8;EUR/USD;-0.00156563859868844;722
8;EUR/USD;0.000784728628103188;723
8;EUR/USD;0.000184168025937813;724
8;EUR/USD;0.000978020813061532;725
8;EUR/USD;-0.00028605797549655;726
8;EUR/USD;-0.000173995774909161;727
8;EUR/USD;-0.00270388160745033;728
8;EUR/USD;-0.00156597814000293;729
8;EUR/USD;-0.00108518106891301;730
8;EUR/USD;0.000819696561576054;731
8;EUR/USD;0.00211988100388657;732
8;EUR/USD;0.00192561094605688;733
8;EUR/USD;0.00159504180562817;734
8;EUR/USD;0.00165134472299814;735
8;EUR/USD;0.00215087885805713;736
8;EUR/USD;0.000984310060772587;737
8;EUR/USD;-0.000111429162601544;738
8;EUR/USD;9.03932930651681E-05;739
8;EUR/USD;-0.000254655966840454;740
8;EUR/USD;-0.000291870185627008;741
8;EUR/USD;-0.000357516558194027;742
8;EUR/USD;0.00120465798840976;743
8;EUR/USD;0.000441693444507319;744
8;EUR/USD;0.000631209966315954;745
8;EUR/USD;-0.000138065008412774;746
8;EUR/USD;0.000725587331647526;747
8;EUR/USD;0.000876375743879117;748
8;EUR/USD;0.000678369991930203;749
8;EUR/USD;-0.000744135962459867;750
8;EUR/USD;-0.00188461443563859;751
8;EUR/USD;-0.00308220174275365;752
8;EUR/USD;-0.00372087244807932;753
8;EUR/USD;-0.00281851862676435;754
8;EUR/USD;-0.00167880294112054;755
8;EUR/USD;-0.0012212164698997;756
8;EUR/USD;-0.00152064720040226;757
8;EUR/USD;-0.000203686747415032;758
8;EUR/USD;-0.000513341030078286;759
8;EUR/USD;-0.00109980940783751;760
8;EUR/USD;-0.000594601654934596;761
8;EUR/USD;-0.000795066721937068;762
8;EUR/USD;-0.00151047860869372;763
8;EUR/USD;-0.00112908672275593;764
8;EUR/USD;-0.000553821803821015;765
8;EUR/USD;-0.000560279523046968;766
8;EUR/USD;0.000840871120995406;767
8;EUR/USD;0.000536437444032918;768
8;EUR/USD;0.000304990589640091;769
8;EUR/USD;-0.000313637976694884;770
8;EUR/USD;-0.000376037189018512;771
8;EUR/USD;-0.000758759201297066;772
8;EUR/USD;-0.000431333322846368;773
8;EUR/USD;-0.000871933301388517;774
8;EUR/USD;-0.000128224100658751;775
8;EUR/USD;-5.26030282650407E-05;776
8;EUR/USD;-0.000323716399861161;777
8;EUR/USD;-0.000452011024223443;778
8;EUR/USD;-0.00087244558786978;779
8;EUR/USD;-0.00124375637953836;780
8;EUR/USD;-0.00179844406412176;781
8;EUR/USD;-0.00214777595514197;782
8;EUR/USD;-0.00343894618507617;783
8;EUR/USD;-0.00239101654739814;784
8;EUR/USD;-0.00249755574559651;785
8;EUR/USD;-0.00197888542129323;786
8;EUR/USD;-0.00148663594266912;787
8;EUR/USD;-0.000467612999463229;788
8;EUR/USD;-0.00141677890524669;789
8;EUR/USD;-0.000834450360715524;790
8;EUR/USD;-0.00227468563743816;791
8;EUR/USD;-0.00182706519615212;792
8;EUR/USD;-0.00166476663839909;793
8;EUR/USD;-0.00135394338152888;794
8;EUR/USD;-0.00160817110260393;795
8;EUR/USD;-0.000155961288820098;796
8;EUR/USD;-2.70432438782976E-05;797
8;EUR/USD;0.000835800438823683;798
8;EUR/USD;0.0010504838857219;799
8;EUR/USD;0.000416797419637776;800
8;EUR/USD;0.000653545555093406;801
8;EUR/USD;0.000307401337414406;802
8;EUR/USD;-0.00149847640619093;803
8;EUR/USD;-0.00130675166117315;804
8;EUR/USD;-0.000277768412928706;805
8;EUR/USD;-0.000770596386484203;806
8;EUR/USD;-0.00112210091121027;807
8;EUR/USD;-6.79169043210319E-05;808
8;EUR/USD;-0.00327192706574702;809
8;EUR/USD;-0.00280254796951422;810
8;EUR/USD;-0.00262870638495826;811
8;EUR/USD;-0.00502352870012665;812
8;EUR/USD;-0.00370046077300461;813
8;EUR/USD;-0.00046489744370922;814
8;EUR/USD;-8.42391200009895E-05;815
8;EUR/USD;-0.000649242188762559;816
8;EUR/USD;0.00171732886628356;817
8;EUR/USD;0.000209211370089747;818
8;EUR/USD;-0.000235453014503683;819
8;EUR/USD;-0.00127824620792919;820
8;EUR/USD;-0.00013976783579273;821
8;EUR/USD;0.000411971445573918;822
8;EUR/USD;7.77500862883162E-05;823
8;EUR/USD;-0.00223321979242938;824
8;EUR/USD;-0.00367287224804528;825
8;EUR/USD;-0.00419503708564661;826
8;EUR/USD;-0.00645002706760005;827
8;EUR/USD;-0.00767892905579089;828
8;EUR/USD;-0.00316401951749169;829
8;EUR/USD;-0.00161401093619932;830
8;EUR/USD;-0.00170830001632098;831
8;EUR/USD;5.69005222682564E-05;832
8;EUR/USD;0.00460826575795637;833
8;EUR/USD;0.00229678094116718;834
8;EUR/USD;0.00157875528859399;835
8;EUR/USD;0.00159369036922394;836
8;EUR/USD;0.00059825273279699;837
8;EUR/USD;-0.00198678589862354;838
8;EUR/USD;-0.000542616872076145;839
8;EUR/USD;-0.000194017229833603;840
8;EUR/USD;-5.46831248638532E-05;841
8;EUR/USD;1.94974099617518E-05;842
8;EUR/USD;0.000323955513679328;843
8;EUR/USD;-0.000370811919228189;844
8;EUR/USD;0.000146412245190624;845
8;EUR/USD;3.88089191169326E-05;846
8;EUR/USD;0.000840125573753743;847
8;EUR/USD;0.00248384888168369;848
8;EUR/USD;0.0024679202155879;849
8;EUR/USD;0.00217644125872321;850
8;EUR/USD;0.00150070115603448;851
8;EUR/USD;-0.000266689077448631;852
8;EUR/USD;-0.00119324882506636;853
8;EUR/USD;-0.000496403949899253;854
8;EUR/USD;7.67332569600372E-05;855
8;EUR/USD;0.000423217660241891;856
8;EUR/USD;0.000488952482431561;857
8;EUR/USD;-0.00117566006538984;858
8;EUR/USD;-0.00148254220517042;859
8;EUR/USD;-0.00237135437298456;860
8;EUR/USD;-0.00217984373283285;861
8;EUR/USD;-0.000248739794701038;862
8;EUR/USD;0.000187299020650622;863
8;EUR/USD;-0.000444793716173639;864
8;EUR/USD;-0.000264835222934738;865
8;EUR/USD;-0.000342922882192627;866
8;EUR/USD;-0.000340975927190238;867
8;EUR/USD;2.47244984773975E-05;868
8;EUR/USD;0.000937851539169187;869
8;EUR/USD;0.00146805799092884;870
8;EUR/USD;0.00218356418377912;871
8;EUR/USD;0.00163070701155158;872
8;EUR/USD;0.00126744252011478;873
8;EUR/USD;0.000996484548429518;874
8;EUR/USD;1.75380905402082E-06;875
8;EUR/USD;-0.00169940085151532;876
8;EUR/USD;-0.000908808820174549;877
8;EUR/USD;5.43904977889887E-05;878
8;EUR/USD;-0.000430966688018392;879
8;EUR/USD;-0.000275536528033678;880
8;EUR/USD;0.00050059957038642;881
8;EUR/USD;0.000840396468446901;882
8;EUR/USD;0.000152565340871798;883
8;EUR/USD;-0.000252704763936796;884
8;EUR/USD;-0.000393780506751013;885
8;EUR/USD;-9.15654180459687E-05;886
8;EUR/USD;-0.000514719406441692;887
8;EUR/USD;-0.000510761812513731;888
8;EUR/USD;-0.000566233870404781;889
8;EUR/USD;-0.000198942802747127;890
8;EUR/USD;-0.00038432732528329;891
8;EUR/USD;-0.000718956174317029;892
8;EUR/USD;-0.000718323277857011;893
8;EUR/USD;-0.000317228197593706;894
8;EUR/USD;0.000336150801373669;895
8;EUR/USD;0.000412505765300998;896
8;EUR/USD;0.000606349502916129;897
8;EUR/USD;0.00020272981819848;898
8;EUR/USD;-0.00223123168301238;899
8;EUR/USD;-0.00302803875851427;900
8;EUR/USD;-0.00252177523673283;901
8;EUR/USD;-0.00261652366264814;902
8;EUR/USD;-0.00337967138749377;903
8;EUR/USD;-0.000621645537591206;904
8;EUR/USD;-0.000157168124392587;905
8;EUR/USD;-0.000680622148248347;906
8;EUR/USD;-0.000198027766824051;907
8;EUR/USD;0.000427830624136942;908
8;EUR/USD;7.1551871397404E-05;909
8;EUR/USD;-0.00031470726207404;910
8;EUR/USD;-0.00193477971622325;911
8;EUR/USD;-0.00226173654287091;912
8;EUR/USD;-0.00239976255370929;913
8;EUR/USD;-0.00270630865229251;914
8;EUR/USD;-0.00260452712186056;915
8;EUR/USD;-0.00080385378157872;916
8;EUR/USD;-0.00398933879921228;917
8;EUR/USD;-0.00377435182206541;918
8;EUR/USD;-0.00307452450099698;919
8;EUR/USD;-0.00338981868976914;920
8;EUR/USD;-0.00347319267525936;921
8;EUR/USD;-0.00106172553141864;922
8;EUR/USD;-0.00255390541322231;923
8;EUR/USD;-0.00292068034915741;924
8;EUR/USD;-0.00304157993813674;925
8;EUR/USD;-0.00487300366120768;926
8;EUR/USD;-0.00477765524189996;927
8;EUR/USD;-0.00134381523541615;928
8;EUR/USD;-0.00173541357218669;929
8;EUR/USD;-0.00105308353997726;930
8;EUR/USD;0.000719340342443926;931
8;EUR/USD;-0.000465096622186435;932
8;EUR/USD;-0.0028713973959481;933
8;EUR/USD;-0.00157580184214245;934
8;EUR/USD;-0.000979205669097789;935
8;EUR/USD;-0.000762848006112085;936
8;EUR/USD;0.00167496448555837;937
8;EUR/USD;0.00228946786210206;938
8;EUR/USD;0.00121557901018099;939
8;EUR/USD;0.00071742182935961;940
8;EUR/USD;0.001325563335852;941
8;EUR/USD;0.00441393111770963;942
8;EUR/USD;0.00197804016383007;943
8;EUR/USD;0.000477014456423415;944
8;EUR/USD;0.00105820849936348;945
8;EUR/USD;0.000527400233358889;946
8;EUR/USD;-0.00106102025217744;947
8;EUR/USD;0.00214166031444019;948
8;EUR/USD;0.00318533104879458;949
8;EUR/USD;0.00478629991445236;950
8;EUR/USD;0.00507101218487547;951
8;EUR/USD;0.00296555190954128;952
8;EUR/USD;0.00147627957407717;953
8;EUR/USD;0.00209632576575824;954
8;EUR/USD;0.000458877232312748;955
8;EUR/USD;0.000756965203177264;956
8;EUR/USD;0.000198945967900029;957
8;EUR/USD;0.0019654967182495;958
8;EUR/USD;0.000251114697994228;959
8;EUR/USD;-0.00123643185188992;960
8;EUR/USD;-0.00324494142352469;961
8;EUR/USD;-0.0013288355723518;962
8;EUR/USD;-0.00237856638468431;963
8;EUR/USD;-0.00160005267327015;964
8;EUR/USD;-0.00125336790924959;965
8;EUR/USD;0.000377114447622729;966
8;EUR/USD;-0.00257653111902648;967
8;EUR/USD;-0.00261562537129648;968
8;EUR/USD;-0.00169301602967152;969
8;EUR/USD;-0.00117755937045474;970
8;EUR/USD;-0.00114834269287145;971
8;EUR/USD;0.000340137716911041;972
8;EUR/USD;0.00140455618198448;973
8;EUR/USD;0.00250015978486818;974
8;EUR/USD;0.00215328352921593;975
8;EUR/USD;0.00193172134235454;976
8;EUR/USD;0.0039898363039823;977
8;EUR/USD;0.00325520557186375;978
8;EUR/USD;0.00198369301799383;979
8;EUR/USD;0.00250683235293285;980
8;EUR/USD;0.00114831095972991;981
8;EUR/USD;-0.00117579736697435;982
8;EUR/USD;-0.00265336266750459;983
8;EUR/USD;-0.00296078856883467;984
8;EUR/USD;-0.00252523297120659;985
8;EUR/USD;-0.00216637828100088;986
8;EUR/USD;-0.00253381378318015;987
8;EUR/USD;-0.0019505482449602;988
8;EUR/USD;-0.00281963492973098;989
8;EUR/USD;-0.00375582195106065;990
8;EUR/USD;-0.00380426977641494;991
8;EUR/USD;-0.00351342437116681;992
8;EUR/USD;-0.00258541922096607;993
8;EUR/USD;-0.00198914775279955;994
8;EUR/USD;-0.00161717068246799;995
8;EUR/USD;-0.000770371882314071;996
8;EUR/USD;-0.000925056154541774;997
8;EUR/USD;0.00124442339538847;998
8;EUR/USD;0.00154068131009944;999
8;EUR/USD;0.000447488728049782;1000
8;EUR/USD;0.000451631687071625;1001
8;EUR/USD;0.00241990871674786;1002
8;EUR/USD;-0.000643802553963776;1003
8;EUR/USD;0.00178413982497597;1004
8;EUR/USD;0.00287801692271938;1005
8;EUR/USD;0.00355084298650757;1006
8;EUR/USD;0.00195365390635195;1007
8;EUR/USD;0.0031688817171647;1008
8;EUR/USD;0.00072295169065804;1009
8;EUR/USD;8.3641180559652E-05;1010
8;EUR/USD;-0.000689140232596791;1011
8;EUR/USD;-0.00219545677277168;1012
8;EUR/USD;-0.000945961495303557;1013
8;EUR/USD;-0.000789989549053716;1014
8;EUR/USD;-0.000202657809206736;1015
8;EUR/USD;-0.000398592022261639;1016
8;EUR/USD;0.00114270529064062;1017
8;EUR/USD;-0.00133565142813207;1018
8;EUR/USD;0.00116993063346404;1019
8;EUR/USD;0.00115370310737239;1020
8;EUR/USD;0.00276624973097497;1021
8;EUR/USD;0.00277795104511322;1022
8;EUR/USD;0.00333911825937908;1023
8;EUR/USD;0.00100106410226821;1024
8;EUR/USD;0.00141355066569365;1025
8;EUR/USD;-1.83883528176152E-06;1026
8;EUR/USD;0.000104804941101173;1027
8;EUR/USD;0.00206377124775684;1028
8;EUR/USD;0.00205470274367775;1029
8;EUR/USD;0.00195178771017458;1030
8;EUR/USD;0.00537380960248462;1031
8;EUR/USD;0.00421799621596449;1032
8;EUR/USD;0.00436797727683079;1033
8;EUR/USD;0.0035139043411396;1034
8;EUR/USD;0.00385983369615089;1035
8;EUR/USD;0.0014909471243899;1036
8;EUR/USD;0.00147938289681165;1037
8;EUR/USD;-0.000572981903880349;1038
8;EUR/USD;-0.00018643172840237;1039
8;EUR/USD;-0.00120057078813252;1040
8;EUR/USD;-0.00191923775501491;1041
8;EUR/USD;-0.00197314801461498;1042
8;EUR/USD;-0.000270102313221166;1043
8;EUR/USD;0.000501536216682889;1044
8;EUR/USD;0.0018061676742617;1045
8;EUR/USD;0.00349613241375963;1046
8;EUR/USD;0.00453823019361525;1047
8;EUR/USD;0.00342337670429165;1048
8;EUR/USD;0.00182709845175375;1049
8;EUR/USD;-2.13428190508879E-05;1050
8;EUR/USD;-0.00229779576367208;1051
8;EUR/USD;-0.00175205843382387;1052
8;EUR/USD;-0.0030228258131154;1053
8;EUR/USD;-0.00222105669422553;1054
8;EUR/USD;-0.00182790006649071;1055
8;EUR/USD;-0.00125395624828041;1056
8;EUR/USD;-0.000252824276307884;1057
8;EUR/USD;0.000752436943808102;1058
8;EUR/USD;0.00109400270992501;1059
8;EUR/USD;0.00194170212511081;1060
8;EUR/USD;0.00401660233346886;1061
8;EUR/USD;0.00214241246958442;1062
8;EUR/USD;0.00269048877548662;1063
8;EUR/USD;0.00263346952292918;1064
8;EUR/USD;0.0026734164009212;1065
8;EUR/USD;0.00023729069572092;1066
8;EUR/USD;0.00142263100495788;1067
8;EUR/USD;0.000942447724084828;1068
8;EUR/USD;0.000400738336023914;1069
8;EUR/USD;-0.000845481411877797;1070
8;EUR/USD;-0.00107621366459914;1071
8;EUR/USD;-0.00434153551357069;1072
8;EUR/USD;-0.00520162804457507;1073
8;EUR/USD;-0.00440085390577961;1074
8;EUR/USD;-0.00452856258195688;1075
8;EUR/USD;-0.00435469326295073;1076
8;EUR/USD;-0.00145936914834597;1077
8;EUR/USD;-0.000272826851131538;1078
8;EUR/USD;-0.000299978051863702;1079
8;EUR/USD;0.000165698600139435;1080
8;EUR/USD;0.00141015387149685;1081
8;EUR/USD;-0.00123429851279596;1082
8;EUR/USD;-0.00260148926215182;1083
8;EUR/USD;-0.00276033722203625;1084
8;EUR/USD;-0.0025145942090679;1085
8;EUR/USD;-0.00344206481928141;1086
8;EUR/USD;-0.00242745551524993;1087
8;EUR/USD;-0.0021109823358502;1088
8;EUR/USD;-0.00159014913794459;1089
8;EUR/USD;-0.000935614377245978;1090
8;EUR/USD;-0.00149717463589422;1091
8;EUR/USD;-4.22070624992211E-05;1092
8;EUR/USD;0.00120456336729989;1093
8;EUR/USD;0.000489919738547879;1094
8;EUR/USD;0.000791537262405715;1095
8;EUR/USD;0.0013932107837901;1096
8;EUR/USD;0.00176507202743316;1097
8;EUR/USD;0.000286777682306681;1098
8;EUR/USD;-0.000122825916461458;1099
8;EUR/USD;-0.000917961254192807;1100
8;EUR/USD;-0.000749406835512611;1101
8;EUR/USD;-0.000816647597823938;1102
8;EUR/USD;0.00309895583476114;1103
8;EUR/USD;0.0043748910421383;1104
8;EUR/USD;0.00414113748328672;1105
8;EUR/USD;0.00651276892711416;1106
8;EUR/USD;0.00561220423819637;1107
8;EUR/USD;0.00232997078297645;1108
8;EUR/USD;0.00218047071296357;1109
8;EUR/USD;0.00119564697999101;1110
8;EUR/USD;-0.0001454042568191;1111
8;EUR/USD;-0.00272699391808195;1112
8;EUR/USD;-0.00279599739899885;1113
8;EUR/USD;-0.00184167139738007;1114
8;EUR/USD;0.000417149629791816;1115
8;EUR/USD;9.22198395397986E-05;1116
8;EUR/USD;0.00326795902753929;1117
8;EUR/USD;0.00320061155652055;1118
8;EUR/USD;0.00224588385280883;1119
8;EUR/USD;0.00229650481929413;1120
8;EUR/USD;0.000471075988376389;1121
8;EUR/USD;0.000327414867847153;1122
8;EUR/USD;-0.000337121594384002;1123
8;EUR/USD;-0.000996047173705197;1124
8;EUR/USD;-0.00202777966597033;1125
8;EUR/USD;-0.00153774518344889;1126
8;EUR/USD;-0.0005773185279521;1127
8;EUR/USD;-0.000679516454190683;1128
8;EUR/USD;-4.45027927339071E-05;1129
8;EUR/USD;0.000355372434870259;1130
8;EUR/USD;0.000983318495803965;1131
8;EUR/USD;0.000248132392718762;1132
8;EUR/USD;0.000222609090294477;1133
8;EUR/USD;0.00012992040607613;1134
8;EUR/USD;7.45480532952624E-05;1135
8;EUR/USD;-0.000563082938142172;1136
8;EUR/USD;0.00126774914203617;1137
8;EUR/USD;0.00252389923572879;1138
8;EUR/USD;0.00285113466448552;1139
8;EUR/USD;0.00178790300776175;1140
8;EUR/USD;0.00130315566518665;1141
8;EUR/USD;-0.000512841128509568;1142
8;EUR/USD;-0.000318371973107976;1143
8;EUR/USD;-0.00142225324987201;1144
8;EUR/USD;0.00016174687497035;1145
8;EUR/USD;0.000494215287974523;1146
8;EUR/USD;-0.00132607343648296;1147
8;EUR/USD;-0.00306348811510461;1148
8;EUR/USD;-0.00262090128886976;1149
8;EUR/USD;-0.00281041700840414;1150
8;EUR/USD;-0.00298198870320951;1151
8;EUR/USD;-0.000956177120068363;1152
8;EUR/USD;0.000282231101182677;1153
8;EUR/USD;0.000354064682435776;1154
8;EUR/USD;-0.000340704949032717;1155
8;EUR/USD;0.000486113832625172;1156
8;EUR/USD;-0.000894423872718132;1157
8;EUR/USD;-0.00415007653796163;1158
8;EUR/USD;-0.00221693519053951;1159
8;EUR/USD;-0.000398522204711815;1160
8;EUR/USD;0.000244397399126715;1161
8;EUR/USD;0.000225772083787305;1162
8;EUR/USD;0.00320356847998803;1163
8;EUR/USD;0.00112231819322119;1164
8;EUR/USD;-0.00120755219236779;1165
8;EUR/USD;-0.0024232284995722;1166
8;EUR/USD;-0.00236348045192642;1167
8;EUR/USD;-0.00165865458623347;1168
8;EUR/USD;-0.000777566766530365;1169
8;EUR/USD;-0.000488317126006367;1170
8;EUR/USD;0.000329963156843104;1171
8;EUR/USD;0.0010735127206089;1172
8;EUR/USD;-0.00117711946360397;1173
8;EUR/USD;-0.000155154846898425;1174
8;EUR/USD;-0.000194938826306363;1175
8;EUR/USD;-0.000977043277745445;1176
8;EUR/USD;-0.00161970581530943;1177
8;EUR/USD;-0.00078556915710215;1178
8;EUR/USD;-0.00134005064724896;1179
8;EUR/USD;-0.000499041954217646;1180
8;EUR/USD;0.00044306018870017;1181
8;EUR/USD;0.00116317318838797;1182
8;EUR/USD;0.00153000941742289;1183
8;EUR/USD;0.0003032022912367;1184
8;EUR/USD;0.000237019373765868;1185
8;EUR/USD;0.000759055248418078;1186
8;EUR/USD;0.00140236491342313;1187
8;EUR/USD;0.00169098716762023;1188
8;EUR/USD;0.00133622531119746;1189
8;EUR/USD;-0.000746384438570236;1190
8;EUR/USD;-0.00237689650135959;1191
8;EUR/USD;-0.00282554877523104;1192
8;EUR/USD;-0.00206286092841733;1193
8;EUR/USD;-0.00165941515565631;1194
8;EUR/USD;-7.44287376126807E-05;1195
8;EUR/USD;-0.000344480425633744;1196
8;EUR/USD;-0.000999546084140401;1197
8;EUR/USD;-0.00211922270858152;1198
8;EUR/USD;-0.00200156900452712;1199
8;EUR/USD;-0.00240932657710438;1200
8;EUR/USD;-0.00139674448394877;1201
8;EUR/USD;-0.00166172626891264;1202
8;EUR/USD;-0.00126836113969994;1203
8;EUR/USD;-0.000636065024971577;1204
8;EUR/USD;-0.000625788497264504;1205
8;EUR/USD;-0.00099444971602271;1206
8;EUR/USD;-0.000365408140623581;1207
8;EUR/USD;0.00177419406303413;1208
8;EUR/USD;0.00136340184391634;1209
8;EUR/USD;0.00180941905442344;1210
8;EUR/USD;0.000924631426596642;1211
8;EUR/USD;0.0017782962320119;1212
8;EUR/USD;0.00107157619763804;1213
8;EUR/USD;0.000695544927871476;1214
8;EUR/USD;0.000714840058926056;1215
8;EUR/USD;0.00107579855918995;1216
8;EUR/USD;0.000947951308679069;1217
8;EUR/USD;-0.000238645034759268;1218
8;EUR/USD;0.00203075041480807;1219
8;EUR/USD;0.00225894975771244;1220
8;EUR/USD;0.00265452863284589;1221
8;EUR/USD;0.00153203206908498;1222
8;EUR/USD;0.00148733325372146;1223
8;EUR/USD;-0.000388235681580212;1224
8;EUR/USD;-0.00124216151944408;1225
8;EUR/USD;-0.00117221753803508;1226
8;EUR/USD;-0.00143548015461668;1227
8;EUR/USD;-0.00166604797857539;1228
8;EUR/USD;-0.00273895861414661;1229
8;EUR/USD;-0.00186868782751013;1230
8;EUR/USD;-0.00162492924078463;1231
8;EUR/USD;0.0008487411131786;1232
8;EUR/USD;9.30245300564056E-05;1233
8;EUR/USD;0.00100894923401333;1234
8;EUR/USD;0.000374407108014326;1235
8;EUR/USD;0.000296093268611449;1236
8;EUR/USD;-0.000992675164802978;1237
8;EUR/USD;-0.0002627689653734;1238
8;EUR/USD;-0.0015502463831672;1239
8;EUR/USD;-0.00178148772803355;1240
8;EUR/USD;-0.00152167273901729;1241
8;EUR/USD;-0.00128724811489431;1242
8;EUR/USD;-0.00114818131336376;1243
8;EUR/USD;0.000658537963304743;1244
8;EUR/USD;0.00107592291058174;1245
8;EUR/USD;0.00133163855511453;1246
8;EUR/USD;0.000973513976668185;1247
8;EUR/USD;0.00124493504506143;1248
8;EUR/USD;0.000702005272801968;1249
8;EUR/USD;0.00129952364046898;1250
8;EUR/USD;0.00137185870162075;1251
8;EUR/USD;0.00148224942674874;1252
8;EUR/USD;0.00149825692717815;1253
8;EUR/USD;0.00149812072692009;1254
8;EUR/USD;0.00220366971067006;1255
8;EUR/USD;0.00329529377798114;1256
8;EUR/USD;0.00210886859408053;1257
8;EUR/USD;0.00129823100773711;1258
8;EUR/USD;0.00186597948842182;1259
8;EUR/USD;0.000768630791510141;1260
8;EUR/USD;-0.0012433082552357;1261
8;EUR/USD;-0.000812074417886978;1262
8;EUR/USD;-0.000335035608326212;1263
8;EUR/USD;-0.00120232907681104;1264
8;EUR/USD;-0.00148785178046124;1265
8;EUR/USD;-0.000965567569046173;1266
8;EUR/USD;-0.000360379937859741;1267
8;EUR/USD;-0.00122240484699009;1268
8;EUR/USD;-0.00087931316499083;1269
8;EUR/USD;-0.000325309115312568;1270
8;EUR/USD;-0.00027466822773997;1271
8;EUR/USD;0.000516942762185976;1272
8;EUR/USD;0.00173913354143859;1273
8;EUR/USD;0.00304832928874685;1274
8;EUR/USD;0.00318502355144136;1275
8;EUR/USD;0.00343142156902545;1276
8;EUR/USD;0.00424493236123053;1277
8;EUR/USD;0.00450531967059398;1278
8;EUR/USD;0.00502422456195104;1279
8;EUR/USD;0.00600943838753363;1280
8;EUR/USD;0.00575895710344123;1281
8;EUR/USD;0.00299942697788806;1282
8;EUR/USD;0.000591594355663547;1283
8;EUR/USD;0.00119633470252965;1284
8;EUR/USD;-0.00114165745940072;1285
8;EUR/USD;-0.00334550025486222;1286
8;EUR/USD;-0.00331314700308693;1287
8;EUR/USD;-0.00178005884873553;1288
8;EUR/USD;-0.00556088689770014;1289
8;EUR/USD;-0.00472363934283153;1290
8;EUR/USD;-0.0016080913950202;1291
8;EUR/USD;-0.0029764966232253;1292
8;EUR/USD;-0.0017335964100639;1293
8;EUR/USD;-0.000350960108231556;1294
8;EUR/USD;-0.000893212811135561;1295
8;EUR/USD;-0.00129834256260804;1296
8;EUR/USD;0.00263931623575145;1297
8;EUR/USD;0.000934385695786288;1298
8;EUR/USD;0.0014019309443284;1299
8;EUR/USD;0.00116342066337553;1300
8;EUR/USD;0.000279562183546266;1301
8;EUR/USD;-0.00191555510886264;1302
8;EUR/USD;-0.000508476356842845;1303
8;EUR/USD;-0.00345225671588102;1304
8;EUR/USD;-0.00239836313142082;1305
8;EUR/USD;-0.00169941561160224;1306
8;EUR/USD;-0.00170726080707495;1307
8;EUR/USD;-0.00144714553398613;1308
8;EUR/USD;0.000975808930843114;1309
8;EUR/USD;0.000737581088194706;1310
8;EUR/USD;0.000265423281423813;1311
8;EUR/USD;0.00111951636536883;1312
8;EUR/USD;0.000476391116504974;1313
8;EUR/USD;0.000897913237402759;1314
8;EUR/USD;0.000236311421461138;1315
8;EUR/USD;9.13818837877982E-05;1316
8;EUR/USD;0.000698311636382928;1317
8;EUR/USD;0.000216329306444867;1318
8;EUR/USD;0.00100580104011899;1319
8;EUR/USD;0.00185214541484213;1320
8;EUR/USD;0.00215592288074722;1321
8;EUR/USD;0.00209806706267716;1322
8;EUR/USD;0.00265017390194504;1323
8;EUR/USD;0.00131325581141105;1324
8;EUR/USD;0.000421455416182125;1325
8;EUR/USD;0.000398344788333958;1326
8;EUR/USD;-0.000508748805933977;1327
8;EUR/USD;-0.00145831029799383;1328
8;EUR/USD;-0.00118899471711145;1329
8;EUR/USD;-0.000724815048575333;1330
8;EUR/USD;-8.84525245499578E-05;1331
8;EUR/USD;-0.000297368871768332;1332
8;EUR/USD;0.00111945878211343;1333
8;EUR/USD;0.000710354462171089;1334
8;EUR/USD;0.00241759828112579;1335
8;EUR/USD;0.00227490104040308;1336
8;EUR/USD;0.00118330999889826;1337
8;EUR/USD;-0.000569574177484483;1338
8;EUR/USD;0.00018735364367739;1339
8;EUR/USD;-0.00350887745272641;1340
8;EUR/USD;-0.0043201814141792;1341
8;EUR/USD;-0.00320577713948827;1342
8;EUR/USD;-0.00283292876925236;1343
8;EUR/USD;-0.00357389495604659;1344
8;EUR/USD;-0.0015285100716716;1345
8;EUR/USD;-0.000497579480035364;1346
8;EUR/USD;0.000184220541093901;1347
8;EUR/USD;0.00145002112021517;1348
8;EUR/USD;0.00236538923673794;1349
8;EUR/USD;0.0011014172222144;1350
8;EUR/USD;-0.000603048000730104;1351
8;EUR/USD;7.50703793611859E-05;1352
8;EUR/USD;-0.000240941306396685;1353
8;EUR/USD;-0.00110858903451234;1354
8;EUR/USD;0.000977927247752341;1355
8;EUR/USD;0.00183577810418509;1356
8;EUR/USD;0.00122395368605916;1357
8;EUR/USD;0.000810904644548708;1358
8;EUR/USD;0.00111569837618802;1359
8;EUR/USD;-9.61529919429321E-05;1360
8;EUR/USD;-0.00120585067110817;1361
8;EUR/USD;-0.00160316853895851;1362
8;EUR/USD;-0.00178296654655078;1363
8;EUR/USD;-0.000951339278059071;1364
8;EUR/USD;-0.000670794341913057;1365
8;EUR/USD;6.44959023818609E-05;1366
8;EUR/USD;0.0018694139855445;1367
8;EUR/USD;0.00132712589337831;1368
8;EUR/USD;0.000867788548663907;1369
8;EUR/USD;0.00010362046557286;1370
8;EUR/USD;0.000534872079263098;1371
8;EUR/USD;-0.00103680158209681;1372
8;EUR/USD;0.000809469213282615;1373
8;EUR/USD;0.000342868901120563;1374
8;EUR/USD;0.000647304579490623;1375
8;EUR/USD;0.000937487792379418;1376
8;EUR/USD;0.000370522221513243;1377
8;EUR/USD;0.000462858489489279;1378
8;EUR/USD;0.000264300418506469;1379
8;EUR/USD;0.000897049682452442;1380
8;EUR/USD;0.00157806766990061;1381
8;EUR/USD;0.00221059306764231;1382
8;EUR/USD;0.0013540343796891;1383
8;EUR/USD;0.00173848911614675;1384
8;EUR/USD;0.00146919255066752;1385
8;EUR/USD;0.000262685868154564;1386
8;EUR/USD;0.000711591331321048;1387
8;EUR/USD;0.000235620994001458;1388
8;EUR/USD;4.04141573925356E-05;1389
8;EUR/USD;0.000823454664035554;1390
8;EUR/USD;0.00148148825557232;1391
8;EUR/USD;0.0012309452761408;1392
8;EUR/USD;0.000992183782920745;1393
8;EUR/USD;0.000575454137010717;1394
8;EUR/USD;-0.000846327994197458;1395
8;EUR/USD;-0.001154055099373;1396
8;EUR/USD;-0.00199534793051632;1397
8;EUR/USD;-0.00139853960707329;1398
8;EUR/USD;-0.00110852271787448;1399
8;EUR/USD;-0.00086229452424991;1400
8;EUR/USD;-0.000738362609458663;1401
8;EUR/USD;-0.000221959964296792;1402
8;EUR/USD;1.23259509730481E-05;1403
8;EUR/USD;2.29001246545382E-05;1404
8;EUR/USD;0.000950254556629673;1405
8;EUR/USD;0.000289325868375722;1406
8;EUR/USD;-2.11518970804939E-05;1407
8;EUR/USD;-0.000801003205512286;1408
8;EUR/USD;-0.00380906313722781;1409
8;EUR/USD;-0.00515770284000429;1410
8;EUR/USD;-0.00428897772152593;1411
8;EUR/USD;-0.00590879904804595;1412
8;EUR/USD;-0.00527531847631616;1413
8;EUR/USD;-0.00180885727534108;1414
