8;EUR/JPY;0.00583417428641647;5
8;EUR/JPY;-0.00388445559485161;6
8;EUR/JPY;-0.00285955825302722;7
8;EUR/JPY;-0.00236053414663822;8
8;EUR/JPY;-0.000945906109323889;9
8;EUR/JPY;-0.0005932761747015;10
8;EUR/JPY;-0.000120986181722007;11
8;EUR/JPY;-0.000324168512259459;12
8;EUR/JPY;0.00117463278793008;13
8;EUR/JPY;0.000666517923916258;14
8;EUR/JPY;0.000720979794385782;15
8;EUR/JPY;0.000227843319086753;16
8;EUR/JPY;0.000342396154491541;17
8;EUR/JPY;-0.000356583909203965;18
8;EUR/JPY;-0.000599205241852095;19
8;EUR/JPY;0.000413424527339622;20
8;EUR/JPY;0.000148942305793917;21
8;EUR/JPY;-0.000758550394127357;22
8;EUR/JPY;-0.00128418370375766;23
8;EUR/JPY;-0.00215114951668409;24
8;EUR/JPY;-0.00270053433499686;25
8;EUR/JPY;-0.00150292902909828;26
8;EUR/JPY;-0.000446641044809;27
8;EUR/JPY;0.00137268705041761;28
8;EUR/JPY;0.00166121297041566;29
8;EUR/JPY;0.00153092804187019;30
8;EUR/JPY;0.00129494115234769;31
8;EUR/JPY;0.00104809876722748;32
8;EUR/JPY;-0.000900908765097974;33
8;EUR/JPY;-0.000403800361581472;34
8;EUR/JPY;-0.000218390623859268;35
8;EUR/JPY;-0.00124258605715513;36
8;EUR/JPY;-0.00214709977518066;37
8;EUR/JPY;-0.00082705210582469;38
8;EUR/JPY;-0.00128009027419286;39
8;EUR/JPY;-0.000936849284546851;40
8;EUR/JPY;0.000617321500565902;41
8;EUR/JPY;0.000320281235630739;42
8;EUR/JPY;0.000177008079581883;43
8;EUR/JPY;0.000365364155734872;44
8;EUR/JPY;0.000254782513914429;45
8;EUR/JPY;-8.32342880844997E-05;46
8;EUR/JPY;0.000773077545899559;47
8;EUR/JPY;0.000705059420320132;48
8;EUR/JPY;0.0002262475672205;49
8;EUR/JPY;0.000124442311571117;50
8;EUR/JPY;-0.00236900810696523;51
8;EUR/JPY;-0.0028984779064053;52
8;EUR/JPY;-0.00175239027462497;53
8;EUR/JPY;-0.00207405898851746;54
8;EUR/JPY;-0.00153262892132612;55
8;EUR/JPY;0.000520490124603072;56
8;EUR/JPY;0.000989348342211864;57
8;EUR/JPY;0.000581108705950997;58
8;EUR/JPY;0.00119733982328241;59
8;EUR/JPY;-0.00128479028135281;60
8;EUR/JPY;-0.0010595181278825;61
8;EUR/JPY;-0.00142346303722137;62
8;EUR/JPY;-0.00236621593931482;63
8;EUR/JPY;-0.00230422558462261;64
8;EUR/JPY;-0.000913939138013001;65
8;EUR/JPY;-0.00312683349885467;66
8;EUR/JPY;-0.00223847952508155;67
8;EUR/JPY;-0.00236694280178242;68
8;EUR/JPY;-0.00349520224038176;69
8;EUR/JPY;-0.00295123714319398;70
8;EUR/JPY;-0.00118583043511593;71
8;EUR/JPY;-0.00132717771551467;72
8;EUR/JPY;-0.000328583964574898;73
8;EUR/JPY;-0.000154949247256643;74
8;EUR/JPY;0.000149038925049803;75
8;EUR/JPY;0.000893308252795888;76
8;EUR/JPY;0.000418603955984566;77
8;EUR/JPY;0.00156104151186608;78
8;EUR/JPY;0.00279540013627421;79
8;EUR/JPY;0.00263505364277565;80
8;EUR/JPY;0.00270508969725663;81
8;EUR/JPY;0.00337497353719841;82
8;EUR/JPY;0.00123638877129068;83
8;EUR/JPY;0.000778633914166888;84
8;EUR/JPY;0.000900351736626749;85
8;EUR/JPY;0.000671310042230377;86
8;EUR/JPY;0.000576523876813509;87
8;EUR/JPY;0.000621777005095671;88
8;EUR/JPY;0.000702625528176808;89
8;EUR/JPY;-9.04272703858223E-05;90
8;EUR/JPY;-0.00061959073411887;91
8;EUR/JPY;-0.00128262983715988;92
8;EUR/JPY;-0.000326406806735939;93
8;EUR/JPY;2.43325544830937E-05;94
8;EUR/JPY;0.000423077218744414;95
8;EUR/JPY;0.000261265307534746;96
8;EUR/JPY;5.75001800841381E-05;97
8;EUR/JPY;-0.000209295010355564;98
8;EUR/JPY;-0.000156065999493145;99
8;EUR/JPY;0.000405027921470015;100
8;EUR/JPY;0.00170418038520939;101
8;EUR/JPY;0.00226097690929574;102
8;EUR/JPY;0.00191701827036235;103
8;EUR/JPY;0.00113264577695537;104
8;EUR/JPY;0.000978408546248709;105
8;EUR/JPY;-0.000196389578671201;106
8;EUR/JPY;-0.00155220912088766;107
8;EUR/JPY;-0.000714413539373566;108
8;EUR/JPY;-4.55817731858354E-05;109
8;EUR/JPY;-1.28053270203825E-05;110
8;EUR/JPY;0.000923342999312545;111
8;EUR/JPY;0.00173261262612895;112
8;EUR/JPY;0.000320520879304548;113
8;EUR/JPY;0.000330232732474958;114
8;EUR/JPY;0.00032414917954666;115
8;EUR/JPY;-0.000581919750834785;116
8;EUR/JPY;-0.000771048270559126;117
8;EUR/JPY;-0.000128146718132773;118
8;EUR/JPY;-4.26677286205282E-06;119
8;EUR/JPY;-0.00144279374528282;120
8;EUR/JPY;-0.00106031487660191;121
8;EUR/JPY;-0.000506638299463052;122
8;EUR/JPY;-0.00107539041962678;123
8;EUR/JPY;-0.000938051915308294;124
8;EUR/JPY;-0.000527243596605062;125
8;EUR/JPY;0.0013912232812521;126
8;EUR/JPY;-0.000543743001547251;127
8;EUR/JPY;-0.000163313262518056;128
8;EUR/JPY;-0.000367580118273295;129
8;EUR/JPY;-0.000149255880289194;130
8;EUR/JPY;-0.0013297883464365;131
8;EUR/JPY;0.00109456208611153;132
8;EUR/JPY;0.00129993957967573;133
8;EUR/JPY;0.000986788910853003;134
8;EUR/JPY;0.00181364036294299;135
8;EUR/JPY;0.000781289977814787;136
8;EUR/JPY;0.00110135958372572;137
8;EUR/JPY;0.00309842766204063;138
8;EUR/JPY;0.00349782452188145;139
8;EUR/JPY;0.00301328753840995;140
8;EUR/JPY;0.0037607969812266;141
8;EUR/JPY;0.00289973318091571;142
8;EUR/JPY;0.000831049379750623;143
8;EUR/JPY;0.000557759539531766;144
8;EUR/JPY;0.000800029039787213;145
8;EUR/JPY;-0.000433360529661869;146
8;EUR/JPY;-0.000141126995693953;147
8;EUR/JPY;-0.00102321344933586;148
8;EUR/JPY;-0.00110304175228743;149
8;EUR/JPY;-0.000606721932609312;150
8;EUR/JPY;4.19791784816848E-05;151
8;EUR/JPY;0.000136936539457965;152
8;EUR/JPY;-0.000414411841704225;153
8;EUR/JPY;-0.00193232767103919;154
8;EUR/JPY;-0.00246672352762817;155
8;EUR/JPY;-0.00234610510291831;156
8;EUR/JPY;-0.00309688692680784;157
8;EUR/JPY;-0.00174713072882386;158
8;EUR/JPY;0.000595792394577015;159
8;EUR/JPY;0.00113500543135045;160
8;EUR/JPY;0.000250416509270332;161
8;EUR/JPY;6.66645396922288E-05;162
8;EUR/JPY;0.000512868019255473;163
8;EUR/JPY;-0.000154084846168148;164
8;EUR/JPY;-0.000925329135316424;165
8;EUR/JPY;0.000125797279717578;166
8;EUR/JPY;0.000905567950595738;167
8;EUR/JPY;-0.00031578245896439;168
8;EUR/JPY;-0.000461550646216193;169
8;EUR/JPY;-0.00100788777348516;170
8;EUR/JPY;-0.000649624631294561;171
8;EUR/JPY;-0.000816243940447938;172
8;EUR/JPY;0.000519431182542107;173
8;EUR/JPY;-0.000262397427848673;174
8;EUR/JPY;0.00131916307437366;175
8;EUR/JPY;0.000313045636123092;176
8;EUR/JPY;-0.000182944353004181;177
8;EUR/JPY;-0.000168278163817219;178
8;EUR/JPY;0.000573990154283913;179
8;EUR/JPY;-0.000597509877848009;180
8;EUR/JPY;-0.0011426453084787;181
8;EUR/JPY;-0.000460227475811473;182
8;EUR/JPY;-0.00151235628213182;183
8;EUR/JPY;-0.00133903239652607;184
8;EUR/JPY;-0.000862594017893099;185
8;EUR/JPY;0.00148346328318668;186
8;EUR/JPY;0.0012489541114197;187
8;EUR/JPY;0.0019292571647863;188
8;EUR/JPY;0.00211589696311604;189
8;EUR/JPY;0.00244872131830186;190
8;EUR/JPY;0.00136030039705084;191
8;EUR/JPY;0.00193242294881816;192
8;EUR/JPY;0.00181431677727175;193
8;EUR/JPY;0.00197513072976765;194
8;EUR/JPY;0.000971155012168765;195
8;EUR/JPY;0.000673898985419936;196
8;EUR/JPY;0.000151104962171078;197
8;EUR/JPY;-0.000689496384057925;198
8;EUR/JPY;-0.000982321620473721;199
8;EUR/JPY;-0.00071387323560824;200
8;EUR/JPY;-0.00184918483998697;201
8;EUR/JPY;-0.00198180066496863;202
8;EUR/JPY;-0.00141443903027348;203
8;EUR/JPY;-0.00133425780914993;204
8;EUR/JPY;-0.000998639336400393;205
8;EUR/JPY;-0.000283947482102791;206
8;EUR/JPY;-0.000924508511012312;207
8;EUR/JPY;-0.00118970739382708;208
8;EUR/JPY;-0.00120394406179509;209
8;EUR/JPY;-0.00130047207036483;210
8;EUR/JPY;-1.1309738394615E-05;211
8;EUR/JPY;6.81034611651373E-05;212
8;EUR/JPY;0.000386473550210763;213
8;EUR/JPY;2.98319820709079E-05;214
8;EUR/JPY;0.000965538183911289;215
8;EUR/JPY;-0.000438745646967627;216
8;EUR/JPY;-0.000723364072533581;217
8;EUR/JPY;-0.000225825832757989;218
8;EUR/JPY;-7.10358454340154E-05;219
8;EUR/JPY;-0.000851870332512971;220
8;EUR/JPY;-0.000951557659845128;221
8;EUR/JPY;-0.000293501698277206;222
8;EUR/JPY;-5.68516956292856E-05;223
8;EUR/JPY;0.00110388303349786;224
8;EUR/JPY;0.000826409383209523;225
8;EUR/JPY;0.00114274263168806;226
8;EUR/JPY;0.00135561947940185;227
8;EUR/JPY;0.000977019345654345;228
8;EUR/JPY;-4.09854891603748E-05;229
8;EUR/JPY;0.000159784511523198;230
8;EUR/JPY;0.00029420922446028;231
8;EUR/JPY;0.000640502769030417;232
8;EUR/JPY;0.000521295338939834;233
8;EUR/JPY;-8.05821719313576E-05;234
8;EUR/JPY;0.000166718481495608;235
8;EUR/JPY;-2.82705492024781E-05;236
8;EUR/JPY;-7.05950463726668E-05;237
8;EUR/JPY;-7.90251691330219E-05;238
8;EUR/JPY;0.000348955165856982;239
8;EUR/JPY;-0.000496325538672617;240
8;EUR/JPY;0.000193573242661988;241
8;EUR/JPY;-7.06087533748522E-06;242
8;EUR/JPY;-0.000279661062516629;243
8;EUR/JPY;-0.000271199889005444;244
8;EUR/JPY;0.000304163203246936;245
8;EUR/JPY;-0.0004198816119291;246
8;EUR/JPY;-0.000455246128330641;247
8;EUR/JPY;0.000319177550193921;248
8;EUR/JPY;0.000491279337313386;249
8;EUR/JPY;0.000763319315697223;250
8;EUR/JPY;0.00143413257237601;251
8;EUR/JPY;0.000451009483470784;252
8;EUR/JPY;-8.32759940752712E-05;253
8;EUR/JPY;-0.000455946020377073;254
8;EUR/JPY;-0.000516085651963299;255
8;EUR/JPY;-0.000796881113933649;256
8;EUR/JPY;0.000402081080668121;257
8;EUR/JPY;0.000275102236786077;258
8;EUR/JPY;0.000475684903172306;259
8;EUR/JPY;0.000454112947626487;260
8;EUR/JPY;0.000164986842137975;261
8;EUR/JPY;-0.000174841208797224;262
8;EUR/JPY;-0.000379599136029151;263
8;EUR/JPY;-0.00020735549568561;264
8;EUR/JPY;-0.00035953861855944;265
8;EUR/JPY;0.000162034028962123;266
8;EUR/JPY;-0.000494329587984194;267
8;EUR/JPY;0.000141199068302962;268
8;EUR/JPY;-0.000368692341745442;269
8;EUR/JPY;-0.000214621080287204;270
8;EUR/JPY;-0.000418739072067691;271
8;EUR/JPY;0.00047740135662152;272
8;EUR/JPY;-0.00106710698462926;273
8;EUR/JPY;-0.00116563007198135;274
8;EUR/JPY;-0.00122576754792623;275
8;EUR/JPY;-0.00238955878962979;276
8;EUR/JPY;-0.00222722610374702;277
8;EUR/JPY;-0.000883173173648551;278
8;EUR/JPY;-0.000199204620940749;279
8;EUR/JPY;-0.000201944084339411;280
8;EUR/JPY;0.00123880844315698;281
8;EUR/JPY;-0.000105592103022133;282
8;EUR/JPY;-0.000256722967025336;283
8;EUR/JPY;-0.000627366504059494;284
8;EUR/JPY;-0.00140931627605574;285
8;EUR/JPY;-0.00182098802095114;286
8;EUR/JPY;-0.000885454060630264;287
8;EUR/JPY;-0.0015041542383576;288
8;EUR/JPY;-0.00120031872138384;289
8;EUR/JPY;-0.000318361794981252;290
8;EUR/JPY;-0.000710347776380517;291
8;EUR/JPY;-0.000523960722722133;292
8;EUR/JPY;5.31962693860738E-05;293
8;EUR/JPY;-0.000442983993495268;294
8;EUR/JPY;-0.000308807168223304;295
8;EUR/JPY;-0.000377005651602391;296
8;EUR/JPY;-0.00057722590368137;297
8;EUR/JPY;-0.000505216154884917;298
8;EUR/JPY;-0.000637430054585631;299
8;EUR/JPY;-0.000870092703096006;300
8;EUR/JPY;-0.000115258001014353;301
8;EUR/JPY;0.000254990904571135;302
8;EUR/JPY;0.000198784263433255;303
8;EUR/JPY;0.000719484881316186;304
8;EUR/JPY;0.000364920175810691;305
8;EUR/JPY;9.07712328411092E-05;306
8;EUR/JPY;7.77291580488994E-05;307
8;EUR/JPY;0.000172695426386309;308
8;EUR/JPY;0.000136683277805213;309
8;EUR/JPY;0.00049367282196212;310
8;EUR/JPY;4.75303998751253E-05;311
8;EUR/JPY;0.00016255777629732;312
8;EUR/JPY;1.43845567460912E-05;313
8;EUR/JPY;-0.000537199183764503;314
8;EUR/JPY;-0.00109116208146102;315
8;EUR/JPY;-0.000887655488535057;316
8;EUR/JPY;-0.00147793877528247;317
8;EUR/JPY;-0.00118153603850498;318
8;EUR/JPY;-0.000440339600166917;319
8;EUR/JPY;-3.32462427090988E-05;320
8;EUR/JPY;0.000788260857400546;321
8;EUR/JPY;0.00115125066453649;322
8;EUR/JPY;0.000818729371063143;323
8;EUR/JPY;0.00116299087259325;324
8;EUR/JPY;0.00134709749826428;325
8;EUR/JPY;0.000609993423414456;326
8;EUR/JPY;0.000989933882412728;327
8;EUR/JPY;0.0013084756161725;328
8;EUR/JPY;0.000742956757504335;329
8;EUR/JPY;0.000813935449773769;330
8;EUR/JPY;0.000621027200984969;331
8;EUR/JPY;7.16596738843268E-06;332
8;EUR/JPY;-0.000277927053070051;333
8;EUR/JPY;0.000306131996913015;334
8;EUR/JPY;-0.000413718711537958;335
8;EUR/JPY;0.000207534968581294;336
8;EUR/JPY;0.000741006498190655;337
8;EUR/JPY;0.000478253315418395;338
8;EUR/JPY;-0.000870986678674585;339
8;EUR/JPY;-0.000371500703870833;340
8;EUR/JPY;-0.00121246842455092;341
8;EUR/JPY;-0.00205811564175563;342
8;EUR/JPY;-0.00190114270608242;343
8;EUR/JPY;-0.00120527834449244;344
8;EUR/JPY;-0.00194909552802286;345
8;EUR/JPY;-0.00129227864581559;346
8;EUR/JPY;-0.000726966081653609;347
8;EUR/JPY;-0.00069714703429175;348
8;EUR/JPY;-0.000927975143017873;349
8;EUR/JPY;0.000386711444822738;350
8;EUR/JPY;-7.24411966512658E-05;351
8;EUR/JPY;-0.000146290421965423;352
8;EUR/JPY;-0.000240659959159851;353
8;EUR/JPY;0.000601286335359519;354
8;EUR/JPY;0.00012729179903889;355
8;EUR/JPY;0.000497865515073712;356
8;EUR/JPY;0.000505045291913355;357
8;EUR/JPY;0.000817931919905604;358
8;EUR/JPY;0.000344020205663086;359
8;EUR/JPY;0.00043045561113909;360
8;EUR/JPY;0.000187824643392533;361
8;EUR/JPY;0.000316269530378894;362
8;EUR/JPY;0.000391133943665435;363
8;EUR/JPY;0.000330453366182196;364
8;EUR/JPY;0.000148566448845587;365
8;EUR/JPY;0.000379445157405881;366
8;EUR/JPY;0.000217776180796854;367
8;EUR/JPY;-0.000353574986827382;368
8;EUR/JPY;-0.000300127033119352;369
8;EUR/JPY;-0.000212065385050292;370
8;EUR/JPY;-1.4414414420623E-05;371
8;EUR/JPY;3.6032789936236E-05;372
8;EUR/JPY;0.000304544775319305;373
8;EUR/JPY;0.000310219632722829;374
8;EUR/JPY;0.000285586582687968;375
8;EUR/JPY;2.59451980126793E-05;376
8;EUR/JPY;-0.000151381362090413;377
8;EUR/JPY;-0.000453377421329845;378
8;EUR/JPY;-0.000529828404462874;379
8;EUR/JPY;-0.000855091036419591;380
8;EUR/JPY;-0.000802976130063428;381
8;EUR/JPY;-0.000402799519681697;382
8;EUR/JPY;6.93726837563336E-05;383
8;EUR/JPY;0.000427436985799913;384
8;EUR/JPY;0.00077868610376831;385
8;EUR/JPY;0.00114283551585368;386
8;EUR/JPY;0.000696807009286512;387
8;EUR/JPY;0.000747119845351865;388
8;EUR/JPY;0.000160053648140057;389
8;EUR/JPY;0.000368780536075409;390
8;EUR/JPY;5.17922271393794E-05;391
8;EUR/JPY;0.000533584861241789;392
8;EUR/JPY;0.0002172654268865;393
8;EUR/JPY;0.000472204246046424;394
8;EUR/JPY;-0.000466852274631363;395
8;EUR/JPY;-0.000351299104812269;396
8;EUR/JPY;-0.00069782988369133;397
8;EUR/JPY;-0.000626537598703435;398
8;EUR/JPY;-0.000801101864254709;399
8;EUR/JPY;-0.000155859907156218;400
8;EUR/JPY;-0.000617707614144735;401
8;EUR/JPY;-0.000766818394212574;402
8;EUR/JPY;-0.000686399500354267;403
8;EUR/JPY;-0.000179101471501381;404
8;EUR/JPY;0.000129891689332997;405
8;EUR/JPY;0.000223922936122774;406
8;EUR/JPY;0.000257377961747937;407
8;EUR/JPY;-0.00065100118011167;408
8;EUR/JPY;-0.00086163648451121;409
8;EUR/JPY;-0.00104440390379567;410
8;EUR/JPY;-0.00104954441015937;411
8;EUR/JPY;-0.000764426200070967;412
8;EUR/JPY;0.000931625832879537;413
8;EUR/JPY;0.000770579901390285;414
8;EUR/JPY;0.00058796737566791;415
8;EUR/JPY;0.000756226725655342;416
8;EUR/JPY;6.38138960171215E-05;417
8;EUR/JPY;-0.000565992365549187;418
8;EUR/JPY;-0.00073139992368464;419
8;EUR/JPY;-0.00104534274969173;420
8;EUR/JPY;-0.00117468251547311;421
8;EUR/JPY;-0.000809332389008834;422
8;EUR/JPY;-0.00133518058239396;423
8;EUR/JPY;-0.00144748778793011;424
8;EUR/JPY;-0.000542946581042964;425
8;EUR/JPY;-0.000735870850744759;426
8;EUR/JPY;-0.000333694062540753;427
8;EUR/JPY;-0.000176654597021981;428
8;EUR/JPY;0.000300844172741;429
8;EUR/JPY;-8.60168037605918E-05;430
8;EUR/JPY;9.48680075438332E-05;431
8;EUR/JPY;-0.000546185078407469;432
8;EUR/JPY;-0.000381580457782347;433
8;EUR/JPY;-0.00092441748660407;434
8;EUR/JPY;-0.000759718357066442;435
8;EUR/JPY;-0.000594762296107931;436
8;EUR/JPY;-0.000111172063568322;437
8;EUR/JPY;0.000667653425959742;438
8;EUR/JPY;0.000893769612375521;439
8;EUR/JPY;0.00082824321439955;440
8;EUR/JPY;0.000127284635408587;441
8;EUR/JPY;-6.585470316954E-05;442
8;EUR/JPY;-0.000423416544361486;443
8;EUR/JPY;-0.000274580869208315;444
8;EUR/JPY;-0.000535702224794358;445
8;EUR/JPY;0.000191505783560576;446
8;EUR/JPY;0.00042255647670549;447
8;EUR/JPY;6.2839084966048E-05;448
8;EUR/JPY;6.86805666320128E-05;449
8;EUR/JPY;0.00119787015425465;450
8;EUR/JPY;0.0012846232183121;451
8;EUR/JPY;0.00125217901623604;452
8;EUR/JPY;0.00101728729541757;453
8;EUR/JPY;0.00104192327978793;454
8;EUR/JPY;0.00013652670789128;455
8;EUR/JPY;-0.000162670122691606;456
8;EUR/JPY;-8.71073830016661E-05;457
8;EUR/JPY;0.00025859692995873;458
8;EUR/JPY;-0.000207950866715861;459
8;EUR/JPY;-0.000167040095699417;460
8;EUR/JPY;-0.000175890639346201;461
8;EUR/JPY;-0.000543826310760533;462
8;EUR/JPY;-0.000833646733057375;463
8;EUR/JPY;-0.000533224867496142;464
8;EUR/JPY;-0.00141745277885297;465
8;EUR/JPY;-0.00125314515839127;466
8;EUR/JPY;-0.000840453855554486;467
8;EUR/JPY;-0.00119761274705436;468
8;EUR/JPY;-0.000988616855375191;469
8;EUR/JPY;-0.00087413239383775;470
8;EUR/JPY;1.75602903414321E-05;471
8;EUR/JPY;0.000219208533080618;472
8;EUR/JPY;0.000590197734337785;473
8;EUR/JPY;0.000437875673284803;474
8;EUR/JPY;0.00106867853525977;475
8;EUR/JPY;5.55974165413128E-05;476
8;EUR/JPY;-0.000583625986900953;477
8;EUR/JPY;-9.80015743741341E-05;478
8;EUR/JPY;0.000106760657577577;479
8;EUR/JPY;0.000273215104382152;480
8;EUR/JPY;0.000252919388249856;481
8;EUR/JPY;0.000542725295098522;482
8;EUR/JPY;0.000485149837866258;483
8;EUR/JPY;0.000255701258908613;484
8;EUR/JPY;0.00023347101044719;485
8;EUR/JPY;-5.84500511945325E-05;486
8;EUR/JPY;0.000328430068951811;487
8;EUR/JPY;0.000195480620676762;488
8;EUR/JPY;2.48221384591096E-05;489
8;EUR/JPY;-4.81310918235391E-05;490
8;EUR/JPY;0.00017967943769539;491
8;EUR/JPY;-0.000182394561233124;492
8;EUR/JPY;-5.54153970850234E-05;493
8;EUR/JPY;0.000482688707007177;494
8;EUR/JPY;0.00028715636367174;495
8;EUR/JPY;0.000775296442970432;496
8;EUR/JPY;0.00119203482141642;497
8;EUR/JPY;0.001077840387549;498
8;EUR/JPY;0.000854602776980176;499
8;EUR/JPY;0.000816938782589942;500
8;EUR/JPY;0.000171557769509813;501
8;EUR/JPY;-0.000435818639536272;502
8;EUR/JPY;-0.000795090967167746;503
8;EUR/JPY;-0.000883735213085976;504
8;EUR/JPY;-0.000923298901509965;505
8;EUR/JPY;-0.000818402056491197;506
8;EUR/JPY;-0.000269228990772183;507
8;EUR/JPY;-0.000345474840371674;508
8;EUR/JPY;-0.000428737212752834;509
8;EUR/JPY;-8.60036382587312E-05;510
8;EUR/JPY;-4.37812399136088E-05;511
8;EUR/JPY;-0.000522025989366775;512
8;EUR/JPY;-0.000479112119278522;513
8;EUR/JPY;-0.000378460044035179;514
8;EUR/JPY;-0.000646940196447333;515
8;EUR/JPY;-0.000401775250626803;516
8;EUR/JPY;-0.000355113989136399;517
8;EUR/JPY;2.63225240755566E-05;518
8;EUR/JPY;0.000200278506168698;519
8;EUR/JPY;0.000426660594169239;520
8;EUR/JPY;0.00123925166867784;521
8;EUR/JPY;0.00174899994373699;522
8;EUR/JPY;0.00205992423397537;523
8;EUR/JPY;0.0013136384052514;524
8;EUR/JPY;0.00107720449935904;525
8;EUR/JPY;0.000439906824227145;526
8;EUR/JPY;-1.88500730579936E-05;527
8;EUR/JPY;-0.00319052109982084;528
8;EUR/JPY;-0.00183009242536647;529
8;EUR/JPY;-0.00232614246186114;530
8;EUR/JPY;-0.00283785929911521;531
8;EUR/JPY;-0.002471635007408;532
8;EUR/JPY;7.05742249672419E-05;533
8;EUR/JPY;0.00038783101262714;534
8;EUR/JPY;0.000937799359107802;535
8;EUR/JPY;0.00134580933548744;536
8;EUR/JPY;0.00149480369089979;537
8;EUR/JPY;0.00187139462021307;538
8;EUR/JPY;0.00158156547850411;539
8;EUR/JPY;0.00143769714568052;540
8;EUR/JPY;0.00162832629088941;541
8;EUR/JPY;0.00141427490933146;542
8;EUR/JPY;0.0013252435333944;543
8;EUR/JPY;0.000797676073592216;544
8;EUR/JPY;0.0011260215290886;545
8;EUR/JPY;0.00134616448364347;546
8;EUR/JPY;0.00125054947514679;547
8;EUR/JPY;0.000869039362488875;548
8;EUR/JPY;0.000538187442173932;549
8;EUR/JPY;8.08063328525628E-05;550
8;EUR/JPY;-0.000462624554582608;551
8;EUR/JPY;-0.000470742572260037;552
8;EUR/JPY;-4.32141223764876E-06;553
8;EUR/JPY;0.000310997269449817;554
8;EUR/JPY;0.00110061530800182;555
8;EUR/JPY;0.00123129537861368;556
8;EUR/JPY;0.00160917850868419;557
8;EUR/JPY;0.00216054136949458;558
8;EUR/JPY;0.00223896013798021;559
8;EUR/JPY;0.00176981560627608;560
8;EUR/JPY;0.000552763451348291;561
8;EUR/JPY;5.7188199218893E-06;562
8;EUR/JPY;-0.000517948330587155;563
8;EUR/JPY;-0.00128881231264515;564
8;EUR/JPY;-0.00128259068308579;565
8;EUR/JPY;-0.000608697678798666;566
8;EUR/JPY;4.43153107637455E-05;567
8;EUR/JPY;-0.000725667869501049;568
8;EUR/JPY;-0.000150402333310557;569
8;EUR/JPY;-0.000669522676826712;570
8;EUR/JPY;0.000369736202579346;571
8;EUR/JPY;-0.00126756948532191;572
8;EUR/JPY;-0.00131922519150056;573
8;EUR/JPY;-0.00146552410878967;574
8;EUR/JPY;-0.000523413701862022;575
8;EUR/JPY;-0.00145133303944383;576
8;EUR/JPY;-0.000531495737827844;577
8;EUR/JPY;0.000557812067713034;578
8;EUR/JPY;0.000613979310010756;579
8;EUR/JPY;-9.93731590504176E-05;580
8;EUR/JPY;0.000167224090009688;581
8;EUR/JPY;-0.000272777501341194;582
8;EUR/JPY;-0.00067476058121516;583
8;EUR/JPY;-0.00088698337162687;584
8;EUR/JPY;-0.00133406577407369;585
8;EUR/JPY;-0.00174542141573804;586
8;EUR/JPY;-0.00158628571127493;587
8;EUR/JPY;-0.00219714608623239;588
8;EUR/JPY;-0.00129933677711439;589
8;EUR/JPY;-0.000582373108234275;590
8;EUR/JPY;-0.000404513812060959;591
8;EUR/JPY;1.89238859613585E-05;592
8;EUR/JPY;0.00032098285984302;593
8;EUR/JPY;-0.000171748791574838;594
8;EUR/JPY;0.000204967946273649;595
8;EUR/JPY;-0.000234643452708397;596
8;EUR/JPY;-0.000963020486304194;597
8;EUR/JPY;-0.000469977155286051;598
8;EUR/JPY;-0.000795165861766773;599
8;EUR/JPY;-0.000231149193265674;600
8;EUR/JPY;0.00093692659216381;601
8;EUR/JPY;0.00126991959346512;602
8;EUR/JPY;0.000151914642964455;603
8;EUR/JPY;1.90041114806669E-05;604
8;EUR/JPY;-0.000843996894050445;605
8;EUR/JPY;-0.00224635362407016;606
8;EUR/JPY;-0.0028366778472182;607
8;EUR/JPY;-0.0014346328224827;608
8;EUR/JPY;-0.000886341197121096;609
8;EUR/JPY;-0.00105011720017176;610
8;EUR/JPY;-8.07478732069151E-05;611
8;EUR/JPY;-2.80106883347888E-05;612
8;EUR/JPY;-0.000485912465601483;613
8;EUR/JPY;-0.000882912686578589;614
8;EUR/JPY;-0.000962679692795948;615
8;EUR/JPY;-0.000435131115183478;616
8;EUR/JPY;-0.000210943252960663;617
8;EUR/JPY;0.000154736605502908;618
8;EUR/JPY;0.000982730667630086;619
8;EUR/JPY;0.000761400746552626;620
8;EUR/JPY;0.0003117441388778;621
8;EUR/JPY;0.00160669409871158;622
8;EUR/JPY;0.00137117556322508;623
8;EUR/JPY;0.000485168526092391;624
8;EUR/JPY;0.00103947366097829;625
8;EUR/JPY;0.000847483746615616;626
8;EUR/JPY;-0.00122627242384321;627
8;EUR/JPY;-0.000953248710195246;628
8;EUR/JPY;-0.000896503894601943;629
8;EUR/JPY;-0.0013542860889836;630
8;EUR/JPY;-0.00181665772275574;631
8;EUR/JPY;-0.000309590738717017;632
8;EUR/JPY;0.00124126150855282;633
8;EUR/JPY;0.00119932036451543;634
8;EUR/JPY;0.00144492870279667;635
8;EUR/JPY;0.00220985366164532;636
8;EUR/JPY;0.00230158214122075;637
8;EUR/JPY;0.000290516301378816;638
8;EUR/JPY;0.000135898855568428;639
8;EUR/JPY;0.000223506964028205;640
8;EUR/JPY;0.000197037880046608;641
8;EUR/JPY;0.00078459158894046;642
8;EUR/JPY;0.000906786795907893;643
8;EUR/JPY;0.00109259638899219;644
8;EUR/JPY;0.00141412232321585;645
8;EUR/JPY;0.000562313721720191;646
8;EUR/JPY;-0.000316959581303916;647
8;EUR/JPY;-0.00030519934709395;648
8;EUR/JPY;9.15069245307403E-05;649
8;EUR/JPY;0.0026427122313986;650
8;EUR/JPY;0.00426028788163669;651
8;EUR/JPY;0.00519785821249653;652
8;EUR/JPY;0.00486365807594704;653
8;EUR/JPY;0.00687409778922625;654
8;EUR/JPY;0.00320047703945208;655
8;EUR/JPY;0.00225858298549896;656
8;EUR/JPY;0.00190488381054644;657
8;EUR/JPY;0.00224576343073303;658
8;EUR/JPY;0.000944853887965244;659
8;EUR/JPY;0.00132893651693736;660
8;EUR/JPY;0.00144088900097981;661
8;EUR/JPY;0.00102533439309721;662
8;EUR/JPY;0.000239879668095602;663
8;EUR/JPY;-0.000864893446276045;664
8;EUR/JPY;-0.000320549902570202;665
8;EUR/JPY;-0.00049128897014551;666
8;EUR/JPY;-0.000626902734730155;667
8;EUR/JPY;-0.000631881001908251;668
8;EUR/JPY;7.99284861035085E-05;669
8;EUR/JPY;-0.000161168833065203;670
8;EUR/JPY;0.00133249090915948;671
8;EUR/JPY;0.00169565277417361;672
8;EUR/JPY;0.00305100124604409;673
8;EUR/JPY;0.00194347634180436;674
8;EUR/JPY;0.00140549501601756;675
8;EUR/JPY;1.67044837715604E-05;676
8;EUR/JPY;0.000367931737904386;677
8;EUR/JPY;5.81661061891833E-05;678
8;EUR/JPY;0.00054905855748656;679
8;EUR/JPY;0.0015573778140374;680
8;EUR/JPY;0.00231670837043501;681
8;EUR/JPY;0.00297127866075249;682
8;EUR/JPY;0.0011886923174231;683
8;EUR/JPY;0.000837318491642475;684
8;EUR/JPY;0.000593128426218071;685
8;EUR/JPY;0.000520806788577044;686
8;EUR/JPY;-0.000262576708052521;687
8;EUR/JPY;0.00161224859256619;688
8;EUR/JPY;0.00282311884787732;689
8;EUR/JPY;0.00327178562585895;690
8;EUR/JPY;0.00328576874374339;691
8;EUR/JPY;0.00343129543196152;692
8;EUR/JPY;0.00227954800042323;693
8;EUR/JPY;0.00163556900328624;694
8;EUR/JPY;-0.000174868436206079;695
8;EUR/JPY;-0.00301559387760254;696
8;EUR/JPY;-0.00401786640191586;697
8;EUR/JPY;-0.00267044808317521;698
8;EUR/JPY;-0.00147249560443154;699
8;EUR/JPY;-0.000255121115330072;700
8;EUR/JPY;0.000783770276699918;701
8;EUR/JPY;0.00194495868016972;702
8;EUR/JPY;0.00113232817931588;703
8;EUR/JPY;-0.000571339566768793;704
8;EUR/JPY;-5.2964843197474E-05;705
8;EUR/JPY;0.000790229444944629;706
8;EUR/JPY;-0.000429976013487392;707
8;EUR/JPY;5.57684660144781E-05;708
8;EUR/JPY;7.49112140629489E-05;709
8;EUR/JPY;-0.00023511586919625;710
8;EUR/JPY;0.00117952049468253;711
8;EUR/JPY;0.00134399984464554;712
8;EUR/JPY;0.000600225874536046;713
8;EUR/JPY;0.00099975757639351;714
8;EUR/JPY;0.000631332941127311;715
8;EUR/JPY;2.97369630998459E-05;716
8;EUR/JPY;-0.000123163130746884;717
8;EUR/JPY;0.000197869530681782;718
8;EUR/JPY;-8.40262119926859E-05;719
8;EUR/JPY;-0.000179014617915985;720
8;EUR/JPY;-0.000508840700223638;721
8;EUR/JPY;-0.000270955022272835;722
8;EUR/JPY;0.00166731707621356;723
8;EUR/JPY;0.00114216896154172;724
8;EUR/JPY;0.00185557899465849;725
8;EUR/JPY;0.00227161871349714;726
8;EUR/JPY;0.00266508113103081;727
8;EUR/JPY;1.61196074962773E-05;728
8;EUR/JPY;0.000293610655037767;729
8;EUR/JPY;-0.000283837775861742;730
8;EUR/JPY;-0.0020589932088843;731
8;EUR/JPY;-0.00227366904501337;732
8;EUR/JPY;-0.00139646734154384;733
8;EUR/JPY;-0.00146424811318597;734
8;EUR/JPY;-0.0014605163178298;735
8;EUR/JPY;-0.00133092990446324;736
8;EUR/JPY;-0.000767292105060719;737
8;EUR/JPY;8.11578520334994E-06;738
8;EUR/JPY;-6.23737276069042E-05;739
8;EUR/JPY;-0.000263241847316015;740
8;EUR/JPY;0.00129031829346416;741
8;EUR/JPY;3.66692132425656E-05;742
8;EUR/JPY;-0.000814571223434084;743
8;EUR/JPY;-0.000593522623057851;744
8;EUR/JPY;-0.00108374783554176;745
8;EUR/JPY;-0.00217114537176084;746
8;EUR/JPY;-0.000911932218785812;747
8;EUR/JPY;-0.00184877616479238;748
8;EUR/JPY;-0.000987211909244882;749
8;EUR/JPY;-0.00134100447264505;750
8;EUR/JPY;0.000530326639112618;751
8;EUR/JPY;-0.000560105829834367;752
8;EUR/JPY;3.42654683727756E-05;753
8;EUR/JPY;-0.000202407019463889;754
8;EUR/JPY;0.00129594820331836;755
8;EUR/JPY;-8.60141663569637E-05;756
8;EUR/JPY;-9.98908747191005E-05;757
8;EUR/JPY;0.00106614432153421;758
8;EUR/JPY;0.00112567965686778;759
8;EUR/JPY;0.000531835417237856;760
8;EUR/JPY;0.000595877706434081;761
8;EUR/JPY;0.00112600998283606;762
8;EUR/JPY;0.000288792977476355;763
8;EUR/JPY;-0.00034726131961131;764
8;EUR/JPY;6.80922922992821E-06;765
8;EUR/JPY;-0.000211149387356183;766
8;EUR/JPY;-0.000216520241616612;767
8;EUR/JPY;4.08332710910167E-05;768
8;EUR/JPY;0.000140338931075501;769
8;EUR/JPY;-0.000380309883036941;770
8;EUR/JPY;-0.000272780631219538;771
8;EUR/JPY;-0.000289058768778181;772
8;EUR/JPY;-9.3928990050027E-05;773
8;EUR/JPY;-0.000301236694684182;774
8;EUR/JPY;-0.00120430353690276;775
8;EUR/JPY;-0.00180561209115426;776
8;EUR/JPY;-0.00175419284463328;777
8;EUR/JPY;-0.00202952950482373;778
8;EUR/JPY;-0.00210905011676862;779
8;EUR/JPY;-0.00108596804525149;780
8;EUR/JPY;-2.6168726343442E-05;781
8;EUR/JPY;-0.000950658039369201;782
8;EUR/JPY;-0.00216293077490229;783
8;EUR/JPY;-0.00160137601516703;784
8;EUR/JPY;-0.00301472717782195;785
8;EUR/JPY;-0.00366697094205087;786
8;EUR/JPY;-0.00320096056118009;787
8;EUR/JPY;-0.00329313814857884;788
8;EUR/JPY;-0.00427541368314903;789
8;EUR/JPY;-0.00169124086341205;790
8;EUR/JPY;-0.00224169039940334;791
8;EUR/JPY;-0.00162981686423849;792
8;EUR/JPY;0.000176614176639697;793
8;EUR/JPY;0.000360268454792476;794
8;EUR/JPY;-0.000393196972584293;795
8;EUR/JPY;-0.000167475669044187;796
8;EUR/JPY;-0.0007182202688094;797
8;EUR/JPY;-0.0018045491203475;798
8;EUR/JPY;-0.00124667679213704;799
8;EUR/JPY;-0.00150922661676231;800
8;EUR/JPY;-0.00120626854363819;801
8;EUR/JPY;-0.000762198759132822;802
8;EUR/JPY;-0.00105305890425475;803
8;EUR/JPY;-0.00216199722563156;804
8;EUR/JPY;-0.0029372142051091;805
8;EUR/JPY;-0.00320386987719567;806
8;EUR/JPY;-0.00248475379289609;807
8;EUR/JPY;-0.00147095962274128;808
8;EUR/JPY;-0.00487928719378731;809
8;EUR/JPY;-0.00441283154615612;810
8;EUR/JPY;-0.00328996669366295;811
8;EUR/JPY;-0.00466574026422042;812
8;EUR/JPY;-0.0038232387362486;813
8;EUR/JPY;5.31671371151025E-05;814
8;EUR/JPY;0.00229979764430576;815
8;EUR/JPY;0.00144529165259309;816
8;EUR/JPY;0.00276054906214206;817
8;EUR/JPY;0.00146711929081466;818
8;EUR/JPY;0.00228751787130784;819
8;EUR/JPY;-0.00106788964617161;820
8;EUR/JPY;-0.000128960407762553;821
8;EUR/JPY;-0.000292026275837874;822
8;EUR/JPY;-0.000516148185508493;823
8;EUR/JPY;-0.00345453094213794;824
8;EUR/JPY;-0.0018960009289871;825
8;EUR/JPY;-0.00344363211952855;826
8;EUR/JPY;-0.0064835547291751;827
8;EUR/JPY;-0.0086297192796022;828
8;EUR/JPY;-0.00275030973063955;829
8;EUR/JPY;-0.00211212542900667;830
8;EUR/JPY;-0.0011486806080606;831
8;EUR/JPY;0.000419157767240313;832
8;EUR/JPY;0.00470435755911763;833
8;EUR/JPY;0.00161976993875882;834
8;EUR/JPY;0.00111183308105135;835
8;EUR/JPY;0.000242849463189362;836
8;EUR/JPY;-0.000170271125597926;837
8;EUR/JPY;-0.00161906574133281;838
8;EUR/JPY;-6.72291511926852E-05;839
8;EUR/JPY;3.58110075041049E-05;840
8;EUR/JPY;0.000239562228722068;841
8;EUR/JPY;-0.000205120488550303;842
8;EUR/JPY;-0.000542614375990442;843
8;EUR/JPY;-0.00120498543542945;844
8;EUR/JPY;-0.00157727043392109;845
8;EUR/JPY;-0.000485411676911553;846
8;EUR/JPY;0.000462731147968574;847
8;EUR/JPY;0.00305404326491781;848
8;EUR/JPY;0.00261949219893461;849
8;EUR/JPY;0.00264566176097475;850
8;EUR/JPY;0.0013916505138262;851
8;EUR/JPY;-0.00014759592521953;852
8;EUR/JPY;-0.00158186170105473;853
8;EUR/JPY;-0.000826644055212205;854
8;EUR/JPY;8.4572557465761E-05;855
8;EUR/JPY;0.000145927801996376;856
8;EUR/JPY;0.0033733759575553;857
8;EUR/JPY;0.00163685228240637;858
8;EUR/JPY;0.00105944964807296;859
8;EUR/JPY;-0.000629959216933947;860
8;EUR/JPY;-9.67769570619643E-05;861
8;EUR/JPY;-0.000713843897842695;862
8;EUR/JPY;0.000697216294051627;863
8;EUR/JPY;0.000207369024317301;864
8;EUR/JPY;0.00155052176273575;865
8;EUR/JPY;0.0026319575902382;866
8;EUR/JPY;0.00212216527418745;867
8;EUR/JPY;0.00168696485648666;868
8;EUR/JPY;0.000318041523354887;869
8;EUR/JPY;0.000258238773901745;870
8;EUR/JPY;-0.000317721883717074;871
8;EUR/JPY;-0.000943690097761519;872
8;EUR/JPY;-0.00146643890199628;873
8;EUR/JPY;0.000350000273922318;874
8;EUR/JPY;-0.000756474140883079;875
8;EUR/JPY;-0.00234402265542461;876
8;EUR/JPY;-0.00112793258659255;877
8;EUR/JPY;0.000651276359793299;878
8;EUR/JPY;0.000587860883726177;879
8;EUR/JPY;0.000897995054290899;880
8;EUR/JPY;0.00160661307437605;881
8;EUR/JPY;0.00115157918816005;882
8;EUR/JPY;-0.000321681073937291;883
8;EUR/JPY;-0.000624751859929117;884
8;EUR/JPY;-0.000717481614500973;885
8;EUR/JPY;-0.000640800882644933;886
8;EUR/JPY;-0.000486796448050341;887
8;EUR/JPY;0.000121060016983318;888
8;EUR/JPY;-0.000200806194612024;889
8;EUR/JPY;-0.000331559664150102;890
8;EUR/JPY;-0.000235821974336131;891
8;EUR/JPY;0.000142166414729423;892
8;EUR/JPY;-0.000539428459294718;893
8;EUR/JPY;-0.00088684062651561;894
8;EUR/JPY;0.000210248912594494;895
8;EUR/JPY;0.000303995372550921;896
8;EUR/JPY;-0.000105134178061673;897
8;EUR/JPY;-0.000398484705360027;898
8;EUR/JPY;-0.00140416239899472;899
8;EUR/JPY;-0.00210053774368442;900
8;EUR/JPY;-0.00176515508043526;901
8;EUR/JPY;-0.00143146019607769;902
8;EUR/JPY;-0.00169312707749467;903
8;EUR/JPY;0.000192668889542335;904
8;EUR/JPY;0.00108128929035229;905
8;EUR/JPY;0.00084284768152428;906
8;EUR/JPY;0.000159558017864803;907
8;EUR/JPY;1.49543332051607E-06;908
8;EUR/JPY;-0.000285335522992208;909
8;EUR/JPY;-0.00105586787427041;910
8;EUR/JPY;-0.00286217145037429;911
8;EUR/JPY;-0.00242343591698811;912
8;EUR/JPY;-0.0020139794895919;913
8;EUR/JPY;-0.00183222979685055;914
8;EUR/JPY;-0.00196696539196593;915
8;EUR/JPY;-4.22868104483776E-05;916
8;EUR/JPY;-0.00148865085142071;917
8;EUR/JPY;-0.00221919866630612;918
8;EUR/JPY;-0.00188115058426898;919
8;EUR/JPY;-0.00153861488344677;920
8;EUR/JPY;-0.00128950098004225;921
8;EUR/JPY;-7.60037241914502E-06;922
8;EUR/JPY;-0.00179511005276118;923
8;EUR/JPY;-0.00263066883396036;924
8;EUR/JPY;-0.00287995289763738;925
8;EUR/JPY;-0.00474092170688688;926
8;EUR/JPY;-0.00540646329559461;927
8;EUR/JPY;-0.00163726048008111;928
8;EUR/JPY;-0.00135328151650342;929
8;EUR/JPY;-0.00096565465878741;930
8;EUR/JPY;0.000443150591997714;931
8;EUR/JPY;-0.000862384000864644;932
8;EUR/JPY;-0.00238378118469563;933
8;EUR/JPY;-0.0016426972839918;934
8;EUR/JPY;-0.00101243203256715;935
8;EUR/JPY;-0.000709513032213117;936
8;EUR/JPY;0.00205202026376741;937
8;EUR/JPY;0.00224699503206982;938
8;EUR/JPY;0.00130838815687217;939
8;EUR/JPY;0.00075009619737235;940
8;EUR/JPY;0.000575893810935236;941
8;EUR/JPY;0.00221704716565694;942
8;EUR/JPY;0.000865768634334035;943
8;EUR/JPY;-0.000169700659792368;944
8;EUR/JPY;0.000104044135693785;945
8;EUR/JPY;0.00034474199479278;946
8;EUR/JPY;-0.000722933123750656;947
8;EUR/JPY;0.00114548027189729;948
8;EUR/JPY;0.00180790439532504;949
8;EUR/JPY;0.00312851754838728;950
8;EUR/JPY;0.00333426962028847;951
8;EUR/JPY;0.0018558984671966;952
8;EUR/JPY;0.00129960755725043;953
8;EUR/JPY;0.00160805195386613;954
8;EUR/JPY;0.000227601691096222;955
8;EUR/JPY;0.00010983479293022;956
8;EUR/JPY;3.20582544966466E-05;957
8;EUR/JPY;-0.000192796171247668;958
8;EUR/JPY;-0.00103775917700293;959
8;EUR/JPY;-0.0019344424419008;960
8;EUR/JPY;-0.0031448783914108;961
8;EUR/JPY;-0.0019234014568944;962
8;EUR/JPY;-0.00134247247720925;963
8;EUR/JPY;-0.000480787983776669;964
8;EUR/JPY;0.000277277182911979;965
8;EUR/JPY;0.00135562336277279;966
8;EUR/JPY;-0.000830895642142711;967
8;EUR/JPY;-0.00142758872150799;968
8;EUR/JPY;-0.00121325978112493;969
8;EUR/JPY;-0.0015592783326977;970
8;EUR/JPY;-0.00182869900009703;971
8;EUR/JPY;-0.000689883055224949;972
8;EUR/JPY;0.000684905642654549;973
8;EUR/JPY;0.0021414356913433;974
8;EUR/JPY;0.00183924607445033;975
8;EUR/JPY;0.00197175337070023;976
8;EUR/JPY;0.00295358488986851;977
8;EUR/JPY;0.00213413727235134;978
8;EUR/JPY;0.000706706390879588;979
8;EUR/JPY;0.00143214970154964;980
8;EUR/JPY;0.000894457932138113;981
8;EUR/JPY;0.000266079496076673;982
8;EUR/JPY;-0.000120945367765745;983
8;EUR/JPY;-0.000811161078353791;984
8;EUR/JPY;-0.00117253010759885;985
8;EUR/JPY;-0.00137478700352608;986
8;EUR/JPY;-0.00206139885179552;987
8;EUR/JPY;-0.00211376634145736;988
8;EUR/JPY;-0.00274449498814717;989
8;EUR/JPY;-0.00260371050258616;990
8;EUR/JPY;-0.00290019908756467;991
8;EUR/JPY;-0.00321249543015976;992
8;EUR/JPY;-0.002708134493258;993
8;EUR/JPY;-0.00147279063934611;994
8;EUR/JPY;-0.00200079824175872;995
8;EUR/JPY;-0.00152274640243658;996
8;EUR/JPY;-0.00163371671038887;997
8;EUR/JPY;-0.000301434224309496;998
8;EUR/JPY;-0.000432008022659192;999
8;EUR/JPY;-0.000924291009048934;1000
9;EUR/JPY;-0.000718801102472169;1001
8;EUR/JPY;-0.000920827210747421;1001
9;EUR/JPY;-0.000659398376385854;1002
8;EUR/JPY;0.00120806265659784;1002
9;EUR/JPY;0.000908238521240876;1003
1;EUR/JPY;126.923;1003
8;EUR/JPY;-0.000599507154004331;1003
9;EUR/JPY;-0.000490668249289155;1004
8;EUR/JPY;0.00132448220100574;1004
9;EUR/JPY;0.000977466754285982;1005
8;EUR/JPY;0.00213653933068756;1005
9;EUR/JPY;0.000370904939569287;1006
8;EUR/JPY;0.00285601253796578;1006
9;EUR/JPY;0.000525084543070395;1007
8;EUR/JPY;0.00175332608997172;1007
9;EUR/JPY;0.0004626693931611;1008
8;EUR/JPY;0.00240133523354084;1008
9;EUR/JPY;0.000559994073896745;1009
8;EUR/JPY;-7.50023447022736E-05;1009
9;EUR/JPY;-0.000498107032489474;1010
8;EUR/JPY;0.000449200051577489;1010
9;EUR/JPY;0.000535656760040468;1011
0;EUR/JPY;128.148;1011
8;EUR/JPY;-1.87287838133073E-05;1011
9;EUR/JPY;-0.000251624499112018;1012
8;EUR/JPY;-0.00114104707213798;1012
9;EUR/JPY;-0.0007886692022818;1013
8;EUR/JPY;7.47250360912112E-05;1013
9;EUR/JPY;0.000746386573831232;1014
1;EUR/JPY;128.505;1014
8;EUR/JPY;0.00082037000429403;1014
9;EUR/JPY;0.000129703063842491;1015
8;EUR/JPY;0.000306685252415237;1015
9;EUR/JPY;0.000102355496125157;1016
8;EUR/JPY;0.000744676739367626;1016
9;EUR/JPY;0.000171434118984618;1017
8;EUR/JPY;0.00164074183349242;1017
9;EUR/JPY;0.000320140911835612;1018
8;EUR/JPY;-0.000636054507144691;1018
9;EUR/JPY;-0.000680587480122893;1019
0;EUR/JPY;129.291;1019
8;EUR/JPY;0.00123046755499399;1019
9;EUR/JPY;0.0010273383984799;1020
1;EUR/JPY;129.309;1020
8;EUR/JPY;0.00114164591773846;1020
9;EUR/JPY;0.000152146575793001;1021
8;EUR/JPY;0.0017849313672581;1021
9;EUR/JPY;0.000740594366807862;1022
8;EUR/JPY;0.00116112205894653;1022
9;EUR/JPY;-0.00027753709149095;1023
8;EUR/JPY;0.00176133151866766;1023
9;EUR/JPY;5.92704860027401E-05;1024
8;EUR/JPY;0.000174723140666534;1024
9;EUR/JPY;0.000246192778079734;1025
8;EUR/JPY;0.000677864682359574;1025
9;EUR/JPY;0.000510213435417003;1026
8;EUR/JPY;-0.000294583799484206;1026
9;EUR/JPY;-0.000239013608604725;1027
8;EUR/JPY;0.00019312402765957;1027
9;EUR/JPY;-2.69762013849457E-05;1028
8;EUR/JPY;0.00187172805127105;1028
9;EUR/JPY;0.00110550279530507;1029
8;EUR/JPY;0.00142914951915601;1029
9;EUR/JPY;0.000128428460184706;1030
8;EUR/JPY;0.00159829506913731;1030
9;EUR/JPY;0.000736371791225325;1031
8;EUR/JPY;0.00486099568699357;1031
9;EUR/JPY;0.0015866150964402;1032
8;EUR/JPY;0.00413870056550447;1032
9;EUR/JPY;-5.93682805557668E-05;1033
8;EUR/JPY;0.00450891581725377;1033
9;EUR/JPY;0.00136160354263394;1034
8;EUR/JPY;0.00524773696643981;1034
9;EUR/JPY;0.00106048042918129;1035
8;EUR/JPY;0.00479132685454145;1035
9;EUR/JPY;0.000749040552247963;1036
8;EUR/JPY;0.00308973600145995;1036
9;EUR/JPY;0.00123332903497388;1037
8;EUR/JPY;0.00352789371791805;1037
9;EUR/JPY;0.000312068326678904;1038
8;EUR/JPY;0.0015143893855111;1038
9;EUR/JPY;0.00011243104935814;1039
8;EUR/JPY;0.000270376289894235;1039
9;EUR/JPY;-0.000440116645946986;1040
8;EUR/JPY;0.00010150011412722;1040
9;EUR/JPY;3.08335785442511E-05;1041
8;EUR/JPY;-0.00136931786477653;1041
9;EUR/JPY;-0.000401153830366795;1042
8;EUR/JPY;-0.00209754522093804;1042
9;EUR/JPY;-0.00109652230873972;1043
8;EUR/JPY;-0.000707975893086217;1043
9;EUR/JPY;0.000544368599321508;1044
0;EUR/JPY;134.097;1044
8;EUR/JPY;0.000164138691477625;1044
9;EUR/JPY;0.000189127411607857;1045
1;EUR/JPY;134.668;1045
8;EUR/JPY;0.000954264917519825;1045
9;EUR/JPY;0.000741264344443703;1046
8;EUR/JPY;0.00234591120528807;1046
9;EUR/JPY;0.00114538316640763;1047
8;EUR/JPY;0.00329921279233257;1047
9;EUR/JPY;0.000497493279581569;1048
8;EUR/JPY;0.00260192803819235;1048
9;EUR/JPY;0.000827863743637349;1049
8;EUR/JPY;0.00150082803652345;1049
9;EUR/JPY;-0.000300387688872899;1050
8;EUR/JPY;-6.83293481193355E-05;1050
9;EUR/JPY;-0.000516165116036565;1051
8;EUR/JPY;-0.00133884773018381;1051
9;EUR/JPY;-0.000288261294034333;1052
8;EUR/JPY;-0.00109469186124434;1052
9;EUR/JPY;-0.000141825623998055;1053
8;EUR/JPY;-0.0023318563386374;1053
9;EUR/JPY;-0.000979485348633933;1054
8;EUR/JPY;-0.00182027638441763;1054
9;EUR/JPY;-0.00063968236536033;1055
8;EUR/JPY;-0.0012653317861477;1055
9;EUR/JPY;-0.000367237797359088;1056
8;EUR/JPY;-0.0010533672053752;1056
9;EUR/JPY;-8.34773575108921E-05;1057
0;EUR/JPY;134.745;1057
8;EUR/JPY;0.000141061007306541;1057
9;EUR/JPY;0.000725065018794367;1058
1;EUR/JPY;134.65;1058
8;EUR/JPY;0.000763476153260267;1058
9;EUR/JPY;1.32804344270138E-05;1059
8;EUR/JPY;0.000863127301602008;1059
9;EUR/JPY;-6.20504669016003E-05;1060
8;EUR/JPY;0.00155334513797869;1060
9;EUR/JPY;0.000655784169012374;1061
8;EUR/JPY;0.0022977234897064;1061
9;EUR/JPY;0.00100018292290603;1062
8;EUR/JPY;0.000737833268853612;1062
9;EUR/JPY;-6.09788782050957E-05;1063
8;EUR/JPY;0.00161111633037109;1063
9;EUR/JPY;0.000801885296736624;1064
8;EUR/JPY;0.00155434095298622;1064
9;EUR/JPY;6.75824497226803E-05;1065
8;EUR/JPY;0.00165175421008706;1065
9;EUR/JPY;0.00075457141686763;1066
8;EUR/JPY;0.000842937968598912;1066
9;EUR/JPY;0.000251298961503767;1067
8;EUR/JPY;0.00171403115041931;1067
9;EUR/JPY;0.000759265805005622;1068
8;EUR/JPY;0.00126028619142541;1068
9;EUR/JPY;0.000466930391232448;1069
8;EUR/JPY;0.00132986647065473;1069
9;EUR/JPY;9.25953361652843E-05;1070
8;EUR/JPY;0.000158841056994258;1070
9;EUR/JPY;-0.000337120365888904;1071
8;EUR/JPY;-0.00030758482119848;1071
9;EUR/JPY;-0.000320259617961877;1072
8;EUR/JPY;-0.003308670709858;1072
9;EUR/JPY;-0.00146639591978499;1073
8;EUR/JPY;-0.00315234424286599;1073
9;EUR/JPY;-0.000140165806757341;1074
8;EUR/JPY;-0.00291693529149337;1074
9;EUR/JPY;-0.000417263148122398;1075
8;EUR/JPY;-0.00261033470825436;1075
9;EUR/JPY;-0.000499957761927422;1076
8;EUR/JPY;-0.00208754708215295;1076
9;EUR/JPY;-9.8922205896141E-05;1077
0;EUR/JPY;134.567;1077
8;EUR/JPY;0.000586475762981724;1077
9;EUR/JPY;0.000324295575150438;1078
1;EUR/JPY;134.746;1078
8;EUR/JPY;0.000438334356981148;1078
9;EUR/JPY;0.000307119711807534;1079
8;EUR/JPY;0.000396835848381321;1079
9;EUR/JPY;4.22254777714878E-05;1080
8;EUR/JPY;0.000308085059637844;1080
9;EUR/JPY;-0.000154526322967246;1081
0;EUR/JPY;133.862;1081
8;EUR/JPY;0.000494985369661053;1081
9;EUR/JPY;0.000364714382487865;1082
1;EUR/JPY;134.004;1082
0;EUR/JPY;134.004;1082
8;EUR/JPY;-0.000837070585483267;1082
9;EUR/JPY;-0.000813110834362743;1083
8;EUR/JPY;-0.0016932579900364;1083
9;EUR/JPY;-0.000727608095406404;1084
8;EUR/JPY;-0.00181371964141779;1084
9;EUR/JPY;-0.000492200666886844;1085
8;EUR/JPY;-0.00178363209258888;1085
9;EUR/JPY;-0.000555020610372935;1086
8;EUR/JPY;-0.00191987153640338;1086
9;EUR/JPY;-0.000217877121016616;1087
8;EUR/JPY;-0.000669791988986047;1087
9;EUR/JPY;-4.12614412600016E-07;1088
8;EUR/JPY;0.000358926905174923;1088
9;EUR/JPY;0.000404013677727868;1089
1;EUR/JPY;133.906;1089
8;EUR/JPY;0.000617854682278875;1089
9;EUR/JPY;0.000190049270206502;1090
8;EUR/JPY;0.00149342000084373;1090
9;EUR/JPY;0.000726065831100448;1091
8;EUR/JPY;0.00196143614725582;1091
9;EUR/JPY;0.000872473154072376;1092
8;EUR/JPY;0.00192260448914443;1092
9;EUR/JPY;0.000513582037639975;1093
8;EUR/JPY;0.00211500631494092;1093
9;EUR/JPY;0.000880594096094866;1094
8;EUR/JPY;0.00243922662140101;1094
9;EUR/JPY;0.000789245383287442;1095
8;EUR/JPY;0.00213766353577743;1095
9;EUR/JPY;0.000658638378388696;1096
8;EUR/JPY;0.0013491175417483;1096
9;EUR/JPY;0.000215378180454395;1097
8;EUR/JPY;0.00215977491806776;1097
9;EUR/JPY;0.00103624533641327;1098
8;EUR/JPY;0.00126745938355529;1098
9;EUR/JPY;8.02162730839051E-05;1099
8;EUR/JPY;-0.000183058266640377;1099
9;EUR/JPY;-0.000692106579473536;1100
8;EUR/JPY;0.000432744489062211;1100
9;EUR/JPY;0.000659865164706086;1101
0;EUR/JPY;136.384;1101
8;EUR/JPY;0.00105576835985018;1101
9;EUR/JPY;0.00057613477052992;1102
1;EUR/JPY;136.464;1102
8;EUR/JPY;0.000230236531110652;1102
9;EUR/JPY;0.000158377658008682;1103
8;EUR/JPY;0.00301820993652118;1103
9;EUR/JPY;0.00135275542198602;1104
8;EUR/JPY;0.00420178915906418;1104
9;EUR/JPY;0.000724934788527264;1105
8;EUR/JPY;0.0033505919480605;1105
9;EUR/JPY;0.000509288613049451;1106
8;EUR/JPY;0.00522397505215054;1106
9;EUR/JPY;0.00157508501727643;1107
8;EUR/JPY;0.0050964623054881;1107
9;EUR/JPY;0.000624528771766632;1108
8;EUR/JPY;0.0024765535835083;1108
9;EUR/JPY;0.000260438471643791;1109
8;EUR/JPY;0.00301856232834709;1109
9;EUR/JPY;0.000869636460379548;1110
8;EUR/JPY;0.00155981303868673;1110
9;EUR/JPY;-0.000622225979458145;1111
8;EUR/JPY;0.000888133210883008;1111
9;EUR/JPY;0.000990139779162773;1112
8;EUR/JPY;-0.000675511926940328;1112
9;EUR/JPY;-0.000951412799887676;1113
8;EUR/JPY;-0.000655700740508323;1113
9;EUR/JPY;-0.000143830842216539;1114
8;EUR/JPY;-0.000813664964898175;1114
9;EUR/JPY;0.000222785317865523;1115
0;EUR/JPY;140.487;1115
8;EUR/JPY;0.00153350543889801;1115
9;EUR/JPY;0.00087543595951633;1116
1;EUR/JPY;140.533;1116
8;EUR/JPY;-0.000112402317877166;1116
9;EUR/JPY;9.70769226678915E-05;1117
8;EUR/JPY;0.00158925347106178;1117
9;EUR/JPY;0.00042772539446786;1118
8;EUR/JPY;0.000877122217434819;1118
9;EUR/JPY;-0.000333155006685922;1119
0;EUR/JPY;138.968;1119
8;EUR/JPY;0.000869215970692944;1119
9;EUR/JPY;0.000530016459904436;1120
1;EUR/JPY;139.402;1120
0;EUR/JPY;139.402;1120
8;EUR/JPY;-0.00154641787465415;1120
9;EUR/JPY;-0.00106398635614318;1121
8;EUR/JPY;-0.00254373626441593;1121
9;EUR/JPY;-0.00104329013821923;1122
8;EUR/JPY;-0.00235338068249637;1122
9;EUR/JPY;-0.000161472839100352;1123
8;EUR/JPY;-0.00136959361614116;1123
9;EUR/JPY;-3.94004497219298E-05;1124
8;EUR/JPY;-0.00216792649205369;1124
9;EUR/JPY;-0.000583712440233345;1125
8;EUR/JPY;-0.000580485198515087;1125
9;EUR/JPY;-1.61666264087118E-05;1126
8;EUR/JPY;8.7907971858014E-05;1126
9;EUR/JPY;-0.000159222206870103;1127
8;EUR/JPY;1.43907151105294E-06;1127
9;EUR/JPY;0.000184596251540155;1128
1;EUR/JPY;138.395;1128
8;EUR/JPY;-0.00106228741891014;1128
9;EUR/JPY;-0.000770174059480968;1129
8;EUR/JPY;-0.000213190458307314;1129
9;EUR/JPY;0.000354572609198427;1130
0;EUR/JPY;139.012;1130
8;EUR/JPY;2.5899094287297E-05;1130
9;EUR/JPY;0.000274232088160427;1131
1;EUR/JPY;139.169;1131
8;EUR/JPY;0.000499332923574317;1131
9;EUR/JPY;0.000285094631957781;1132
8;EUR/JPY;0.000642230396872416;1132
9;EUR/JPY;0.000431463714178451;1133
8;EUR/JPY;0.000382612202178876;1133
9;EUR/JPY;-0.000564873376301074;1134
8;EUR/JPY;2.01763993945022E-05;1134
9;EUR/JPY;0.000183883573227283;1135
0;EUR/JPY;139.367;1135
8;EUR/JPY;0.000501492885857133;1135
9;EUR/JPY;0.000673283436908869;1136
1;EUR/JPY;139.708;1136
8;EUR/JPY;0.000777452029697939;1136
9;EUR/JPY;0.000534980983849181;1137
8;EUR/JPY;0.00141793878751598;1137
9;EUR/JPY;0.000928916230240177;1138
8;EUR/JPY;0.00165053350598769;1138
9;EUR/JPY;-0.000239330883289537;1139
8;EUR/JPY;0.00190039831944068;1139
9;EUR/JPY;0.000692797493398848;1140
8;EUR/JPY;0.000729156655754621;1140
9;EUR/JPY;-9.61415836472661E-05;1141
8;EUR/JPY;-0.000523228400789367;1141
9;EUR/JPY;-0.000623371310859227;1142
8;EUR/JPY;-0.0019177523357807;1142
9;EUR/JPY;-0.000647620695525577;1143
8;EUR/JPY;-0.0004468411491597;1143
9;EUR/JPY;0.000323819288232429;1144
8;EUR/JPY;-0.00101464581662095;1144
9;EUR/JPY;-0.000301738671622285;1145
0;EUR/JPY;140.3;1145
8;EUR/JPY;0.000611071133986354;1145
9;EUR/JPY;0.00082025335877759;1146
1;EUR/JPY;140.028;1146
8;EUR/JPY;0.000977969051436879;1146
9;EUR/JPY;-0.000121883744022719;1147
0;EUR/JPY;138.872;1147
8;EUR/JPY;0.000265860979506534;1147
9;EUR/JPY;-0.00063759098375275;1148
8;EUR/JPY;-0.00155162272858632;1148
9;EUR/JPY;-0.00104125129704714;1149
8;EUR/JPY;-0.00140377722903957;1149
9;EUR/JPY;-0.000260063496624253;1150
8;EUR/JPY;-0.00173671982814518;1150
9;EUR/JPY;0.000287556355923919;1151
1;EUR/JPY;138.878;1151
8;EUR/JPY;-0.00165085720755095;1151
9;EUR/JPY;-0.000519824533683842;1152
8;EUR/JPY;-0.000677564439388552;1152
9;EUR/JPY;-0.000196454855304196;1153
0;EUR/JPY;138.156;1153
8;EUR/JPY;0.000371008071514298;1153
9;EUR/JPY;-6.3092760429466E-05;1154
8;EUR/JPY;-3.17889216277759E-05;1154
9;EUR/JPY;-0.000300187603560112;1155
8;EUR/JPY;-0.000903658320713487;1155
9;EUR/JPY;-0.000129138652482861;1156
8;EUR/JPY;-0.000935444597133001;1156
9;EUR/JPY;-0.000440147049119212;1157
8;EUR/JPY;-0.000797020893656261;1157
9;EUR/JPY;-0.000141213685805078;1158
8;EUR/JPY;-0.00605006454926482;1158
9;EUR/JPY;-0.00149562641829143;1159
8;EUR/JPY;-0.00337656068826282;1159
9;EUR/JPY;0.000861099518987991;1160
1;EUR/JPY;136.964;1160
8;EUR/JPY;-0.00215521204899308;1160
9;EUR/JPY;0.000869323352061882;1161
0;EUR/JPY;137.619;1161
8;EUR/JPY;-0.00088751106383165;1161
9;EUR/JPY;0.000968824730436902;1162
1;EUR/JPY;136.529;1162
8;EUR/JPY;-0.00250257122199815;1162
9;EUR/JPY;-0.000722213885219623;1163
8;EUR/JPY;0.00240854609724471;1163
9;EUR/JPY;-3.12266238927294E-05;1164
8;EUR/JPY;0.000305457915737671;1164
9;EUR/JPY;0.000221584070260156;1165
8;EUR/JPY;-0.00102472739580146;1165
9;EUR/JPY;-0.000165146205142214;1166
8;EUR/JPY;-0.00183825762922534;1166
9;EUR/JPY;-0.000213204260238859;1167
8;EUR/JPY;-0.000592727786588098;1167
9;EUR/JPY;-0.000361714448652323;1168
0;EUR/JPY;136.582;1168
8;EUR/JPY;0.000589577236932236;1168
9;EUR/JPY;0.00057767346495352;1169
1;EUR/JPY;136.571;1169
8;EUR/JPY;0.000395813305371086;1169
9;EUR/JPY;8.08054141797426E-05;1170
8;EUR/JPY;0.000220026865466375;1170
9;EUR/JPY;-0.000100927226504;1171
8;EUR/JPY;0.000537601261203219;1171
9;EUR/JPY;0.000419470027666032;1172
0;EUR/JPY;135.927;1172
8;EUR/JPY;-1.76326674666652E-05;1172
9;EUR/JPY;-0.000573090812097664;1173
8;EUR/JPY;-0.00291043499792164;1173
9;EUR/JPY;-0.00138127176921741;1174
8;EUR/JPY;-0.000971873425736602;1174
9;EUR/JPY;0.000748965208759835;1175
1;EUR/JPY;135.714;1175
8;EUR/JPY;-0.00105539590652702;1175
9;EUR/JPY;-0.000367118962196924;1176
8;EUR/JPY;-0.00177354454515434;1176
9;EUR/JPY;-0.000520425875495582;1177
0;EUR/JPY;133.834;1177
8;EUR/JPY;-0.00151189023162274;1177
9;EUR/JPY;-0.000707812686009239;1178
8;EUR/JPY;-0.00120872405257134;1178
9;EUR/JPY;-0.00117938817836428;1179
8;EUR/JPY;-0.00151120266668005;1179
9;EUR/JPY;0.000559090587616967;1180
1;EUR/JPY;134.409;1180
0;EUR/JPY;133.454;1180
8;EUR/JPY;-0.00192963493117242;1180
9;EUR/JPY;-0.000839961394295529;1181
8;EUR/JPY;-0.00305174604013648;1181
9;EUR/JPY;-0.00133275462847782;1182
8;EUR/JPY;-0.00184891078273687;1182
9;EUR/JPY;0.000113299105967569;1183
1;EUR/JPY;133.874;1183
8;EUR/JPY;0.000118064198966841;1183
9;EUR/JPY;3.65918959075634E-05;1184
8;EUR/JPY;-0.00184720287019035;1184
9;EUR/JPY;-0.000566606834866958;1185
0;EUR/JPY;134.624;1185
8;EUR/JPY;0.000319682467317216;1185
9;EUR/JPY;0.000846711120268236;1186
1;EUR/JPY;135.814;1186
8;EUR/JPY;0.00348077730941418;1186
9;EUR/JPY;0.00140313789863093;1187
8;EUR/JPY;0.00446571143143269;1187
9;EUR/JPY;0.00148425503109173;1188
8;EUR/JPY;0.00365665256122821;1188
9;EUR/JPY;1.35909035196272E-05;1189
8;EUR/JPY;0.00478668975467252;1189
9;EUR/JPY;0.00126476823492145;1190
8;EUR/JPY;0.00194275329460217;1190
9;EUR/JPY;-0.000506848600117459;1191
8;EUR/JPY;-5.89188397250198E-05;1191
9;EUR/JPY;-0.000214768715372644;1192
8;EUR/JPY;-0.00169355732300626;1192
9;EUR/JPY;-0.000357196433167213;1193
8;EUR/JPY;-0.000611194434242652;1193
9;EUR/JPY;0.000152214174005714;1194
8;EUR/JPY;-0.00165504828968608;1194
9;EUR/JPY;-0.000471645555478138;1195
8;EUR/JPY;0.00019412337180963;1195
9;EUR/JPY;0.000373693608436735;1196
0;EUR/JPY;135.832;1196
8;EUR/JPY;0.000101624147494375;1196
9;EUR/JPY;-0.000218159995064049;1197
8;EUR/JPY;-0.000250700519480351;1197
9;EUR/JPY;-0.000356059311087441;1198
8;EUR/JPY;-0.00123838491005257;1198
9;EUR/JPY;-0.000717608144865947;1199
8;EUR/JPY;-0.000848963510695168;1199
9;EUR/JPY;-6.83362030747649E-05;1200
8;EUR/JPY;-0.00136135716863273;1200
9;EUR/JPY;-0.000312952816997112;1201
8;EUR/JPY;-0.00120217165725688;1201
9;EUR/JPY;-0.00037751151859914;1202
8;EUR/JPY;-0.00150489130856188;1202
9;EUR/JPY;-0.000802017902094638;1203
8;EUR/JPY;-0.000939425235798339;1203
9;EUR/JPY;-0.000263189096992437;1204
8;EUR/JPY;-0.000472549057906772;1204
9;EUR/JPY;0.000323216147015191;1205
1;EUR/JPY;134.799;1205
8;EUR/JPY;-0.000514205765391359;1205
9;EUR/JPY;-0.000165058568066043;1206
8;EUR/JPY;-0.000525074835478664;1206
9;EUR/JPY;-0.000243254273828007;1207
8;EUR/JPY;0.00023180311219883;1207
9;EUR/JPY;6.89225975332219E-05;1208
0;EUR/JPY;135.426;1208
8;EUR/JPY;0.00143924434856705;1208
9;EUR/JPY;0.000936445391826761;1209
1;EUR/JPY;135.48;1209
8;EUR/JPY;0.000912983462664008;1209
9;EUR/JPY;0.000226870516747664;1210
8;EUR/JPY;0.00100790178714863;1210
9;EUR/JPY;0.000195111783777747;1211
8;EUR/JPY;0.000587280470033287;1211
9;EUR/JPY;-0.000321322150078466;1212
8;EUR/JPY;0.00126275849440953;1212
9;EUR/JPY;0.000706812851772459;1213
8;EUR/JPY;0.000841541806149265;1213
9;EUR/JPY;0.000634780416534509;1214
8;EUR/JPY;0.000708862620847992;1214
9;EUR/JPY;0.000109923707727451;1215
8;EUR/JPY;0.000938204774431042;1215
9;EUR/JPY;0.000369053819130892;1216
8;EUR/JPY;0.000784792893035671;1216
9;EUR/JPY;-0.000344269283940083;1217
8;EUR/JPY;0.000430443729400041;1217
9;EUR/JPY;0.000349501030083628;1218
8;EUR/JPY;-0.000279629756944834;1218
9;EUR/JPY;-6.21449094215261E-05;1219
0;EUR/JPY;136.705;1219
8;EUR/JPY;0.00109299108981749;1219
9;EUR/JPY;0.000936097362145193;1220
1;EUR/JPY;136.957;1220
8;EUR/JPY;0.0012290422806866;1220
9;EUR/JPY;0.000489129839695606;1221
8;EUR/JPY;0.0016247950035601;1221
9;EUR/JPY;3.50498485959737E-05;1222
8;EUR/JPY;0.00137502972123727;1222
9;EUR/JPY;0.000315726485864497;1223
8;EUR/JPY;0.00108688735498848;1223
9;EUR/JPY;-4.41548047865473E-05;1224
8;EUR/JPY;5.5590096543432E-05;1224
9;EUR/JPY;0.000227270245941791;1225
8;EUR/JPY;-0.00055865141106581;1225
9;EUR/JPY;-0.00028920933370141;1226
8;EUR/JPY;-0.000210800622639135;1226
9;EUR/JPY;-5.39657424829827E-05;1227
8;EUR/JPY;-0.000952857437401703;1227
9;EUR/JPY;-0.000641421382079415;1228
8;EUR/JPY;-0.00065289292959688;1228
9;EUR/JPY;-0.000139699486994763;1229
8;EUR/JPY;-0.00143270873820427;1229
9;EUR/JPY;-0.000645052836860029;1230
8;EUR/JPY;-0.00121186229492567;1230
9;EUR/JPY;-0.000262095568473065;1231
8;EUR/JPY;-0.00106765608405657;1231
9;EUR/JPY;-0.00012574065968387;1232
0;EUR/JPY;136.681;1232
8;EUR/JPY;0.000841680494976691;1232
9;EUR/JPY;0.000861220675698748;1233
1;EUR/JPY;136.057;1233
8;EUR/JPY;-7.64323729794967E-05;1233
9;EUR/JPY;-0.000645078215223171;1234
8;EUR/JPY;0.000686808306298814;1234
9;EUR/JPY;0.000320835974662375;1235
8;EUR/JPY;0.000222357230185902;1235
9;EUR/JPY;-0.000317580200155178;1236
8;EUR/JPY;-0.000139936886810459;1236
9;EUR/JPY;-0.000227726549158322;1237
8;EUR/JPY;-0.00112842522001853;1237
9;EUR/JPY;-1.61438242693867E-05;1238
0;EUR/JPY;135.487;1238
8;EUR/JPY;-0.00032369132804984;1238
9;EUR/JPY;-0.00015563623594306;1239
8;EUR/JPY;-0.00137746157077864;1239
9;EUR/JPY;-0.000805318026121672;1240
8;EUR/JPY;-0.00109650772918611;1240
9;EUR/JPY;-0.000368525303152249;1241
8;EUR/JPY;-8.54833136323714E-05;1241
9;EUR/JPY;0.000495902075379941;1242
1;EUR/JPY;136.054;1242
8;EUR/JPY;0.000195619175977216;1242
9;EUR/JPY;0.000427161622376731;1243
8;EUR/JPY;0.000253112433347477;1243
9;EUR/JPY;4.32618367268791E-06;1244
8;EUR/JPY;0.00116005587478899;1244
9;EUR/JPY;0.000332878749411381;1245
8;EUR/JPY;0.00162710363762604;1245
9;EUR/JPY;0.000532308762236898;1246
8;EUR/JPY;0.00125352642041472;1246
9;EUR/JPY;0.000555266196112132;1247
8;EUR/JPY;0.00017633445909182;1247
9;EUR/JPY;-0.000320034877022762;1248
8;EUR/JPY;0.000371729567308235;1248
9;EUR/JPY;0.000181308963369476;1249
8;EUR/JPY;0.000550400488274469;1249
9;EUR/JPY;0.000347240122827945;1250
8;EUR/JPY;0.000970822381324867;1250
9;EUR/JPY;0.000669291443983463;1251
8;EUR/JPY;0.00111319167770436;1251
9;EUR/JPY;0.000611743327239109;1252
8;EUR/JPY;0.00237703467519576;1252
9;EUR/JPY;0.000985575984547593;1253
8;EUR/JPY;0.0024176751905442;1253
9;EUR/JPY;0.00062632011112403;1254
8;EUR/JPY;0.00243868152684565;1254
9;EUR/JPY;0.000742463553769579;1255
8;EUR/JPY;0.00210259818469787;1255
9;EUR/JPY;0.000693906941371299;1256
8;EUR/JPY;0.00207248231310565;1256
9;EUR/JPY;0.000793925565989705;1257
8;EUR/JPY;0.00124869730531222;1257
9;EUR/JPY;0.000215703520909255;1258
8;EUR/JPY;0.000783068787835112;1258
9;EUR/JPY;-4.41231571542441E-05;1259
8;EUR/JPY;0.000618765854262542;1259
9;EUR/JPY;0.000255186754441758;1260
0;EUR/JPY;138.805;1260
8;EUR/JPY;0.000622026125680496;1260
9;EUR/JPY;0.00038891624203469;1261
1;EUR/JPY;138.383;1261
0;EUR/JPY;138.017;1261
8;EUR/JPY;-0.00046624610173294;1261
9;EUR/JPY;-0.000494907652739254;1262
8;EUR/JPY;-0.000860085816163859;1262
9;EUR/JPY;-0.000512158467160275;1263
8;EUR/JPY;-0.000693171370872273;1263
9;EUR/JPY;-0.000235760569614885;1264
8;EUR/JPY;-0.000907116329672667;1264
9;EUR/JPY;-0.000223428534618541;1265
8;EUR/JPY;-0.00157686169461826;1265
9;EUR/JPY;-0.000561190340988206;1266
8;EUR/JPY;-0.000822545834595191;1266
9;EUR/JPY;-4.10911990021011E-05;1267
8;EUR/JPY;-0.000408932857084252;1267
9;EUR/JPY;-0.000126915469801165;1268
8;EUR/JPY;-0.00116453945658992;1268
9;EUR/JPY;-0.000812208785168861;1269
8;EUR/JPY;-0.00106134210485076;1269
9;EUR/JPY;-0.000167481990104063;1270
8;EUR/JPY;-0.000446378450892008;1270
9;EUR/JPY;0.000142549556768593;1271
1;EUR/JPY;137.271;1271
8;EUR/JPY;-0.000814286008218136;1271
9;EUR/JPY;-0.0002915681930805;1272
0;EUR/JPY;137.798;1272
8;EUR/JPY;1.30639735573479E-05;1272
9;EUR/JPY;0.000520738145269318;1273
1;EUR/JPY;137.964;1273
8;EUR/JPY;0.00116164017053907;1273
9;EUR/JPY;0.00043282012049259;1274
8;EUR/JPY;0.00167810819375381;1274
9;EUR/JPY;0.000741429756672856;1275
8;EUR/JPY;0.00187620675366058;1275
9;EUR/JPY;0.000736374366781368;1276
8;EUR/JPY;0.00146767541002646;1276
9;EUR/JPY;-0.000105424470730906;1277
8;EUR/JPY;0.00128335877645064;1277
9;EUR/JPY;0.000675526103091233;1278
8;EUR/JPY;0.000752402785747259;1278
9;EUR/JPY;-3.42544115579085E-05;1279
0;EUR/JPY;137;1279
8;EUR/JPY;-0.000109894085113193;1279
9;EUR/JPY;-0.000234334123806238;1280
8;EUR/JPY;-0.00187911802537689;1280
9;EUR/JPY;-0.00110456226554146;1281
8;EUR/JPY;-0.000872629560678819;1281
9;EUR/JPY;0.000151185612239427;1282
1;EUR/JPY;138.063;1282
8;EUR/JPY;-0.000926606863656394;1282
9;EUR/JPY;0.000219532619237626;1283
8;EUR/JPY;-0.00244111019225631;1283
9;EUR/JPY;-0.00125391364733564;1284
8;EUR/JPY;-0.00188771814303515;1284
9;EUR/JPY;-4.8694449506276E-05;1285
0;EUR/JPY;135.94;1285
8;EUR/JPY;-0.000122311694771201;1285
9;EUR/JPY;0.000436002535558383;1286
1;EUR/JPY;135.64;1286
0;EUR/JPY;135.64;1286
8;EUR/JPY;-0.0029886690259662;1286
9;EUR/JPY;-0.00128047067584899;1287
8;EUR/JPY;-0.00278822857123092;1287
9;EUR/JPY;0.000233804444986118;1288
1;EUR/JPY;136.208;1288
0;EUR/JPY;135.398;1288
8;EUR/JPY;-0.00088203332632943;1288
9;EUR/JPY;0.000128670391859603;1289
1;EUR/JPY;135.862;1289
8;EUR/JPY;-0.00165232641725607;1289
9;EUR/JPY;-0.000486499461362855;1290
8;EUR/JPY;-0.00182606910593722;1290
9;EUR/JPY;6.89408347041688E-05;1291
0;EUR/JPY;136.43;1291
8;EUR/JPY;0.00115714771292795;1291
9;EUR/JPY;0.0006087080309223;1292
1;EUR/JPY;135.542;1292
0;EUR/JPY;135.542;1292
8;EUR/JPY;-0.000868747132665317;1292
9;EUR/JPY;-0.00088968170717384;1293
8;EUR/JPY;-0.00031595699269993;1293
9;EUR/JPY;0.000437010252013085;1294
1;EUR/JPY;135.94;1294
8;EUR/JPY;0.00011627008837992;1294
9;EUR/JPY;1.6015167610613E-05;1295
8;EUR/JPY;-0.000491548993910864;1295
9;EUR/JPY;-0.000268635026612169;1296
8;EUR/JPY;-0.000716730832999979;1296
9;EUR/JPY;0.000111558408464678;1297
0;EUR/JPY;135.92;1297
8;EUR/JPY;0.000551135037830438;1297
9;EUR/JPY;9.62003454923891E-05;1298
1;EUR/JPY;135.1;1298
0;EUR/JPY;135.1;1298
8;EUR/JPY;-0.00131621165462661;1298
9;EUR/JPY;-0.000959528725780775;1299
8;EUR/JPY;-0.00103851890694785;1299
9;EUR/JPY;-3.10697559586983E-05;1300
8;EUR/JPY;-0.000832793123433991;1300
9;EUR/JPY;-0.000192471553844982;1301
8;EUR/JPY;-0.00154794504165799;1301
9;EUR/JPY;-0.000584253835311662;1302
8;EUR/JPY;-0.000981012407649217;1302
9;EUR/JPY;0.000207824638134706;1303
1;EUR/JPY;135.241;1303
0;EUR/JPY;134.614;1303
8;EUR/JPY;0.000204196401390364;1303
9;EUR/JPY;4.20322443503035E-05;1304
1;EUR/JPY;133.462;1304
0;EUR/JPY;133.462;1304
8;EUR/JPY;-0.00263062764935822;1304
9;EUR/JPY;-0.00129929635635845;1305
8;EUR/JPY;-0.00230373402531607;1305
9;EUR/JPY;-4.74029446925746E-05;1306
8;EUR/JPY;-0.0029877611546207;1306
9;EUR/JPY;-0.00102326014339491;1307
8;EUR/JPY;-0.00433223458994531;1307
9;EUR/JPY;-0.00115484515803809;1308
8;EUR/JPY;-0.00348496491294883;1308
9;EUR/JPY;0.000101912397808837;1309
1;EUR/JPY;133.097;1309
8;EUR/JPY;-0.000553744693432352;1309
9;EUR/JPY;0.000130140686219284;1310
0;EUR/JPY;133.284;1310
8;EUR/JPY;-0.000518565991741603;1310
9;EUR/JPY;0.000125796366274246;1311
1;EUR/JPY;133.287;1311
8;EUR/JPY;0.000592129919519637;1311
9;EUR/JPY;0.0001401474219255;1312
8;EUR/JPY;0.00297152866203404;1312
9;EUR/JPY;0.00134597554946255;1313
8;EUR/JPY;0.00146194549045133;1313
9;EUR/JPY;-0.00022057007479089;1314
8;EUR/JPY;0.00224299181841334;1314
9;EUR/JPY;0.00102164188402476;1315
8;EUR/JPY;0.00242387433273624;1315
9;EUR/JPY;0.000730596133103879;1316
8;EUR/JPY;0.00261644314876994;1316
9;EUR/JPY;0.000599220537464266;1317
8;EUR/JPY;0.000837996278245805;1317
9;EUR/JPY;9.68774673393236E-06;1318
8;EUR/JPY;0.00209547381583747;1318
9;EUR/JPY;0.000818285627991337;1319
8;EUR/JPY;0.00202991892447638;1319
9;EUR/JPY;0.0010299451857456;1320
8;EUR/JPY;0.00182269579680895;1320
9;EUR/JPY;0.000548563158189083;1321
8;EUR/JPY;0.00151096680822992;1321
9;EUR/JPY;0.000221018050390777;1322
8;EUR/JPY;0.00281063343848475;1322
9;EUR/JPY;0.00119727676782771;1323
8;EUR/JPY;0.0025501630853022;1323
9;EUR/JPY;0.000725354781274375;1324
8;EUR/JPY;0.000390897793011252;1324
9;EUR/JPY;-0.000608687605692963;1325
8;EUR/JPY;-0.000820002105603433;1325
9;EUR/JPY;-0.000765404234928287;1326
8;EUR/JPY;7.20167262951778E-05;1326
9;EUR/JPY;0.000548932870709184;1327
8;EUR/JPY;-0.00231306548820944;1327
9;EUR/JPY;-0.0011543633196346;1328
8;EUR/JPY;-0.00228865851049923;1328
9;EUR/JPY;-0.000137455252101606;1329
8;EUR/JPY;-0.000756033347905315;1329
9;EUR/JPY;0.000177355365683151;1330
8;EUR/JPY;-0.000160861280582767;1330
9;EUR/JPY;-0.000251518109260142;1331
0;EUR/JPY;136.33;1331
8;EUR/JPY;0.00032155410025422;1331
9;EUR/JPY;0.000799932670563422;1332
1;EUR/JPY;136.118;1332
8;EUR/JPY;0.00130025666946644;1332
9;EUR/JPY;9.07245785635558E-06;1333
8;EUR/JPY;0.0021484818237358;1333
9;EUR/JPY;0.00106749439057413;1334
8;EUR/JPY;0.0015179948527295;1334
9;EUR/JPY;5.73185536166629E-05;1335
8;EUR/JPY;0.0021571348721886;1335
9;EUR/JPY;0.000571133157895503;1336
8;EUR/JPY;0.000316643644213395;1336
9;EUR/JPY;-0.000369103618116245;1337
8;EUR/JPY;3.52632623838623E-05;1337
9;EUR/JPY;-0.000437899221939502;1338
8;EUR/JPY;-0.00208500405333942;1338
9;EUR/JPY;-0.00101896883432663;1339
0;EUR/JPY;134.945;1339
8;EUR/JPY;-0.00110432292657348;1339
9;EUR/JPY;0.000275167204665636;1340
1;EUR/JPY;134.977;1340
0;EUR/JPY;134.977;1340
8;EUR/JPY;-0.00289372947629603;1340
9;EUR/JPY;-0.00135463685363289;1341
8;EUR/JPY;-0.00253097963852796;1341
9;EUR/JPY;-0.000604055995198774;1342
8;EUR/JPY;-0.00282003222162185;1342
9;EUR/JPY;-0.00108046814301012;1343
8;EUR/JPY;-0.00277783275376287;1343
9;EUR/JPY;-0.00107220319883776;1344
8;EUR/JPY;-0.00364186066257323;1344
9;EUR/JPY;-0.000764451504311103;1345
8;EUR/JPY;-0.00192375033329751;1345
9;EUR/JPY;-0.000227417358583361;1346
8;EUR/JPY;-0.00114701307047412;1346
9;EUR/JPY;0.000179592681929959;1347
1;EUR/JPY;134.512;1347
8;EUR/JPY;0.000407853552276686;1347
9;EUR/JPY;0.000552356535808797;1348
8;EUR/JPY;0.00126067606004324;1348
9;EUR/JPY;0.000248127640812092;1349
8;EUR/JPY;0.00145638592984929;1349
9;EUR/JPY;0.000358265936581602;1350
8;EUR/JPY;0.00116807164400349;1350
9;EUR/JPY;0.00018571047371855;1351
8;EUR/JPY;0.000381579945677157;1351
9;EUR/JPY;-8.04723206593244E-05;1352
8;EUR/JPY;0.000943502940299285;1352
9;EUR/JPY;0.000872730930297514;1353
8;EUR/JPY;0.000524305095133008;1353
9;EUR/JPY;-0.000246315330912628;1354
8;EUR/JPY;0.000120392841004793;1354
9;EUR/JPY;-0.00026090119141239;1355
8;EUR/JPY;0.000249734318141446;1355
9;EUR/JPY;4.48030360089645E-05;1356
8;EUR/JPY;0.000365989836567194;1356
9;EUR/JPY;-3.96367704261321E-05;1357
0;EUR/JPY;134.971;1357
8;EUR/JPY;-0.000266577846864225;1357
9;EUR/JPY;0.000356355884713048;1358
1;EUR/JPY;134.685;1358
8;EUR/JPY;-0.000228564668597483;1358
9;EUR/JPY;-0.000340429401041388;1359
8;EUR/JPY;0.000442304019258593;1359
9;EUR/JPY;0.000334956952421565;1360
0;EUR/JPY;133.887;1360
8;EUR/JPY;0.000227165614032046;1360
9;EUR/JPY;-7.42294427739352E-05;1361
8;EUR/JPY;-0.00122706631673623;1361
9;EUR/JPY;-0.00102166303157951;1362
8;EUR/JPY;-0.00156365284933474;1362
9;EUR/JPY;-5.41982205067717E-05;1363
8;EUR/JPY;-0.00105417782383255;1363
9;EUR/JPY;-6.10433618911268E-05;1364
8;EUR/JPY;-0.00145377268981408;1364
9;EUR/JPY;-0.000271499724194784;1365
8;EUR/JPY;-0.00099520085150327;1365
9;EUR/JPY;8.55936103541322E-05;1366
1;EUR/JPY;134.068;1366
8;EUR/JPY;0.000485464323351973;1366
9;EUR/JPY;5.4799312328628E-05;1367
8;EUR/JPY;0.00109182854077286;1367
9;EUR/JPY;0.000782124361052792;1368
8;EUR/JPY;0.0010437823117213;1368
9;EUR/JPY;0.000253554696648915;1369
8;EUR/JPY;0.00185219542354251;1369
9;EUR/JPY;0.00086626909157039;1370
8;EUR/JPY;0.00100558787959142;1370
9;EUR/JPY;-0.000192372603095739;1371
8;EUR/JPY;0.00121372050943114;1371
9;EUR/JPY;0.000338009704105493;1372
8;EUR/JPY;0.000231600070419129;1372
9;EUR/JPY;-3.16714234849639E-05;1373
0;EUR/JPY;135.387;1373
8;EUR/JPY;0.00104575014403899;1373
9;EUR/JPY;0.000763197100278025;1374
1;EUR/JPY;135.503;1374
8;EUR/JPY;0.000484737658870827;1374
9;EUR/JPY;0.000228374908144113;1375
8;EUR/JPY;4.59932124947748E-05;1375
9;EUR/JPY;-0.00061186230075319;1376
8;EUR/JPY;-8.89758875490096E-06;1376
9;EUR/JPY;6.68483215497774E-05;1377
8;EUR/JPY;-1.78058714978623E-05;1377
9;EUR/JPY;-7.72382348680005E-05;1378
8;EUR/JPY;-0.000159619286934279;1378
9;EUR/JPY;0.000471441629676201;1379
0;EUR/JPY;135.333;1379
8;EUR/JPY;-0.000246655595967645;1379
9;EUR/JPY;3.68370971598814E-05;1380
1;EUR/JPY;135.348;1380
8;EUR/JPY;0.000777315246633482;1380
9;EUR/JPY;0.000184816564477769;1381
8;EUR/JPY;0.00192890288934538;1381
9;EUR/JPY;0.00107051534804534;1382
8;EUR/JPY;0.00284213099098253;1382
9;EUR/JPY;0.00106240475195261;1383
8;EUR/JPY;0.00199785400542187;1383
9;EUR/JPY;0.000291070525131943;1384
8;EUR/JPY;0.00213739125874692;1384
9;EUR/JPY;0.000574238601706915;1385
8;EUR/JPY;0.00149723006311;1385
9;EUR/JPY;-0.000151126109945282;1386
8;EUR/JPY;0.00015562489315233;1386
9;EUR/JPY;-5.33100899220527E-05;1387
8;EUR/JPY;-0.000286944095132076;1387
9;EUR/JPY;0.00019944918178507;1388
8;EUR/JPY;-0.000405898115323949;1388
9;EUR/JPY;-0.000249888188876215;1389
8;EUR/JPY;-0.000703081094934817;1389
9;EUR/JPY;-0.000189270667087167;1390
0;EUR/JPY;136.542;1390
8;EUR/JPY;0.000249184685391541;1390
9;EUR/JPY;0.000301212272960692;1391
1;EUR/JPY;136.336;1391
8;EUR/JPY;7.77670592940743E-05;1391
9;EUR/JPY;-0.000186109349730246;1392
0;EUR/JPY;135.955;1392
8;EUR/JPY;-0.000215478562772066;1392
9;EUR/JPY;1.11006841629851E-06;1393
1;EUR/JPY;135.396;1393
0;EUR/JPY;135.396;1393
8;EUR/JPY;-0.00141165453818873;1393
9;EUR/JPY;-0.00103714370892727;1394
8;EUR/JPY;-0.00191372089600568;1394
9;EUR/JPY;-0.000733536123823045;1395
8;EUR/JPY;-0.00173607092727002;1395
9;EUR/JPY;6.15805458102297E-05;1396
1;EUR/JPY;135.461;1396
8;EUR/JPY;-0.00129663675654012;1396
9;EUR/JPY;-9.2121223445897E-05;1397
8;EUR/JPY;-0.000755272369175076;1397
9;EUR/JPY;0.000319154164638862;1398
0;EUR/JPY;135.506;1398
8;EUR/JPY;0.000155047352579438;1398
9;EUR/JPY;-0.000330353594218703;1399
8;EUR/JPY;0.000718685845845931;1399
9;EUR/JPY;0.000155204788508403;1400
1;EUR/JPY;135.267;1400
0;EUR/JPY;135.267;1400
8;EUR/JPY;-0.000134511421911599;1400
9;EUR/JPY;-0.00026805257020048;1401
8;EUR/JPY;-9.45221480028682E-05;1401
9;EUR/JPY;0.00012351416713619;1402
1;EUR/JPY;135.779;1402
8;EUR/JPY;-0.00012370132416056;1402
9;EUR/JPY;0.000370947379756024;1403
8;EUR/JPY;0.000842534442847494;1403
9;EUR/JPY;0.000494665265668558;1404
8;EUR/JPY;0.000779349000421467;1404
9;EUR/JPY;0.000121715294828548;1405
8;EUR/JPY;0.00154804892639994;1405
9;EUR/JPY;0.000637613549950477;1406
8;EUR/JPY;0.000957919759778923;1406
9;EUR/JPY;-7.73249082607583E-05;1407
8;EUR/JPY;0.000325288286633142;1407
9;EUR/JPY;2.8382946563248E-05;1408
0;EUR/JPY;135.015;1408
8;EUR/JPY;-0.000970993711280773;1408
9;EUR/JPY;-0.000754878118328046;1409
8;EUR/JPY;-0.00265541711036277;1409
9;EUR/JPY;-0.00133027223207529;1410
8;EUR/JPY;-0.00347809113134954;1410
9;EUR/JPY;-0.000899097466794315;1411
8;EUR/JPY;-0.00355997414154206;1411
9;EUR/JPY;-0.000975962991036239;1412
8;EUR/JPY;-0.00369148082458815;1412
9;EUR/JPY;-0.000805151547314215;1413
8;EUR/JPY;-0.00257619241859096;1413
9;EUR/JPY;-0.000245836486025026;1414
8;EUR/JPY;-0.00103377160075148;1414
9;EUR/JPY;-0.00036815410770016;1415
