8;GBP/USD;0.0093450525031823;5
8;GBP/USD;-0.00160394332462115;6
8;GBP/USD;-0.00199964680491568;7
8;GBP/USD;-0.001035794485704;8
8;GBP/USD;-0.000461366835859041;9
8;GBP/USD;-0.000466165212765714;10
8;GBP/USD;-0.000676192889844612;11
8;GBP/USD;-0.000153618266179754;12
8;GBP/USD;0.000591145468537461;13
8;GBP/USD;7.31105500572092E-05;14
8;GBP/USD;0.00070187674860296;15
8;GBP/USD;0.000690788056418465;16
8;GBP/USD;0.00093936874927275;17
8;GBP/USD;0.000777791944390036;18
8;GBP/USD;0.000729639334164487;19
8;GBP/USD;7.28562061427861E-06;20
8;GBP/USD;0.000482257245069096;21
8;GBP/USD;0.000225666559172045;22
8;GBP/USD;0.000207629491104966;23
8;GBP/USD;-0.00114550708931931;24
8;GBP/USD;-0.00100427177784932;25
8;GBP/USD;-0.00110227302883705;26
8;GBP/USD;-0.0004005511950421;27
8;GBP/USD;-0.000579715834884343;28
8;GBP/USD;0.000354944152880437;29
8;GBP/USD;-0.000466721858768772;30
8;GBP/USD;-0.000401781896795685;31
8;GBP/USD;-0.0014009390740823;32
8;GBP/USD;-0.00107637368979315;33
8;GBP/USD;-0.000796147312676788;34
8;GBP/USD;-0.000313387587380792;35
8;GBP/USD;0.00101571649059593;36
8;GBP/USD;0.00087171110309308;37
8;GBP/USD;0.000959497921752581;38
8;GBP/USD;0.000914322184462715;39
8;GBP/USD;0.00123235149681547;40
8;GBP/USD;-0.000147221206500436;41
8;GBP/USD;0.000568104441128172;42
8;GBP/USD;0.000616479444833937;43
8;GBP/USD;0.00054124927748102;44
8;GBP/USD;0.00189049924009967;45
8;GBP/USD;0.00157365618162975;46
8;GBP/USD;0.00141746268173838;47
8;GBP/USD;0.00188983873305504;48
8;GBP/USD;0.00200501417866065;49
8;GBP/USD;0.000804088930905489;50
8;GBP/USD;-0.000730731422517272;51
8;GBP/USD;-0.00107882824401548;52
8;GBP/USD;-0.00124620766512405;53
8;GBP/USD;-0.000714374673422709;54
8;GBP/USD;-0.00090784464884527;55
8;GBP/USD;0.00124812748567296;56
8;GBP/USD;0.0011186286391356;57
8;GBP/USD;0.000488309230964066;58
8;GBP/USD;2.29285143479078E-05;59
8;GBP/USD;-0.000276542538316302;60
8;GBP/USD;-0.000569330155461416;61
8;GBP/USD;-0.000732145724318467;62
8;GBP/USD;-0.000837140190927;63
8;GBP/USD;-0.00094344361893293;64
8;GBP/USD;-0.00106019410470264;65
8;GBP/USD;-0.00147547565648262;66
8;GBP/USD;-0.0010558084749064;67
8;GBP/USD;-0.00125987732763462;68
8;GBP/USD;-0.00201175719056358;69
8;GBP/USD;-0.00188705978414099;70
8;GBP/USD;-0.00183368642654154;71
8;GBP/USD;-0.00173042751241373;72
8;GBP/USD;-0.0007969842532148;73
8;GBP/USD;-0.000175202704179874;74
8;GBP/USD;-3.6794917499205E-05;75
8;GBP/USD;0.000460000141450096;76
8;GBP/USD;0.000219576019577435;77
8;GBP/USD;-6.49253211389706E-05;78
8;GBP/USD;4.04450178937858E-05;79
8;GBP/USD;0.000573231246445336;80
8;GBP/USD;0.000861946456959194;81
8;GBP/USD;0.00115889202956411;82
8;GBP/USD;0.000960700003448021;83
8;GBP/USD;0.000957258425398547;84
8;GBP/USD;0.000642317778645044;85
8;GBP/USD;0.000113426740649438;86
8;GBP/USD;0.000918177543662828;87
8;GBP/USD;0.000541868803550584;88
8;GBP/USD;0.000516456229882414;89
8;GBP/USD;0.00217894948830263;90
8;GBP/USD;0.00249249700650892;91
8;GBP/USD;0.0014832567719359;92
8;GBP/USD;0.00228159354914815;93
8;GBP/USD;0.00259248676953409;94
8;GBP/USD;0.00102245406635132;95
8;GBP/USD;0.00149004630262733;96
8;GBP/USD;0.00187960267411069;97
8;GBP/USD;0.00163078545018497;98
8;GBP/USD;0.000673724218619956;99
8;GBP/USD;0.000590637100848772;100
8;GBP/USD;-0.000196118308529147;101
8;GBP/USD;-0.000792601046308205;102
8;GBP/USD;-0.00107492105694784;103
8;GBP/USD;3.70967598240788E-05;104
8;GBP/USD;-6.10195656191836E-05;105
8;GBP/USD;-0.000482743365315494;106
8;GBP/USD;-0.00012461507526579;107
8;GBP/USD;-0.000291546115605582;108
8;GBP/USD;-0.000641185602970151;109
8;GBP/USD;-0.000548815538651949;110
8;GBP/USD;0.000113903071567412;111
8;GBP/USD;-0.000663923940357937;112
8;GBP/USD;-0.000361723512382434;113
8;GBP/USD;-0.000383294950946401;114
8;GBP/USD;-0.00015365040488752;115
8;GBP/USD;-0.000161881673341213;116
8;GBP/USD;0.000609979880021098;117
8;GBP/USD;0.000569328721153339;118
8;GBP/USD;0.000505698382063014;119
8;GBP/USD;-0.000174199818191758;120
8;GBP/USD;-7.43895863156716E-05;121
8;GBP/USD;-0.000418860887903998;122
8;GBP/USD;-4.79820549416595E-05;123
8;GBP/USD;0.000229005141666174;124
8;GBP/USD;0.00108716439976554;125
8;GBP/USD;0.00109982116389445;126
8;GBP/USD;0.00104371924700827;127
8;GBP/USD;0.000517598012421069;128
8;GBP/USD;0.000341222437024359;129
8;GBP/USD;-0.000794115255607541;130
8;GBP/USD;-0.000809618450787673;131
8;GBP/USD;-0.000737588469422245;132
8;GBP/USD;-0.000594393252059798;133
8;GBP/USD;-0.00056422933617512;134
8;GBP/USD;0.0007690105780352;135
8;GBP/USD;0.000276619420026638;136
8;GBP/USD;0.000512768570715088;137
8;GBP/USD;0.000629091482237929;138
8;GBP/USD;0.000827231543842773;139
8;GBP/USD;-2.63035187313664E-05;140
8;GBP/USD;9.45137197072236E-05;141
8;GBP/USD;0.000180593399084185;142
8;GBP/USD;-0.000157985454404281;143
8;GBP/USD;-0.0012956355219892;144
8;GBP/USD;-0.00107061438184971;145
8;GBP/USD;-0.00103249709915348;146
8;GBP/USD;-0.00123270649495203;147
8;GBP/USD;-0.00100829655758402;148
8;GBP/USD;-0.000121483668091507;149
8;GBP/USD;-0.000385045903281598;150
8;GBP/USD;-0.000211714061463275;151
8;GBP/USD;0.000402543972616872;152
8;GBP/USD;0.000676360196379749;153
8;GBP/USD;-1.68451449984922E-05;154
8;GBP/USD;0.00010355394970565;155
8;GBP/USD;0.000128739232310601;156
8;GBP/USD;-0.000243832890583646;157
8;GBP/USD;-0.000477900348665736;158
8;GBP/USD;0.000275360401826573;159
8;GBP/USD;0.000298320798225589;160
8;GBP/USD;-0.000305740517188915;161
8;GBP/USD;-0.000814125458780075;162
8;GBP/USD;-0.000494711595393774;163
8;GBP/USD;-0.000557125210977083;164
8;GBP/USD;-0.000128656416666205;165
8;GBP/USD;-0.00085469699648998;166
8;GBP/USD;-0.000341811259699698;167
8;GBP/USD;-0.00102944779802339;168
8;GBP/USD;-0.00109832959408704;169
8;GBP/USD;-0.00172377892249941;170
8;GBP/USD;-0.000457821310555636;171
8;GBP/USD;-0.000625952075378663;172
8;GBP/USD;-0.000128448264607722;173
8;GBP/USD;-0.000220634163690718;174
8;GBP/USD;0.000135831670978155;175
8;GBP/USD;-3.63769745890368E-06;176
8;GBP/USD;0.000157580540895441;177
8;GBP/USD;0.000395985779420502;178
8;GBP/USD;0.000649083860668191;179
8;GBP/USD;0.000820303016202534;180
8;GBP/USD;0.00101236030893522;181
8;GBP/USD;0.000842763257440534;182
8;GBP/USD;0.000946216002803896;183
8;GBP/USD;0.000778297959804077;184
8;GBP/USD;0.000767644235318717;185
8;GBP/USD;0.000704533523955948;186
8;GBP/USD;0.000850040410303838;187
8;GBP/USD;0.000273134501010141;188
8;GBP/USD;0.000799272704939619;189
8;GBP/USD;0.0004313337267989;190
8;GBP/USD;0.000317132421155568;191
8;GBP/USD;-0.000100948800672199;192
8;GBP/USD;-4.32916052052607E-05;193
8;GBP/USD;-0.000290493589989827;194
8;GBP/USD;-0.000371203604762769;195
8;GBP/USD;-0.000438592714288725;196
8;GBP/USD;3.24533858908924E-05;197
8;GBP/USD;-0.000576912475132941;198
8;GBP/USD;-0.000628042217095722;199
8;GBP/USD;-0.00053700034669395;200
8;GBP/USD;-0.000405802999709578;201
8;GBP/USD;-0.000744144340901988;202
8;GBP/USD;-0.000159275065581919;203
8;GBP/USD;0.000208362835116375;204
8;GBP/USD;0.000232556064074123;205
8;GBP/USD;0.000571740193587165;206
8;GBP/USD;0.00196870887633882;207
8;GBP/USD;0.0021455555645825;208
8;GBP/USD;0.00156599279645046;209
8;GBP/USD;0.00170874080733771;210
8;GBP/USD;0.00190678143225087;211
8;GBP/USD;0.000368773693608977;212
8;GBP/USD;0.000394899837491769;213
8;GBP/USD;0.000375880521004861;214
8;GBP/USD;0.000309009352629175;215
8;GBP/USD;-0.000763400679951364;216
8;GBP/USD;-0.000544448694223182;217
8;GBP/USD;-0.000589654035466193;218
8;GBP/USD;-0.000445167345255427;219
8;GBP/USD;-0.000598168332871858;220
8;GBP/USD;-0.000455849515813004;221
8;GBP/USD;-5.26130136539968E-05;222
8;GBP/USD;-8.60868174919475E-05;223
8;GBP/USD;0.000269844343160972;224
8;GBP/USD;0.000792396900329799;225
8;GBP/USD;0.0012609147545534;226
8;GBP/USD;0.00130049778036294;227
8;GBP/USD;0.000998478115475786;228
8;GBP/USD;0.000243264060899967;229
8;GBP/USD;-6.67075653753394E-05;230
8;GBP/USD;-0.000188154610267761;231
8;GBP/USD;-0.000579470850296512;232
8;GBP/USD;6.6626215652278E-05;233
8;GBP/USD;0.000108419490760226;234
8;GBP/USD;3.4547766840808E-05;235
8;GBP/USD;0.000269078091081458;236
8;GBP/USD;0.000560459443438079;237
8;GBP/USD;0.000103464579068953;238
8;GBP/USD;0.000269007628712296;239
8;GBP/USD;-0.000278935085533918;240
8;GBP/USD;-0.000316740261842263;241
8;GBP/USD;-0.000508035740475619;242
8;GBP/USD;-0.000302219106826284;243
8;GBP/USD;-7.37625449300478E-05;244
8;GBP/USD;0.000438492144572606;245
8;GBP/USD;0.000302462026626067;246
8;GBP/USD;0.000183374823815469;247
8;GBP/USD;0.000560052922919223;248
8;GBP/USD;3.68846730357003E-05;249
8;GBP/USD;6.30732756026002E-05;250
8;GBP/USD;0.000291312115092517;251
8;GBP/USD;0.000278313039987712;252
8;GBP/USD;-0.000229301280037019;253
8;GBP/USD;1.42761119069661E-05;254
8;GBP/USD;0.000867912113254961;255
8;GBP/USD;0.000493666254738953;256
8;GBP/USD;0.000633677995397934;257
8;GBP/USD;0.00089196373608651;258
8;GBP/USD;0.000974312062482272;259
8;GBP/USD;0.000114885014514235;260
8;GBP/USD;-0.000124488342129588;261
8;GBP/USD;-2.96218183006249E-05;262
8;GBP/USD;-0.000379072925076906;263
8;GBP/USD;-0.000291439894714809;264
8;GBP/USD;-0.000286743496674663;265
8;GBP/USD;0.000855625138200783;266
8;GBP/USD;0.00113433915875892;267
8;GBP/USD;0.0012717892167488;268
8;GBP/USD;0.00128576767303727;269
8;GBP/USD;0.00113272546353712;270
8;GBP/USD;0.000208911818676123;271
8;GBP/USD;-0.000183892883570333;272
8;GBP/USD;-0.000367939818267039;273
8;GBP/USD;-0.000527251961868609;274
8;GBP/USD;-0.000368200348281408;275
8;GBP/USD;-0.00124844719791438;276
8;GBP/USD;-0.00118164715222897;277
8;GBP/USD;-0.000835089098578576;278
8;GBP/USD;-0.000754959006929231;279
8;GBP/USD;-0.000706432278938713;280
8;GBP/USD;0.000121043828679649;281
8;GBP/USD;-0.000252848286145803;282
8;GBP/USD;-0.000502019317759192;283
8;GBP/USD;-9.60532224455173E-05;284
8;GBP/USD;-0.00106136984821673;285
8;GBP/USD;-0.00107892001154238;286
8;GBP/USD;-0.00117583977051285;287
8;GBP/USD;-0.000480649345585535;288
8;GBP/USD;-0.000816533841540987;289
8;GBP/USD;0.000173913054436842;290
8;GBP/USD;0.000696551586520266;291
8;GBP/USD;0.00100828531294435;292
8;GBP/USD;0.000411716204107166;293
8;GBP/USD;0.000337952493381193;294
8;GBP/USD;0.00019993218252203;295
8;GBP/USD;0.000114074543675228;296
8;GBP/USD;0.000261371166381741;297
8;GBP/USD;0.000140218294723855;298
8;GBP/USD;0.000406214506805652;299
8;GBP/USD;0.000647217088433587;300
8;GBP/USD;0.000718597730292563;301
8;GBP/USD;0.000687436600061451;302
8;GBP/USD;0.000250484530303609;303
8;GBP/USD;0.000130478623926781;304
8;GBP/USD;-0.000256261231657049;305
8;GBP/USD;-0.000887356059377432;306
8;GBP/USD;-0.000838277366285089;307
8;GBP/USD;-0.000115112697912601;308
8;GBP/USD;-0.000268166540722385;309
8;GBP/USD;-4.1554741100249E-05;310
8;GBP/USD;0.000603071608657678;311
8;GBP/USD;-0.000405577119818786;312
8;GBP/USD;-0.000456355299314438;313
8;GBP/USD;-0.000868666358380199;314
8;GBP/USD;-0.00162860359117832;315
8;GBP/USD;-0.00190203694654436;316
8;GBP/USD;-0.00114863244365368;317
8;GBP/USD;-0.00110239129946666;318
8;GBP/USD;-0.000581612741975466;319
8;GBP/USD;0.000577370022132019;320
8;GBP/USD;0.000604609107787468;321
8;GBP/USD;0.000631251009732472;322
8;GBP/USD;0.000406348739075852;323
8;GBP/USD;0.000393102318188227;324
8;GBP/USD;-0.000150457649090164;325
8;GBP/USD;2.14742041329692E-05;326
8;GBP/USD;-4.29766077591051E-05;327
8;GBP/USD;-0.000142128166168136;328
8;GBP/USD;-0.00056540265789052;329
8;GBP/USD;3.34448161314577E-05;330
8;GBP/USD;-0.000316381144000432;331
8;GBP/USD;9.07175655500598E-05;332
8;GBP/USD;0.000660814571301881;333
8;GBP/USD;0.0011791980308492;334
8;GBP/USD;0.000810518767853077;335
8;GBP/USD;0.000646554858138655;336
8;GBP/USD;0.000563674383632254;337
8;GBP/USD;0.000263002129420928;338
8;GBP/USD;-0.000123799211161822;339
8;GBP/USD;-0.000135652117030129;340
8;GBP/USD;0.000102398020954233;341
8;GBP/USD;-0.000644840793789178;342
8;GBP/USD;-0.000830645658508425;343
8;GBP/USD;-0.000461350219624609;344
8;GBP/USD;-9.88221727050481E-05;345
8;GBP/USD;-0.000139321794311432;346
8;GBP/USD;0.000902909182031497;347
8;GBP/USD;0.0012393376304515;348
8;GBP/USD;0.0023421916690062;349
8;GBP/USD;0.00224769368320607;350
8;GBP/USD;0.00191577342392101;351
8;GBP/USD;0.00175716341493602;352
8;GBP/USD;0.00148632754660416;353
8;GBP/USD;0.000380648336432909;354
8;GBP/USD;-8.00937578799096E-05;355
8;GBP/USD;0.000345395743642824;356
8;GBP/USD;-0.000156747670803887;357
8;GBP/USD;-0.000199190877258496;358
8;GBP/USD;-0.000247397935732531;359
8;GBP/USD;-0.000323056133437711;360
8;GBP/USD;0.000194243920866061;361
8;GBP/USD;0.000500455086248635;362
8;GBP/USD;0.000997496568561839;363
8;GBP/USD;0.000846950484040077;364
8;GBP/USD;0.00122578524331215;365
8;GBP/USD;0.000189353302099334;366
8;GBP/USD;0.000169282323631283;367
8;GBP/USD;-0.000173733400603981;368
8;GBP/USD;-0.000340701575016223;369
8;GBP/USD;-0.000349794086324716;370
8;GBP/USD;0.000148064591124153;371
8;GBP/USD;-0.000596651781001812;372
8;GBP/USD;-0.00059158940049895;373
8;GBP/USD;-0.000611190913288774;374
8;GBP/USD;-0.00045282283692325;375
8;GBP/USD;-0.000525772862057647;376
8;GBP/USD;0.000296783137824113;377
8;GBP/USD;0.000429458664910293;378
8;GBP/USD;0.000761641095516924;379
8;GBP/USD;0.000503334265402402;380
8;GBP/USD;0.000405919502576863;381
8;GBP/USD;0.000474878124236488;382
8;GBP/USD;0.000101053425334541;383
8;GBP/USD;0.000965823059367974;384
8;GBP/USD;0.000935090378640018;385
8;GBP/USD;0.00103167341900214;386
8;GBP/USD;0.00129779777875342;387
8;GBP/USD;0.0014187445362256;388
8;GBP/USD;0.000527821874635906;389
8;GBP/USD;0.000654768221089769;390
8;GBP/USD;0.000663083358476009;391
8;GBP/USD;0.000103787366509029;392
8;GBP/USD;5.7147356011524E-05;393
8;GBP/USD;1.63262450310106E-05;394
8;GBP/USD;-0.000125885133975144;395
8;GBP/USD;1.16546381086504E-06;396
8;GBP/USD;-2.33183124801529E-05;397
8;GBP/USD;-5.36480689912105E-05;398
8;GBP/USD;-0.000285901879333574;399
8;GBP/USD;-0.00024500370569426;400
8;GBP/USD;-0.000271736795364846;401
8;GBP/USD;-0.000316231428215927;402
8;GBP/USD;-0.000113174639067257;403
8;GBP/USD;-0.000142520040609584;404
8;GBP/USD;-3.96955122024098E-05;405
8;GBP/USD;0.000225112944723031;406
8;GBP/USD;5.13778610952615E-05;407
8;GBP/USD;-0.000193829013623888;408
8;GBP/USD;0.000172880040200842;409
8;GBP/USD;2.45187466557578E-05;410
8;GBP/USD;-0.00057904055203089;411
8;GBP/USD;-0.000102768924005012;412
8;GBP/USD;4.90588299592936E-05;413
8;GBP/USD;-0.000604563920507771;414
8;GBP/USD;-0.000510844017410471;415
8;GBP/USD;-0.000390865117998286;416
8;GBP/USD;0.000308148485783762;417
8;GBP/USD;0.000214782669939511;418
8;GBP/USD;0.000779627830008276;419
8;GBP/USD;0.000502671435836763;420
8;GBP/USD;0.000751794872632073;421
8;GBP/USD;-0.000446035202121551;422
8;GBP/USD;-0.000469552330708939;423
8;GBP/USD;-0.000614565439350837;424
8;GBP/USD;-0.000317822051516949;425
8;GBP/USD;-0.000825606635901473;426
8;GBP/USD;-0.000247967749175064;427
8;GBP/USD;-0.000323018655489099;428
8;GBP/USD;-0.000309164322643854;429
8;GBP/USD;-0.000409706676340721;430
8;GBP/USD;-4.33624664394246E-05;431
8;GBP/USD;-0.00036314871541511;432
8;GBP/USD;-0.000140605782345173;433
8;GBP/USD;0.000123020328593834;434
8;GBP/USD;-0.000392935500253192;435
8;GBP/USD;-0.000290888669088815;436
8;GBP/USD;-0.000188863519095001;437
8;GBP/USD;-0.000971705594695628;438
8;GBP/USD;-0.00101100755137213;439
8;GBP/USD;-0.000695096510571541;440
8;GBP/USD;-0.000797418271409383;441
8;GBP/USD;-0.000711303109108874;442
8;GBP/USD;-2.70920511747171E-05;443
8;GBP/USD;8.24021401129625E-06;444
8;GBP/USD;8.24557695378915E-05;445
8;GBP/USD;0.000101323690113741;446
8;GBP/USD;-0.000507096673047676;447
8;GBP/USD;-0.000377314107900725;448
8;GBP/USD;-0.000662654404968175;449
8;GBP/USD;-0.000952666636199144;450
8;GBP/USD;-0.000841599570472264;451
8;GBP/USD;-0.000470507785905905;452
8;GBP/USD;-0.000685701446050552;453
8;GBP/USD;-0.00051086804343261;454
8;GBP/USD;-0.00037546462917116;455
8;GBP/USD;-0.000923570124892575;456
8;GBP/USD;-0.000868256668664304;457
8;GBP/USD;-0.000730845793457788;458
8;GBP/USD;-0.000601229592818485;459
8;GBP/USD;-4.86131904206579E-05;460
8;GBP/USD;0.000225654570580395;461
8;GBP/USD;0.000560290957828428;462
8;GBP/USD;0.000595793100007496;463
8;GBP/USD;0.000265854899008939;464
8;GBP/USD;-0.000395272293725925;465
8;GBP/USD;4.27269276216607E-05;466
8;GBP/USD;-0.000393939161738567;467
8;GBP/USD;-0.000340405425473016;468
8;GBP/USD;-0.000427439386183444;469
8;GBP/USD;-0.000396055041905535;470
8;GBP/USD;-0.000905148452920173;471
8;GBP/USD;-0.000747290753632386;472
8;GBP/USD;-0.00069208336000472;473
8;GBP/USD;-0.000491495768258285;474
8;GBP/USD;-0.0002179862693872;475
8;GBP/USD;-6.7962120714402E-05;476
8;GBP/USD;0.000345433515490061;477
8;GBP/USD;0.00017860120730627;478
8;GBP/USD;0.000461778527746556;479
8;GBP/USD;-0.00102880823831899;480
8;GBP/USD;-0.00100063869304835;481
8;GBP/USD;-0.00169715372411654;482
8;GBP/USD;-0.00133502597351154;483
8;GBP/USD;-0.0016580665615539;484
8;GBP/USD;-0.00017138423774536;485
8;GBP/USD;-2.99647914261701E-05;486
8;GBP/USD;0.000657861825168977;487
8;GBP/USD;0.000484648553005924;488
8;GBP/USD;0.000403545830676931;489
8;GBP/USD;0.000496969045470514;490
8;GBP/USD;0.000185709378187211;491
8;GBP/USD;-0.00118426963818425;492
8;GBP/USD;-0.00136480006727856;493
8;GBP/USD;-0.00115292072788587;494
8;GBP/USD;-0.00108294097057395;495
8;GBP/USD;-0.00121924130203822;496
8;GBP/USD;-0.00035291540695408;497
8;GBP/USD;-0.000379430185744328;498
8;GBP/USD;-0.000536130365715219;499
8;GBP/USD;-0.000488821173541781;500
8;GBP/USD;-0.000315931067329431;501
8;GBP/USD;-0.000504556969877211;502
8;GBP/USD;-0.000255768395587641;503
8;GBP/USD;6.39291718473456E-05;504
8;GBP/USD;-0.000271413836109121;505
8;GBP/USD;7.48074019785928E-05;506
8;GBP/USD;0.000248816342846599;507
8;GBP/USD;-0.000252469614867734;508
8;GBP/USD;-0.000142360781997625;509
8;GBP/USD;4.10372776827369E-05;510
8;GBP/USD;-5.18795793424076E-05;511
8;GBP/USD;0.000238862175980145;512
8;GBP/USD;0.000390046101955106;513
8;GBP/USD;0.00019541853688049;514
8;GBP/USD;0.000327995442989752;515
8;GBP/USD;0.000109775776690242;516
8;GBP/USD;2.4111636907933E-05;517
8;GBP/USD;0.000622736385413898;518
8;GBP/USD;0.000296382025540857;519
8;GBP/USD;0.000172223286678263;520
8;GBP/USD;-0.000171324821808117;521
8;GBP/USD;-0.00108427556125188;522
8;GBP/USD;-0.00196633937604671;523
8;GBP/USD;-0.00180799707469574;524
8;GBP/USD;-0.00198045975614711;525
8;GBP/USD;-0.00133945021461918;526
8;GBP/USD;-0.000540096392502999;527
8;GBP/USD;-0.00145909974934488;528
8;GBP/USD;-0.00208824977594377;529
8;GBP/USD;-0.00156601240114417;530
8;GBP/USD;-0.00180654264600757;531
8;GBP/USD;-0.00297776503565544;532
8;GBP/USD;-0.00218839540733311;533
8;GBP/USD;-0.00188337967858913;534
8;GBP/USD;-0.00283220059789952;535
8;GBP/USD;-0.0025941533269923;536
8;GBP/USD;-0.00156161300614093;537
8;GBP/USD;-0.000590864335960741;538
8;GBP/USD;-0.000127679491635007;539
8;GBP/USD;0.000497764352755414;540
8;GBP/USD;0.00119882458364757;541
8;GBP/USD;0.00192149158263282;542
8;GBP/USD;0.00124903791337057;543
8;GBP/USD;0.00146772421199845;544
8;GBP/USD;0.00152404743954081;545
8;GBP/USD;0.000536396662933443;546
8;GBP/USD;0.000193229000609182;547
8;GBP/USD;0.000354736688759148;548
8;GBP/USD;-8.12582731483086E-05;549
8;GBP/USD;-0.00037930812288049;550
8;GBP/USD;-0.000710572350493841;551
8;GBP/USD;0.000150023678802422;552
8;GBP/USD;0.000150080890797576;553
8;GBP/USD;0.000828270481911371;554
8;GBP/USD;0.00127423011361118;555
8;GBP/USD;0.00101450788114802;556
8;GBP/USD;0.000321802161140158;557
8;GBP/USD;0.00130048475476632;558
8;GBP/USD;0.00141752698300715;559
8;GBP/USD;0.00170020721312557;560
8;GBP/USD;0.000570936077649046;561
8;GBP/USD;0.000148443952356618;562
8;GBP/USD;-0.000404805211101098;563
8;GBP/USD;-0.00104506458104043;564
8;GBP/USD;-0.00121330619397046;565
8;GBP/USD;0.000127470511439348;566
8;GBP/USD;0.000734462373282215;567
8;GBP/USD;0.000695368075051266;568
8;GBP/USD;0.000543968552922992;569
8;GBP/USD;-0.000313046519517322;570
8;GBP/USD;2.81796267890451E-05;571
8;GBP/USD;-0.000784749223229365;572
8;GBP/USD;-0.00100410842697031;573
8;GBP/USD;-0.000654164766185603;574
8;GBP/USD;-0.000496252326150687;575
8;GBP/USD;-0.000887725268523231;576
8;GBP/USD;-0.000808777183037827;577
8;GBP/USD;-0.000941409548419074;578
8;GBP/USD;-0.000780455273675789;579
8;GBP/USD;-0.000755930801250405;580
8;GBP/USD;0.000158679890113479;581
8;GBP/USD;-0.000242779048528884;582
8;GBP/USD;-0.000263798614472459;583
8;GBP/USD;-0.00079709112193736;584
8;GBP/USD;-0.00032907616538466;585
8;GBP/USD;-0.000961386244718706;586
8;GBP/USD;-0.000255420784875446;587
8;GBP/USD;-0.000931001950076523;588
8;GBP/USD;-0.000559983801203233;589
8;GBP/USD;-0.00139874559755659;590
8;GBP/USD;-0.00282822564187402;591
8;GBP/USD;-0.00294035146735745;592
8;GBP/USD;-0.00214799944128221;593
8;GBP/USD;-0.00160329968294498;594
8;GBP/USD;-0.000351842445473891;595
8;GBP/USD;0.00161747142141956;596
8;GBP/USD;0.00136236310845555;597
8;GBP/USD;0.00149134746315494;598
8;GBP/USD;0.000442501497107791;599
8;GBP/USD;-8.58788436976511E-05;600
8;GBP/USD;0.000884312363433002;601
8;GBP/USD;0.00169278298151846;602
8;GBP/USD;0.000440902226892057;603
8;GBP/USD;0.000715897779614857;604
8;GBP/USD;-1.86741944555129E-05;605
8;GBP/USD;-0.00142077100219741;606
8;GBP/USD;-0.00144155479103137;607
8;GBP/USD;-0.000478206148264079;608
8;GBP/USD;-0.000662365421786269;609
8;GBP/USD;-7.47016602530543E-06;610
8;GBP/USD;2.2433121280746E-05;611
8;GBP/USD;-0.00202499535987111;612
8;GBP/USD;-0.00242343799965954;613
8;GBP/USD;-0.00215003353316955;614
8;GBP/USD;-0.00129405015584588;615
8;GBP/USD;-0.000761639317026553;616
8;GBP/USD;0.000790700598522116;617
8;GBP/USD;0.00218826316239722;618
8;GBP/USD;0.00249578111167408;619
8;GBP/USD;0.00134882489507467;620
8;GBP/USD;0.00120728727784457;621
8;GBP/USD;0.00121565004571409;622
8;GBP/USD;0.000488704399946146;623
8;GBP/USD;0.000505108752007363;624
8;GBP/USD;0.00107502446734158;625
8;GBP/USD;0.000958877483715161;626
8;GBP/USD;0.000539992321257972;627
8;GBP/USD;0.000110507873393126;628
8;GBP/USD;-0.000702783295125769;629
8;GBP/USD;-0.001080003369245;630
8;GBP/USD;-0.00147681895697754;631
8;GBP/USD;-0.00123606098699777;632
8;GBP/USD;-0.000953117471763616;633
8;GBP/USD;-0.000675305899505199;634
8;GBP/USD;-0.000457342442695906;635
8;GBP/USD;0.000672068735311995;636
8;GBP/USD;0.000693582572324826;637
8;GBP/USD;0.000811557072961467;638
8;GBP/USD;0.00133346266273307;639
8;GBP/USD;0.00114698330159937;640
8;GBP/USD;0.000293011238980803;641
8;GBP/USD;0.000827403453261488;642
8;GBP/USD;0.000487588756496569;643
8;GBP/USD;5.33027568737644E-05;644
8;GBP/USD;0.000312350937636011;645
8;GBP/USD;-0.0014731174078301;646
8;GBP/USD;-0.00220571708183025;647
8;GBP/USD;-0.00146385039995981;648
8;GBP/USD;-0.00172527536997959;649
8;GBP/USD;-0.00193523200216398;650
8;GBP/USD;-5.25000003014689E-05;651
8;GBP/USD;-0.000105166296625899;652
8;GBP/USD;-0.000593811673002784;653
8;GBP/USD;-0.000256449584942964;654
8;GBP/USD;-0.000228984018031386;655
8;GBP/USD;-0.00011379730007172;656
8;GBP/USD;0.000465317207101115;657
8;GBP/USD;0.000366496342218504;658
8;GBP/USD;-0.000310681620142008;659
8;GBP/USD;1.00157121505147E-05;660
8;GBP/USD;-0.000326745295904221;661
8;GBP/USD;-0.000305085864542319;662
8;GBP/USD;-0.00127499562060793;663
8;GBP/USD;-0.00141543407481701;664
8;GBP/USD;-0.00174906416279534;665
8;GBP/USD;-0.00150792244087684;666
8;GBP/USD;-0.00128545957548732;667
8;GBP/USD;-3.27025515007845E-05;668
8;GBP/USD;0.000377169386991503;669
8;GBP/USD;0.00016411344946809;670
8;GBP/USD;1.51482636375275E-05;671
8;GBP/USD;-0.000112115746694861;672
8;GBP/USD;0.000316738166525782;673
8;GBP/USD;0.000786107677296386;674
8;GBP/USD;-0.000247484153452537;675
8;GBP/USD;-0.000951515105817534;676
8;GBP/USD;-0.00133001741777547;677
8;GBP/USD;-0.00240819107152162;678
8;GBP/USD;-0.00293499025115263;679
8;GBP/USD;-0.00193100833221085;680
8;GBP/USD;-0.00156743707627136;681
8;GBP/USD;-0.00130827553309702;682
8;GBP/USD;-0.00066717657999441;683
8;GBP/USD;-0.000653282621332454;684
8;GBP/USD;-0.000508379591122437;685
8;GBP/USD;0.000206978515706749;686
8;GBP/USD;-0.000260639625996958;687
8;GBP/USD;-0.00070268305292543;688
8;GBP/USD;-0.000408107272926316;689
8;GBP/USD;0.000366725228212555;690
8;GBP/USD;0.00013021000013132;691
8;GBP/USD;8.81955398853699E-05;692
8;GBP/USD;0.000958867030573256;693
8;GBP/USD;0.000955631473328676;694
8;GBP/USD;0.000316350807085839;695
8;GBP/USD;6.63489578452945E-05;696
8;GBP/USD;-8.0524818389177E-05;697
8;GBP/USD;-0.000570169810668534;698
8;GBP/USD;6.49907139086974E-05;699
8;GBP/USD;8.02836700417457E-05;700
8;GBP/USD;-0.000105913619074289;701
8;GBP/USD;0.00104684576200052;702
8;GBP/USD;0.000794220958492969;703
8;GBP/USD;0.000182116318679104;704
8;GBP/USD;0.00121306797635801;705
8;GBP/USD;0.00150558308183569;706
8;GBP/USD;0.00106669625368683;707
8;GBP/USD;2.67166225497693E-05;708
8;GBP/USD;0.000175591519266475;709
8;GBP/USD;-0.00137621779644467;710
8;GBP/USD;-0.00158218208698496;711
8;GBP/USD;-0.00253586919450782;712
8;GBP/USD;-0.00148114775872127;713
8;GBP/USD;-4.45194917712211E-05;714
8;GBP/USD;0.000627652200271299;715
8;GBP/USD;0.000609426170693617;716
8;GBP/USD;0.000516908562110427;717
8;GBP/USD;0.000517093812860606;718
8;GBP/USD;-0.00106249911080456;719
8;GBP/USD;-0.000276026158173699;720
8;GBP/USD;-0.000253489494695963;721
8;GBP/USD;0.000505379494763618;722
8;GBP/USD;0.000686536031346098;723
8;GBP/USD;0.000504529857580553;724
8;GBP/USD;-0.000789473870243398;725
8;GBP/USD;-0.0012735720193823;726
8;GBP/USD;-0.00160990868192206;727
8;GBP/USD;-0.00195862875058749;728
8;GBP/USD;-0.000750230134181989;729
8;GBP/USD;-3.83380457193551E-06;730
8;GBP/USD;0.00119070428466116;731
8;GBP/USD;0.00160226093704988;732
8;GBP/USD;0.00174959969691739;733
8;GBP/USD;0.000840782986390033;734
8;GBP/USD;0.000546214805257038;735
8;GBP/USD;0.000806817034507499;736
8;GBP/USD;0.00039602334323267;737
8;GBP/USD;0.000181001255144117;738
8;GBP/USD;0.000417797291042788;739
8;GBP/USD;0.00024836575362725;740
8;GBP/USD;-0.000625827314352352;741
8;GBP/USD;1.14488158457642E-05;742
8;GBP/USD;0.000453058976846037;743
8;GBP/USD;-0.00133670452800114;744
8;GBP/USD;-0.000899399684382098;745
8;GBP/USD;-0.000552403720456566;746
8;GBP/USD;8.64809882481457E-05;747
8;GBP/USD;0.0001118340818078;748
8;GBP/USD;0.00122342505242233;749
8;GBP/USD;1.15072223834186E-05;750
8;GBP/USD;-0.00106701761063824;751
8;GBP/USD;-0.00205895542243282;752
8;GBP/USD;-0.00137173699730573;753
8;GBP/USD;-0.0005405512064944;754
8;GBP/USD;0.000245329820442444;755
8;GBP/USD;0.000831815200828616;756
8;GBP/USD;0.00075523803100974;757
8;GBP/USD;0.000313166141069312;758
8;GBP/USD;-0.000493379257314705;759
8;GBP/USD;-0.00108453400111602;760
8;GBP/USD;-0.000697003210296807;761
8;GBP/USD;-0.00136638517854401;762
8;GBP/USD;-0.00178327480074624;763
8;GBP/USD;-0.00111135637533017;764
8;GBP/USD;-0.000349531370086684;765
8;GBP/USD;-0.000381560595315097;766
8;GBP/USD;0.000432499396224689;767
8;GBP/USD;0.000474954127582058;768
8;GBP/USD;0.000235362990935496;769
8;GBP/USD;0.000131145859461593;770
8;GBP/USD;-2.18622102269171E-05;771
8;GBP/USD;0.000149098347543483;772
8;GBP/USD;-0.000333250848308569;773
8;GBP/USD;-0.000593439776823886;774
8;GBP/USD;-0.000436199576511162;775
8;GBP/USD;0.000104145574720004;776
8;GBP/USD;-1.67037683155854E-05;777
8;GBP/USD;0.000397521092381557;778
8;GBP/USD;0.00100562175782188;779
8;GBP/USD;0.000671275344849938;780
8;GBP/USD;-0.000255960933372109;781
8;GBP/USD;-0.00228610840613246;782
8;GBP/USD;-0.0035972985784087;783
8;GBP/USD;-0.00389355231693044;784
8;GBP/USD;-0.00439492547064682;785
8;GBP/USD;-0.00366808782775991;786
8;GBP/USD;-0.00204318022961712;787
8;GBP/USD;-0.001503899804135;788
8;GBP/USD;-0.00206409678207022;789
8;GBP/USD;-0.0013193024752162;790
8;GBP/USD;-0.00255543530820337;791
8;GBP/USD;-0.00166797840490912;792
8;GBP/USD;-0.00129224279917401;793
8;GBP/USD;-0.000701634334468578;794
8;GBP/USD;-0.000723907238322083;795
8;GBP/USD;0.000428400592198517;796
8;GBP/USD;0.000555339212676828;797
8;GBP/USD;0.00154258210745608;798
8;GBP/USD;0.00100139438450933;799
8;GBP/USD;0.000684272668921078;800
8;GBP/USD;0.000983303043965698;801
8;GBP/USD;-3.03715564355724E-05;802
8;GBP/USD;-0.000181794242526204;803
8;GBP/USD;0.00013718507331175;804
8;GBP/USD;0.000935917818213446;805
8;GBP/USD;0.000551648216712348;806
8;GBP/USD;0.00117058346354079;807
8;GBP/USD;0.000551459445659233;808
8;GBP/USD;1.18673624491843E-05;809
8;GBP/USD;-0.000375159305846302;810
8;GBP/USD;-0.000109155592166173;811
8;GBP/USD;-0.00161215187115246;812
8;GBP/USD;-0.00100931123968374;813
8;GBP/USD;-0.000509611598074113;814
8;GBP/USD;-0.000296676291623353;815
8;GBP/USD;-0.0015159090406077;816
8;GBP/USD;-0.000107233994420471;817
8;GBP/USD;0.000705472754893164;818
8;GBP/USD;0.000198189882109767;819
8;GBP/USD;0.000120042084289254;820
8;GBP/USD;0.00034433218011554;821
8;GBP/USD;0.00052503014027158;822
8;GBP/USD;-0.00082836062358273;823
8;GBP/USD;-0.000787311425418295;824
8;GBP/USD;-0.00211987308740846;825
8;GBP/USD;-0.00179169554036083;826
8;GBP/USD;-0.00156593159298492;827
8;GBP/USD;-0.00184576653963422;828
8;GBP/USD;-0.000617458621130858;829
8;GBP/USD;0.000594876123524471;830
8;GBP/USD;0.00139963983828806;831
8;GBP/USD;0.000705589968613132;832
8;GBP/USD;0.00281623897697682;833
8;GBP/USD;0.00198236302104853;834
8;GBP/USD;0.00144981419963632;835
8;GBP/USD;0.00123976077658667;836
8;GBP/USD;0.00081410969177016;837
8;GBP/USD;-0.000959898469128166;838
8;GBP/USD;-0.00147763089196916;839
8;GBP/USD;-0.00110063378851192;840
8;GBP/USD;-0.00148385900334665;841
8;GBP/USD;-0.00161423303675177;842
8;GBP/USD;-0.000639407471525681;843
8;GBP/USD;-0.000434258793532022;844
8;GBP/USD;-0.000567229294281627;845
8;GBP/USD;-0.000540995322008018;846
8;GBP/USD;-0.000242529263154521;847
8;GBP/USD;0.000388124573316254;848
8;GBP/USD;0.00128278623196674;849
8;GBP/USD;0.00166654383463309;850
8;GBP/USD;0.00249074822277858;851
8;GBP/USD;0.00236736213590645;852
8;GBP/USD;0.00123748729212739;853
8;GBP/USD;0.0019036494209227;854
8;GBP/USD;0.00208015996522819;855
8;GBP/USD;0.00134159226978402;856
8;GBP/USD;0.00119683348311517;857
8;GBP/USD;0.000423049793808997;858
8;GBP/USD;-0.000303788244713888;859
8;GBP/USD;-0.00102490824411149;860
8;GBP/USD;-0.00134685054993236;861
8;GBP/USD;-0.000360529354578593;862
8;GBP/USD;0.000261003325814767;863
8;GBP/USD;-5.373472770139E-05;864
8;GBP/USD;0.000191505563046144;865
8;GBP/USD;0.00067717933156771;866
8;GBP/USD;1.3121551496923E-05;867
8;GBP/USD;-0.00030431822860763;868
8;GBP/USD;0.00135988740887935;869
8;GBP/USD;0.00175693915493753;870
8;GBP/USD;0.00172585235074274;871
8;GBP/USD;0.00197543753434402;872
8;GBP/USD;0.00216342535586997;873
8;GBP/USD;0.000984411179557447;874
8;GBP/USD;-0.000144306247505497;875
8;GBP/USD;-0.000582749478982152;876
8;GBP/USD;-0.00044873251940849;877
8;GBP/USD;-0.000844566723510554;878
8;GBP/USD;-0.00111594600684055;879
8;GBP/USD;-0.000407479270666416;880
8;GBP/USD;0.00120654025625661;881
8;GBP/USD;0.000974224010011841;882
8;GBP/USD;0.00140088810148754;883
8;GBP/USD;0.00111594600684051;884
8;GBP/USD;0.000921825386777756;885
8;GBP/USD;-0.000198209010117938;886
8;GBP/USD;-0.000776397482527162;887
8;GBP/USD;-0.000743406053924585;888
8;GBP/USD;-0.000685198832628767;889
8;GBP/USD;0.000401723658568448;890
8;GBP/USD;0.000268118258269665;891
8;GBP/USD;0.0010379793126875;892
8;GBP/USD;0.000924621764779556;893
8;GBP/USD;0.000915665812665985;894
8;GBP/USD;0.000692695092733401;895
8;GBP/USD;0.000456398337556069;896
8;GBP/USD;0.00092573331325645;897
8;GBP/USD;0.000983462549675933;898
8;GBP/USD;-0.000598729120676996;899
8;GBP/USD;-0.00115280060144796;900
8;GBP/USD;-0.000601422525397896;901
8;GBP/USD;-0.000980093449491427;902
8;GBP/USD;-0.00167944902126683;903
8;GBP/USD;-0.000197376980050177;904
8;GBP/USD;-0.000687591865946627;905
8;GBP/USD;-0.00107020886709846;906
8;GBP/USD;-0.000893880879129216;907
8;GBP/USD;-0.000427604700173875;908
8;GBP/USD;-0.000366702962883314;909
8;GBP/USD;4.94711149796808E-05;910
8;GBP/USD;-0.00116239911357015;911
8;GBP/USD;-0.00155988194263302;912
8;GBP/USD;-0.00163958367690009;913
8;GBP/USD;-0.00169922335493159;914
8;GBP/USD;-0.00154457067130583;915
8;GBP/USD;-0.000440601021368465;916
8;GBP/USD;-0.00265547536643966;917
8;GBP/USD;-0.00249614666022663;918
8;GBP/USD;-0.00224805268309944;919
8;GBP/USD;-0.00198274644782993;920
8;GBP/USD;-0.00169404836602325;921
8;GBP/USD;0.000327737326250909;922
8;GBP/USD;0.000368922995742797;923
8;GBP/USD;0.000143318764302441;924
8;GBP/USD;-0.000152418322756819;925
8;GBP/USD;-0.00216704726400149;926
8;GBP/USD;-0.00202943260714787;927
8;GBP/USD;-0.00106749164168241;928
8;GBP/USD;-0.0022867302679341;929
8;GBP/USD;-0.00258755156401109;930
8;GBP/USD;-0.000906775530503312;931
8;GBP/USD;-0.00241048752291958;932
8;GBP/USD;-0.00337125146494299;933
8;GBP/USD;-0.00177907139015963;934
8;GBP/USD;-0.00123277126368617;935
8;GBP/USD;-0.000705724637981808;936
8;GBP/USD;0.000965525644806416;937
8;GBP/USD;-0.000160023876503934;938
8;GBP/USD;-0.000317038869770744;939
8;GBP/USD;-0.000595524535044931;940
8;GBP/USD;-0.00188148652125521;941
8;GBP/USD;0.00180491126122781;942
8;GBP/USD;0.00132649166705221;943
8;GBP/USD;-0.000329765473090907;944
8;GBP/USD;5.82772306175699E-05;945
8;GBP/USD;0.000659449583634274;946
8;GBP/USD;-0.000522071177609326;947
8;GBP/USD;0.00135925200499912;948
8;GBP/USD;0.00202292871183444;949
8;GBP/USD;0.0023735233746292;950
8;GBP/USD;0.00290545695738226;951
8;GBP/USD;0.000306714631398159;952
8;GBP/USD;-0.000987629821572322;953
8;GBP/USD;-0.000564144883907979;954
8;GBP/USD;-0.000555157349222165;955
8;GBP/USD;-0.000464781631310279;956
8;GBP/USD;-0.000905425033062197;957
8;GBP/USD;0.000808179543371059;958
8;GBP/USD;0.000114573402559765;959
8;GBP/USD;-0.000527080388965241;960
8;GBP/USD;-0.00147514733729723;961
8;GBP/USD;9.41065757140043E-06;962
8;GBP/USD;-0.000605156363145559;963
8;GBP/USD;-0.000111876803645191;964
8;GBP/USD;-0.000902753306352061;965
8;GBP/USD;3.51206598182777E-05;966
8;GBP/USD;-0.00146937949475907;967
8;GBP/USD;-0.000461469844269049;968
8;GBP/USD;-4.98929663618801E-05;969
8;GBP/USD;0.000625209390344116;970
8;GBP/USD;0.000199800216417013;971
8;GBP/USD;0.000878338247122867;972
8;GBP/USD;-0.000119914177380187;973
8;GBP/USD;0.000153684388375939;974
8;GBP/USD;-9.17010561686012E-05;975
8;GBP/USD;0.000159157284112211;976
8;GBP/USD;0.00105430436989784;977
8;GBP/USD;0.00107262646713056;978
8;GBP/USD;0.00121452695805947;979
8;GBP/USD;0.00176726098191575;980
8;GBP/USD;0.000734795225402138;981
8;GBP/USD;-0.000207999965070332;982
8;GBP/USD;-0.000859794570757614;983
8;GBP/USD;-0.00149502245609893;984
8;GBP/USD;-0.000790382488182095;985
8;GBP/USD;0.000438780581162566;986
8;GBP/USD;-0.000276773882325176;987
8;GBP/USD;-0.00087973318120887;988
8;GBP/USD;-0.00113543243880477;989
8;GBP/USD;-0.00249468882279198;990
8;GBP/USD;-0.00336158268978865;991
8;GBP/USD;-0.00309327467917892;992
8;GBP/USD;-0.00209339168471278;993
8;GBP/USD;-0.00186390318413293;994
8;GBP/USD;-0.000836251439660703;995
8;GBP/USD;-7.22565524442759E-05;996
8;GBP/USD;-3.14077857815327E-05;997
8;GBP/USD;0.00205687744236635;998
8;GBP/USD;0.00233563988108046;999
8;GBP/USD;0.0010210077036061;1000
8;GBP/USD;0.00152546508366911;1001
8;GBP/USD;0.00248772424117144;1002
8;GBP/USD;0.000560502522759638;1003
8;GBP/USD;0.00203009135204838;1004
8;GBP/USD;0.00265728176219198;1005
8;GBP/USD;0.00247053698024932;1006
8;GBP/USD;0.00152236061559708;1007
8;GBP/USD;0.00180718459494466;1008
8;GBP/USD;0.000480587645613163;1009
8;GBP/USD;-0.000162200031008434;1010
8;GBP/USD;-0.000724412876677774;1011
8;GBP/USD;-0.00096608822245367;1012
8;GBP/USD;-0.000267495943844861;1013
8;GBP/USD;-0.000382770113555977;1014
8;GBP/USD;0.000582503232220635;1015
8;GBP/USD;0.00152344016792609;1016
8;GBP/USD;0.00223102849177798;1017
8;GBP/USD;0.000569336426384177;1018
8;GBP/USD;0.00154797468656711;1019
8;GBP/USD;0.00124500535339147;1020
8;GBP/USD;0.00149342515594156;1021
8;GBP/USD;0.0018258679302867;1022
8;GBP/USD;0.00248020367225613;1023
8;GBP/USD;0.00141072799972102;1024
8;GBP/USD;0.00240923801738536;1025
8;GBP/USD;0.00114104571285154;1026
8;GBP/USD;0.000995265677124643;1027
8;GBP/USD;0.00200271191355908;1028
8;GBP/USD;0.00234758802932947;1029
8;GBP/USD;0.00202605802362587;1030
8;GBP/USD;0.0033768389475382;1031
8;GBP/USD;0.00228851114580804;1032
8;GBP/USD;0.00174755302865632;1033
8;GBP/USD;-6.00189194575461E-05;1034
8;GBP/USD;-0.000450201544606426;1035
8;GBP/USD;-0.0011907535020222;1036
8;GBP/USD;-0.00379186191335948;1037
8;GBP/USD;-0.00402330252728342;1038
8;GBP/USD;-0.00247112865910421;1039
8;GBP/USD;-0.00312056085291432;1040
8;GBP/USD;-0.00352940309914201;1041
8;GBP/USD;-3.17156167039744E-05;1042
8;GBP/USD;0.00029808033901278;1043
8;GBP/USD;0.000398598438553705;1044
8;GBP/USD;0.000901648716392006;1045
8;GBP/USD;0.00162559680887703;1046
8;GBP/USD;0.00139731313422861;1047
8;GBP/USD;0.000527803768632104;1048
8;GBP/USD;0.000708123753091067;1049
8;GBP/USD;0.00275617443986703;1050
8;GBP/USD;0.00297438107128809;1051
8;GBP/USD;0.00277214740650212;1052
8;GBP/USD;0.00289836504245318;1053
8;GBP/USD;0.00265604686635179;1054
8;GBP/USD;0.00254946606358419;1055
8;GBP/USD;0.00134754384279143;1056
8;GBP/USD;0.00136215529545419;1057
8;GBP/USD;0.00314795070501435;1058
8;GBP/USD;0.00312862153547971;1059
8;GBP/USD;0.00138051473577785;1060
8;GBP/USD;0.00216327388721369;1061
8;GBP/USD;0.00227399368574447;1062
8;GBP/USD;0.000960570808657547;1063
8;GBP/USD;0.0012444688190049;1064
8;GBP/USD;0.000897324153740562;1065
8;GBP/USD;0.000152358710541664;1066
8;GBP/USD;0.000454502369719133;1067
8;GBP/USD;-0.000247652885843029;1068
8;GBP/USD;-0.00106584839464664;1069
8;GBP/USD;-0.00117011462542146;1070
8;GBP/USD;-0.0012285168210498;1071
8;GBP/USD;-0.00224571727643672;1072
8;GBP/USD;-0.00278327006770328;1073
8;GBP/USD;-0.00219272321774521;1074
8;GBP/USD;-0.00241518761195733;1075
8;GBP/USD;-0.0015292838649302;1076
8;GBP/USD;-0.000696291860902536;1077
8;GBP/USD;0.000527633485142609;1078
8;GBP/USD;0.00203069569610133;1079
8;GBP/USD;0.00213436040217181;1080
8;GBP/USD;0.00163907507290116;1081
8;GBP/USD;-0.000759430115688065;1082
8;GBP/USD;-0.00115746583539648;1083
8;GBP/USD;-0.00214161048801242;1084
8;GBP/USD;-0.00249231216132507;1085
8;GBP/USD;-0.00257547641717801;1086
8;GBP/USD;-0.000903719339470439;1087
8;GBP/USD;-0.00098355436869963;1088
8;GBP/USD;-0.00141503459499474;1089
8;GBP/USD;-0.000518030995888238;1090
8;GBP/USD;-0.00192782593867267;1091
8;GBP/USD;-0.000833532302990913;1092
8;GBP/USD;-0.000357557393791965;1093
8;GBP/USD;-0.00136231872330063;1094
8;GBP/USD;-0.00134274973346428;1095
8;GBP/USD;-0.000262548653282561;1096
8;GBP/USD;-0.000856649803044638;1097
8;GBP/USD;-0.00107783207407653;1098
8;GBP/USD;-0.000441317714890079;1099
8;GBP/USD;-0.00175837123934091;1100
8;GBP/USD;-0.00138241843096316;1101
8;GBP/USD;-0.00131296958705037;1102
8;GBP/USD;0.000573566070621432;1103
8;GBP/USD;0.00104475068487046;1104
8;GBP/USD;0.00224863467533038;1105
8;GBP/USD;0.00197494958395167;1106
8;GBP/USD;0.00188143208371545;1107
8;GBP/USD;3.26137650379263E-05;1108
8;GBP/USD;0.000388263619957478;1109
8;GBP/USD;1.56269330270359E-05;1110
8;GBP/USD;-0.00033520398874435;1111
8;GBP/USD;-0.000776649228830175;1112
8;GBP/USD;-0.000916512195724946;1113
8;GBP/USD;-0.00117622440488964;1114
8;GBP/USD;-0.00104316841961564;1115
8;GBP/USD;0.000266122285910456;1116
8;GBP/USD;0.000239592328968714;1117
8;GBP/USD;0.00155727123515557;1118
8;GBP/USD;0.00145458032911454;1119
8;GBP/USD;0.00224408472150284;1120
8;GBP/USD;0.0024230941028592;1121
8;GBP/USD;0.00280649829317122;1122
8;GBP/USD;0.00086929017351085;1123
8;GBP/USD;0.00137696182139011;1124
8;GBP/USD;0.000825414604899806;1125
8;GBP/USD;-0.00034159947718883;1126
8;GBP/USD;0.00108728437710178;1127
8;GBP/USD;0.0015038731566122;1128
8;GBP/USD;0.000482216882974877;1129
8;GBP/USD;0.000718008877708772;1130
8;GBP/USD;0.00122960168135843;1131
8;GBP/USD;0.000100067355113625;1132
8;GBP/USD;0.000896158217831894;1133
8;GBP/USD;0.00138856472300335;1134
8;GBP/USD;0.000811406940839771;1135
8;GBP/USD;0.00136604784462048;1136
8;GBP/USD;0.00323406429794179;1137
8;GBP/USD;0.00319030152046691;1138
8;GBP/USD;0.00305860990816426;1139
8;GBP/USD;0.00309851496878719;1140
8;GBP/USD;0.00189743079181706;1141
8;GBP/USD;0.000366911271947044;1142
8;GBP/USD;-0.000178850331834033;1143
8;GBP/USD;-0.000317640452473834;1144
8;GBP/USD;-0.000702819886116064;1145
8;GBP/USD;-0.000353530981815161;1146
8;GBP/USD;-0.00123580423266996;1147
8;GBP/USD;-0.00156100574867601;1148
8;GBP/USD;-0.00147886214456323;1149
8;GBP/USD;-0.000511315015501306;1150
8;GBP/USD;-0.00185998249061095;1151
8;GBP/USD;-0.000950355947589999;1152
8;GBP/USD;-0.00054045666477952;1153
8;GBP/USD;-0.000155102826957952;1154
8;GBP/USD;-0.000475784395994697;1155
8;GBP/USD;0.000916282773736763;1156
8;GBP/USD;0.000424914922439787;1157
8;GBP/USD;-0.000229340289636185;1158
8;GBP/USD;-0.000351332863584873;1159
8;GBP/USD;0.00023105539011846;1160
8;GBP/USD;-0.000317678220700149;1161
8;GBP/USD;-0.000390531953385698;1162
8;GBP/USD;0.000450786201193241;1163
8;GBP/USD;-0.000188650398935962;1164
8;GBP/USD;-0.000658321748360235;1165
8;GBP/USD;-0.00141533652793589;1166
8;GBP/USD;-0.00132867085489096;1167
8;GBP/USD;-0.00171303154039073;1168
8;GBP/USD;-0.000895965506478705;1169
8;GBP/USD;-0.00130652222777448;1170
8;GBP/USD;-0.000102486582905955;1171
8;GBP/USD;-0.000391338083677295;1172
8;GBP/USD;-0.00051382538940073;1173
8;GBP/USD;-0.000536172717224408;1174
8;GBP/USD;0.000122969722580736;1175
8;GBP/USD;-0.000125617677767192;1176
8;GBP/USD;-0.00034835712189434;1177
8;GBP/USD;-0.0013020198832398;1178
8;GBP/USD;-0.00141530088814775;1179
8;GBP/USD;-0.00244924421297863;1180
8;GBP/USD;-0.00317808568296933;1181
8;GBP/USD;-0.0023163234382856;1182
8;GBP/USD;-0.000835475125850536;1183
8;GBP/USD;-0.00112596695089033;1184
8;GBP/USD;-0.000759788043492554;1185
8;GBP/USD;0.0012286231606431;1186
8;GBP/USD;0.00174813940785;1187
8;GBP/USD;0.00166360691079694;1188
8;GBP/USD;0.00181682284555797;1189
8;GBP/USD;0.00189859679629841;1190
8;GBP/USD;0.00039968581709308;1191
8;GBP/USD;-0.00050899816897792;1192
8;GBP/USD;0.000910723784116233;1193
8;GBP/USD;0.00153584153347185;1194
8;GBP/USD;0.00177984268158483;1195
8;GBP/USD;0.00183422620894784;1196
8;GBP/USD;0.00210891931620971;1197
8;GBP/USD;0.000447408837979305;1198
8;GBP/USD;-0.00045079676889799;1199
8;GBP/USD;-0.000566752016027712;1200
8;GBP/USD;0.000545982035260648;1201
8;GBP/USD;-3.58418351978566E-05;1202
8;GBP/USD;-0.000192173432077296;1203
8;GBP/USD;6.28138695622724E-05;1204
8;GBP/USD;-0.000314131826826584;1205
8;GBP/USD;-0.00120775866122166;1206
8;GBP/USD;-0.000696348723579621;1207
8;GBP/USD;-0.000690784880869703;1208
8;GBP/USD;-0.000641886154123365;1209
8;GBP/USD;0.000364090995074101;1210
8;GBP/USD;0.000596465903216973;1211
8;GBP/USD;0.000569570705715505;1212
8;GBP/USD;0.00142389492284268;1213
8;GBP/USD;-0.000277933302144493;1214
8;GBP/USD;-0.00124758292653383;1215
8;GBP/USD;-0.00174565741853531;1216
8;GBP/USD;-0.00128640120672458;1217
8;GBP/USD;-0.00179080018076131;1218
8;GBP/USD;-0.00030926844859829;1219
8;GBP/USD;0.000979707147506433;1220
8;GBP/USD;0.00106438749485117;1221
8;GBP/USD;0.000358092929298363;1222
8;GBP/USD;0.00120375878472854;1223
8;GBP/USD;0.00127522430220255;1224
8;GBP/USD;0.000107706118771766;1225
8;GBP/USD;0.000768346148768639;1226
8;GBP/USD;0.000741195945123429;1227
8;GBP/USD;-0.000135814733429517;1228
8;GBP/USD;-0.000338580990798532;1229
8;GBP/USD;8.97289225310679E-06;1230
8;GBP/USD;-0.000688680742417528;1231
8;GBP/USD;0.000441867421043297;1232
8;GBP/USD;0.00021649113571572;1233
8;GBP/USD;0.000743099962510099;1234
8;GBP/USD;-6.40916767397559E-06;1235
8;GBP/USD;0.000264467092489188;1236
8;GBP/USD;-0.000238102885996753;1237
8;GBP/USD;-0.000135759940662812;1238
8;GBP/USD;-0.000946010070197039;1239
8;GBP/USD;-0.000250117876582321;1240
8;GBP/USD;0.000201325301596537;1241
8;GBP/USD;-0.000144792443802263;1242
8;GBP/USD;-0.000174317640828205;1243
8;GBP/USD;-0.000608679616760994;1244
8;GBP/USD;-0.000906891019510944;1245
8;GBP/USD;-0.00133095924475302;1246
8;GBP/USD;-0.00178841050171432;1247
8;GBP/USD;-0.00142457435754819;1248
8;GBP/USD;-0.000518773559846653;1249
8;GBP/USD;0.000409574919515269;1250
8;GBP/USD;0.00106932514884334;1251
8;GBP/USD;0.00180379166620432;1252
8;GBP/USD;0.00108447423484475;1253
8;GBP/USD;0.00134833273623847;1254
8;GBP/USD;0.000584572217327718;1255
8;GBP/USD;0.00070204728910556;1256
8;GBP/USD;7.04818724716061E-05;1257
8;GBP/USD;0.00058359000309602;1258
8;GBP/USD;0.000162934889584774;1259
8;GBP/USD;0.000302535070347121;1260
8;GBP/USD;-0.00062506054912073;1261
8;GBP/USD;0.000174175877405267;1262
8;GBP/USD;0.00040430677100226;1263
8;GBP/USD;0.00073220767906536;1264
8;GBP/USD;-0.000229423230866371;1265
8;GBP/USD;-0.000118058455194123;1266
8;GBP/USD;-0.000462667979471087;1267
8;GBP/USD;0.000107336585822901;1268
8;GBP/USD;0.000125179630463744;1269
8;GBP/USD;0.00117509376587317;1270
8;GBP/USD;0.000785317009017339;1271
8;GBP/USD;0.00122035837993625;1272
8;GBP/USD;0.000108555795553434;1273
8;GBP/USD;0.000301131853089181;1274
8;GBP/USD;1.01990731614229E-05;1275
8;GBP/USD;0.00077715098120445;1276
8;GBP/USD;0.000165721215422348;1277
8;GBP/USD;0.000126361340187374;1278
8;GBP/USD;-0.000219424161216337;1279
8;GBP/USD;0.000524550390768271;1280
8;GBP/USD;0.000713235325514557;1281
8;GBP/USD;0.00105484135988571;1282
8;GBP/USD;0.000290710698462315;1283
8;GBP/USD;0.000353256716198342;1284
8;GBP/USD;-0.000465915811242597;1285
8;GBP/USD;-0.00344464230682976;1286
8;GBP/USD;-0.00383667371166939;1287
8;GBP/USD;-0.00276862759063388;1288
8;GBP/USD;-0.00369460478445863;1289
8;GBP/USD;-0.0036357973476321;1290
8;GBP/USD;-0.00092401034012291;1291
8;GBP/USD;-0.00152921512207699;1292
8;GBP/USD;-0.000864843818128689;1293
8;GBP/USD;6.87782459890082E-05;1294
8;GBP/USD;-0.000639567927090951;1295
8;GBP/USD;-0.000740731961328533;1296
8;GBP/USD;0.000214717260791129;1297
8;GBP/USD;-0.000995043106073857;1298
8;GBP/USD;-0.00147155241289813;1299
8;GBP/USD;-0.000806268582265543;1300
8;GBP/USD;-0.000696446742229851;1301
8;GBP/USD;-0.000946485046539768;1302
8;GBP/USD;-0.000981672444612135;1303
8;GBP/USD;-0.000671649017404934;1304
8;GBP/USD;-0.000540634625450443;1305
8;GBP/USD;-0.0010531786638606;1306
8;GBP/USD;-0.00146371866986311;1307
8;GBP/USD;-0.000893040376942821;1308
8;GBP/USD;-0.000662069570118706;1309
8;GBP/USD;0.000284244458741673;1310
8;GBP/USD;0.000607171775846063;1311
8;GBP/USD;0.00201703073693411;1312
8;GBP/USD;0.00241642214041112;1313
8;GBP/USD;0.00255340141997976;1314
8;GBP/USD;0.00134499673616202;1315
8;GBP/USD;0.00115026511312521;1316
8;GBP/USD;0.000122461213586522;1317
8;GBP/USD;-0.000242025233987961;1318
8;GBP/USD;0.000802539639870967;1319
8;GBP/USD;0.000743618302470124;1320
8;GBP/USD;0.000954606154777226;1321
8;GBP/USD;0.000901815551554583;1322
8;GBP/USD;0.00109199423396432;1323
8;GBP/USD;8.53799745183984E-05;1324
8;GBP/USD;-0.000235893408722836;1325
8;GBP/USD;-0.000130907445983967;1326
8;GBP/USD;0.000193088359394792;1327
8;GBP/USD;-0.00123396245337279;1328
8;GBP/USD;-0.00157372752509879;1329
8;GBP/USD;-0.00104020622481519;1330
8;GBP/USD;0.000935206740956991;1331
8;GBP/USD;0.000916244232312308;1332
8;GBP/USD;0.00216928612714084;1333
8;GBP/USD;0.00214328747000399;1334
8;GBP/USD;0.00290162139229766;1335
8;GBP/USD;0.00100277291479843;1336
8;GBP/USD;0.000761841951227259;1337
8;GBP/USD;0.000121116855694087;1338
8;GBP/USD;0.000746620162035928;1339
8;GBP/USD;-0.000791759026450289;1340
8;GBP/USD;-0.00089827060466159;1341
8;GBP/USD;-0.00127954048418081;1342
8;GBP/USD;-0.00222266245446262;1343
8;GBP/USD;-0.0027713172897684;1344
8;GBP/USD;-0.00220374683751536;1345
8;GBP/USD;-0.00343836827443738;1346
8;GBP/USD;-0.002912859313892;1347
8;GBP/USD;-0.00121237037500101;1348
8;GBP/USD;-0.00130575470918838;1349
8;GBP/USD;-0.00137024037406196;1350
8;GBP/USD;-0.000417709449810902;1351
8;GBP/USD;-0.00102571745445855;1352
8;GBP/USD;-0.000799630793295044;1353
8;GBP/USD;-0.000589659075184524;1354
8;GBP/USD;-0.000302269708349248;1355
8;GBP/USD;-0.000640076407171178;1356
8;GBP/USD;0.00025165605499585;1357
8;GBP/USD;-0.000463646150741573;1358
8;GBP/USD;-0.000696958924047743;1359
8;GBP/USD;-0.000813135145514503;1360
8;GBP/USD;-0.000626251527363495;1361
8;GBP/USD;-0.000897395105069942;1362
8;GBP/USD;-0.000537434175786315;1363
8;GBP/USD;9.36839240344933E-05;1364
8;GBP/USD;-0.000103030825666566;1365
8;GBP/USD;0.000350361192906613;1366
8;GBP/USD;0.00123551192797034;1367
8;GBP/USD;0.000783880016896692;1368
8;GBP/USD;0.000937059589360489;1369
8;GBP/USD;0.000357738161151658;1370
8;GBP/USD;0.000157132537487295;1371
8;GBP/USD;-0.000820626103977211;1372
8;GBP/USD;0.000539275330676736;1373
8;GBP/USD;-8.79914649340241E-05;1374
8;GBP/USD;0.00142589746833727;1375
8;GBP/USD;0.00211386536748786;1376
8;GBP/USD;0.00212953730167376;1377
8;GBP/USD;0.00131054432138418;1378
8;GBP/USD;0.00118397789223995;1379
8;GBP/USD;0.000995371366591646;1380
8;GBP/USD;0.00067799326959465;1381
8;GBP/USD;-2.08961851592232E-05;1382
8;GBP/USD;-8.48400614434176E-05;1383
8;GBP/USD;0.000599786612713655;1384
8;GBP/USD;-1.43336949394636E-05;1385
8;GBP/USD;-0.000396086173939133;1386
8;GBP/USD;0.000691027122474509;1387
8;GBP/USD;-0.00104976811078738;1388
8;GBP/USD;-0.00140580667648963;1389
8;GBP/USD;-0.000485345296339713;1390
8;GBP/USD;0.00140360573492982;1391
8;GBP/USD;0.00143050901178141;1392
8;GBP/USD;0.00288082218333506;1393
8;GBP/USD;0.0028522165921683;1394
8;GBP/USD;0.00206109686351215;1395
8;GBP/USD;0.000332560239928741;1396
8;GBP/USD;-0.000464474101508449;1397
8;GBP/USD;-0.000348284399361256;1398
8;GBP/USD;-0.000143524436021531;1399
8;GBP/USD;-7.7574503856062E-06;1400
8;GBP/USD;1.03432003177785E-05;1401
8;GBP/USD;0.000531662339030576;1402
8;GBP/USD;0.000447867639102519;1403
8;GBP/USD;-0.000221306963012563;1404
8;GBP/USD;-0.000389552106020795;1405
8;GBP/USD;-9.82820066720404E-05;1406
8;GBP/USD;-0.000796078911355432;1407
8;GBP/USD;-0.000322208165653284;1408
8;GBP/USD;-0.000606937444203509;1409
8;GBP/USD;-0.000715072090431091;1410
8;GBP/USD;-0.000794492741830615;1411
8;GBP/USD;-0.00106639175850317;1412
8;GBP/USD;-0.00169330521253274;1413
8;GBP/USD;-0.00091909294077892;1414
