8;GBP/JPY;-0.0248558973259763;5
8;GBP/JPY;-0.00323939073301894;6
8;GBP/JPY;-0.0028603715791227;7
8;GBP/JPY;-0.00226171489432299;8
8;GBP/JPY;-0.00107213922422804;9
8;GBP/JPY;-0.00073757326566653;10
8;GBP/JPY;-0.000884466707528167;11
8;GBP/JPY;-0.000645764263866568;12
8;GBP/JPY;0.00123016202899778;13
8;GBP/JPY;0.00109533247038074;14
8;GBP/JPY;0.00185275949231517;15
8;GBP/JPY;0.00160849251952583;16
8;GBP/JPY;0.00137164632227503;17
8;GBP/JPY;0.000894783287747832;18
8;GBP/JPY;0.00029663624631187;19
8;GBP/JPY;0.000248905283158843;20
8;GBP/JPY;-0.000846311154086442;21
8;GBP/JPY;-0.00157686543498479;22
8;GBP/JPY;-0.00240051871415971;23
8;GBP/JPY;-0.00397958501381607;24
8;GBP/JPY;-0.00454022445704173;25
8;GBP/JPY;-0.00242380327424017;26
8;GBP/JPY;-0.00106210260017567;27
8;GBP/JPY;0.000910875275626884;28
8;GBP/JPY;0.0021522384817747;29
8;GBP/JPY;0.00215658357942341;30
8;GBP/JPY;0.00177268658344422;31
8;GBP/JPY;0.000786591518653985;32
8;GBP/JPY;-0.00098481698575501;33
8;GBP/JPY;-0.000791472807466179;34
8;GBP/JPY;-0.000580412382598144;35
8;GBP/JPY;0.000399322918575971;36
8;GBP/JPY;-6.30940632551481E-05;37
8;GBP/JPY;0.000908874198969043;38
8;GBP/JPY;0.000414860104219257;39
8;GBP/JPY;0.00106806205453474;40
8;GBP/JPY;0.000628891050470584;41
8;GBP/JPY;0.000639365846109311;42
8;GBP/JPY;0.000635860098143281;43
8;GBP/JPY;0.00117544059764864;44
8;GBP/JPY;0.00188210697700279;45
8;GBP/JPY;0.00152209146651881;46
8;GBP/JPY;0.00154098628416125;47
8;GBP/JPY;0.000799824360816046;48
8;GBP/JPY;0.000126819028266361;49
8;GBP/JPY;-0.00088130389833613;50
8;GBP/JPY;-0.00516552144035515;51
8;GBP/JPY;-0.00543077047279794;52
8;GBP/JPY;-0.0031314402911887;53
8;GBP/JPY;-0.00256827989583682;54
8;GBP/JPY;-0.00226976331763216;55
8;GBP/JPY;0.00206747888038968;56
8;GBP/JPY;0.00245653882913458;57
8;GBP/JPY;0.00156834086133709;58
8;GBP/JPY;0.00136433545398948;59
8;GBP/JPY;-0.00110324297619276;60
8;GBP/JPY;-0.00152586731509989;61
8;GBP/JPY;-0.00159491041981831;62
8;GBP/JPY;-0.00186318874377396;63
8;GBP/JPY;-0.00171100912520598;64
8;GBP/JPY;-0.000545615738711404;65
8;GBP/JPY;-0.00204879203477876;66
8;GBP/JPY;-0.00126824860930292;67
8;GBP/JPY;-0.00240203549239297;68
8;GBP/JPY;-0.00490430008990951;69
8;GBP/JPY;-0.0044811577172788;70
8;GBP/JPY;-0.00361177108027721;71
8;GBP/JPY;-0.00338956580534819;72
8;GBP/JPY;-0.00164924904625616;73
8;GBP/JPY;-0.000210560728094457;74
8;GBP/JPY;-1.81811019691651E-05;75
8;GBP/JPY;0.00121360036640693;76
8;GBP/JPY;0.000418395015762366;77
8;GBP/JPY;0.000252766928403546;78
8;GBP/JPY;0.00162187330862938;79
8;GBP/JPY;0.00238572854612016;80
8;GBP/JPY;0.00231582861710077;81
8;GBP/JPY;0.00314248006682014;82
8;GBP/JPY;0.00162689207603384;83
8;GBP/JPY;0.000916644057102806;84
8;GBP/JPY;0.000687526272440591;85
8;GBP/JPY;0.000149145552083477;86
8;GBP/JPY;0.0006695520614852;87
8;GBP/JPY;0.00119909000215735;88
8;GBP/JPY;0.00145557409023088;89
8;GBP/JPY;0.00293501719964064;90
8;GBP/JPY;0.00296566567869047;91
8;GBP/JPY;0.00097655751285383;92
8;GBP/JPY;0.00154061393631804;93
8;GBP/JPY;0.00196752713138978;94
8;GBP/JPY;-0.000315485330019298;95
8;GBP/JPY;0.000304136133081074;96
8;GBP/JPY;0.000735764537816167;97
8;GBP/JPY;0.000858478783061419;98
8;GBP/JPY;0.000129230086909826;99
8;GBP/JPY;0.00105867290645228;100
8;GBP/JPY;0.00108244052637962;101
8;GBP/JPY;0.000809152725810645;102
8;GBP/JPY;1.40619781745519E-05;103
8;GBP/JPY;0.000340297783915694;104
8;GBP/JPY;0.00018858588350308;105
8;GBP/JPY;-0.000887754500838267;106
8;GBP/JPY;-0.00118788057255633;107
8;GBP/JPY;-0.000304897771731035;108
8;GBP/JPY;-0.000123144408296722;109
8;GBP/JPY;1.63903718364381E-05;110
8;GBP/JPY;0.000818886991323198;111
8;GBP/JPY;0.000761431186561414;112
8;GBP/JPY;-0.000405294814359954;113
8;GBP/JPY;-0.000140829373436329;114
8;GBP/JPY;-0.000133503535774271;115
8;GBP/JPY;-0.00082943740030057;116
8;GBP/JPY;-0.000103234285459041;117
8;GBP/JPY;0.000317257085837687;118
8;GBP/JPY;0.000287421265258705;119
8;GBP/JPY;-0.000631248470718019;120
8;GBP/JPY;-0.000124302269585949;121
8;GBP/JPY;-6.22009153242573E-05;122
8;GBP/JPY;-0.000185593059452098;123
8;GBP/JPY;-0.000187656883181743;124
8;GBP/JPY;-0.000150479366150899;125
8;GBP/JPY;0.000597351018576351;126
8;GBP/JPY;-0.000956570882094148;127
8;GBP/JPY;-0.000921112379354796;128
8;GBP/JPY;-0.0010116835481507;129
8;GBP/JPY;-0.0012446104761559;130
8;GBP/JPY;-0.00129063741700876;131
8;GBP/JPY;0.000828587409903166;132
8;GBP/JPY;0.00109261580524897;133
8;GBP/JPY;0.00100581643245374;134
8;GBP/JPY;0.00255865023428696;135
8;GBP/JPY;0.00136898051987118;136
8;GBP/JPY;0.0017238159073036;137
8;GBP/JPY;0.00230333770983388;138
8;GBP/JPY;0.00243757536727483;139
8;GBP/JPY;0.00105341904763491;140
8;GBP/JPY;0.00195793149757646;141
8;GBP/JPY;0.000996616129841423;142
8;GBP/JPY;-0.00010681590185341;143
8;GBP/JPY;-0.000970303132325788;144
8;GBP/JPY;-0.00033383649185137;145
8;GBP/JPY;-0.00127635668174688;146
8;GBP/JPY;-0.00120749382576233;147
8;GBP/JPY;-0.00148389300366761;148
8;GBP/JPY;-0.000779646178713552;149
8;GBP/JPY;-0.00139838243496048;150
8;GBP/JPY;-0.000929571572176876;151
8;GBP/JPY;-0.000746262986022686;152
8;GBP/JPY;-0.000745508476529554;153
8;GBP/JPY;-0.0021775641332782;154
8;GBP/JPY;-0.00179939507178071;155
8;GBP/JPY;-0.00253495984394523;156
8;GBP/JPY;-0.00266904627206017;157
8;GBP/JPY;-0.00159290112396255;158
8;GBP/JPY;-2.83751670472875E-05;159
8;GBP/JPY;0.000561102964165556;160
8;GBP/JPY;5.21530933295513E-05;161
8;GBP/JPY;-0.00080318530092668;162
8;GBP/JPY;-0.000664007297421516;163
8;GBP/JPY;-0.000654928682315274;164
8;GBP/JPY;-0.000825070024361918;165
8;GBP/JPY;0.000701557927923666;166
8;GBP/JPY;0.00162205352095855;167
8;GBP/JPY;0.000778799181118261;168
8;GBP/JPY;0.000526007446949097;169
8;GBP/JPY;-0.000703639058055465;170
8;GBP/JPY;-0.000583078723482583;171
8;GBP/JPY;-0.000820053984924371;172
8;GBP/JPY;0.000164380816907373;173
8;GBP/JPY;-0.000565157882622725;174
8;GBP/JPY;0.00049031708166921;175
8;GBP/JPY;-0.000468402340289384;176
8;GBP/JPY;0.00025951483853202;177
8;GBP/JPY;-7.92170528016162E-05;178
8;GBP/JPY;0.000763827522018907;179
8;GBP/JPY;0.000946360944542772;180
8;GBP/JPY;0.000584443905369507;181
8;GBP/JPY;0.000432959493382781;182
8;GBP/JPY;0.000597491219286173;183
8;GBP/JPY;0.0005311805948254;184
8;GBP/JPY;0.000473861246014037;185
8;GBP/JPY;0.00267156656237002;186
8;GBP/JPY;0.00238918909319239;187
8;GBP/JPY;0.0019220198728085;188
8;GBP/JPY;0.00239863434856446;189
8;GBP/JPY;0.00248521623098628;190
8;GBP/JPY;0.00105778438560061;191
8;GBP/JPY;0.00109574002004651;192
8;GBP/JPY;0.00126535916337397;193
8;GBP/JPY;0.00130726248933274;194
8;GBP/JPY;0.00079495281275987;195
8;GBP/JPY;0.000654232209218618;196
8;GBP/JPY;0.000789257402208199;197
8;GBP/JPY;-6.96257615383899E-06;198
8;GBP/JPY;-0.000454134906309313;199
8;GBP/JPY;-0.000372131953326925;200
8;GBP/JPY;-0.00133859041886002;201
8;GBP/JPY;-0.00187565653837185;202
8;GBP/JPY;-0.00173307572950499;203
8;GBP/JPY;-0.00144688193786278;204
8;GBP/JPY;-0.00137394365763813;205
8;GBP/JPY;-0.00057443121800401;206
8;GBP/JPY;-0.000377485393934421;207
8;GBP/JPY;-0.000139343860016484;208
8;GBP/JPY;-0.000495950191268789;209
8;GBP/JPY;-0.000658875067431891;210
8;GBP/JPY;0.000594249992811918;211
8;GBP/JPY;-0.000384059319340225;212
8;GBP/JPY;-0.000642940242901114;213
8;GBP/JPY;-0.000788562190794532;214
8;GBP/JPY;5.97744398398034E-05;215
8;GBP/JPY;-0.00185630583565429;216
8;GBP/JPY;-0.00109061905358713;217
8;GBP/JPY;-0.000246931031791224;218
8;GBP/JPY;0.000386455391568401;219
8;GBP/JPY;-0.00023685848716574;220
8;GBP/JPY;-2.35325955867489E-06;221
8;GBP/JPY;0.000237904583571128;222
8;GBP/JPY;0.000461865471053215;223
8;GBP/JPY;0.00106738078563757;224
8;GBP/JPY;0.00155088912662354;225
8;GBP/JPY;0.0020707135967685;226
8;GBP/JPY;0.00214713419426535;227
8;GBP/JPY;0.00167512705375229;228
8;GBP/JPY;0.000688661375195621;229
8;GBP/JPY;0.000124530468888558;230
8;GBP/JPY;0.000214156459413023;231
8;GBP/JPY;0.000450145440384699;232
8;GBP/JPY;0.000686792711127315;233
8;GBP/JPY;0.00034054035581067;234
8;GBP/JPY;0.000584372810830809;235
8;GBP/JPY;0.000418339693166609;236
8;GBP/JPY;0.00064495230352668;237
8;GBP/JPY;0.000275911682477249;238
8;GBP/JPY;0.000149747091135631;239
8;GBP/JPY;-0.00109812408719353;240
8;GBP/JPY;-0.000318323409361969;241
8;GBP/JPY;-0.000928646891137096;242
8;GBP/JPY;-0.000866108804283124;243
8;GBP/JPY;-0.000458882329592376;244
8;GBP/JPY;0.000456732928286788;245
8;GBP/JPY;-0.000422502172157041;246
8;GBP/JPY;-0.000366841164590131;247
8;GBP/JPY;0.000315065970317821;248
8;GBP/JPY;0.000334681433559899;249
8;GBP/JPY;0.000553205689514856;250
8;GBP/JPY;0.00126252266715532;251
8;GBP/JPY;0.00118659534131903;252
8;GBP/JPY;0.000462977942623482;253
8;GBP/JPY;8.82253940917034E-05;254
8;GBP/JPY;0.000121824941331495;255
8;GBP/JPY;-0.000276909663369113;256
8;GBP/JPY;-9.85178873346425E-05;257
8;GBP/JPY;0.000380949187842294;258
8;GBP/JPY;0.000544741555712728;259
8;GBP/JPY;0.000767528617257086;260
8;GBP/JPY;0.00010895582342758;261
8;GBP/JPY;-4.63733167953433E-06;262
8;GBP/JPY;-0.000843927130465795;263
8;GBP/JPY;-0.000701484560371296;264
8;GBP/JPY;-0.000934621729164249;265
8;GBP/JPY;0.000186478040085624;266
8;GBP/JPY;-0.000109008259494176;267
8;GBP/JPY;0.000603168248005844;268
8;GBP/JPY;0.000236808682790561;269
8;GBP/JPY;0.00030854895343704;270
8;GBP/JPY;-4.86296851886565E-05;271
8;GBP/JPY;0.000271250925462642;272
8;GBP/JPY;-0.000502126763682664;273
8;GBP/JPY;-0.000421574789610147;274
8;GBP/JPY;-0.000409568732818702;275
8;GBP/JPY;-0.00149708083852173;276
8;GBP/JPY;-0.00103131924683086;277
8;GBP/JPY;-0.000357939850096406;278
8;GBP/JPY;0.000259089215774401;279
8;GBP/JPY;0.000244913860982308;280
8;GBP/JPY;0.00125259548733448;281
8;GBP/JPY;0.000375746441031945;282
8;GBP/JPY;0.000149994338639991;283
8;GBP/JPY;-0.000101039724115556;284
8;GBP/JPY;-0.00192090620917765;285
8;GBP/JPY;-0.00214242387155489;286
8;GBP/JPY;-0.00153066138247306;287
8;GBP/JPY;-0.00204915516192594;288
8;GBP/JPY;-0.00203276208367869;289
8;GBP/JPY;-0.000183965165049633;290
8;GBP/JPY;0.000138235626948501;291
8;GBP/JPY;5.97191448205422E-05;292
8;GBP/JPY;0.000384793732062268;293
8;GBP/JPY;-9.50790729503735E-05;294
8;GBP/JPY;4.68911188241457E-06;295
8;GBP/JPY;-9.83952227882022E-05;296
8;GBP/JPY;-0.000283531774920404;297
8;GBP/JPY;-0.000160631748645864;298
8;GBP/JPY;-0.000232605976467449;299
8;GBP/JPY;0.000602806724359011;300
8;GBP/JPY;0.000806815754801745;301
8;GBP/JPY;0.00124827278056448;302
8;GBP/JPY;0.00120102219457713;303
8;GBP/JPY;0.00176944665650814;304
8;GBP/JPY;0.000298972920383167;305
8;GBP/JPY;8.16843309147341E-06;306
8;GBP/JPY;-2.33032333239579E-06;307
8;GBP/JPY;0.000215583187907137;308
8;GBP/JPY;-5.24367048282573E-05;309
8;GBP/JPY;0.000324160518725365;310
8;GBP/JPY;0.000356751557739731;311
8;GBP/JPY;-8.62410567403665E-05;312
8;GBP/JPY;-0.000326378438207658;313
8;GBP/JPY;-0.000994233518835106;314
8;GBP/JPY;-0.00187995952730579;315
8;GBP/JPY;-0.00198534872316853;316
8;GBP/JPY;-0.00226603091711179;317
8;GBP/JPY;-0.0019071039118186;318
8;GBP/JPY;-0.000760394724850099;319
8;GBP/JPY;0.000278542574177293;320
8;GBP/JPY;0.000701101987167271;321
8;GBP/JPY;0.00126103303856465;322
8;GBP/JPY;0.00122699411177186;323
8;GBP/JPY;0.00151557579569375;324
8;GBP/JPY;0.00143007379302335;325
8;GBP/JPY;0.00113043194705227;326
8;GBP/JPY;0.00101432302906252;327
8;GBP/JPY;0.00096572004894874;328
8;GBP/JPY;8.63250618552129E-05;329
8;GBP/JPY;0.000526383515490552;330
8;GBP/JPY;0.000348244453036459;331
8;GBP/JPY;0.000303994793943936;332
8;GBP/JPY;0.000418933618396999;333
8;GBP/JPY;0.000769444383027555;334
8;GBP/JPY;-2.90779668035062E-05;335
8;GBP/JPY;0.000318595457040557;336
8;GBP/JPY;0.000748116063451115;337
8;GBP/JPY;0.000296214606413325;338
8;GBP/JPY;5.9244287280051E-05;339
8;GBP/JPY;0.000305688716195253;340
8;GBP/JPY;-0.000422190136452742;341
8;GBP/JPY;-0.00114538193397642;342
8;GBP/JPY;-0.0011139496209854;343
8;GBP/JPY;-0.00092784901753362;344
8;GBP/JPY;-0.00115897112116369;345
8;GBP/JPY;-0.00060751510839899;346
8;GBP/JPY;0.000313451378704464;347
8;GBP/JPY;0.000302089313728195;348
8;GBP/JPY;0.00123308538829595;349
8;GBP/JPY;0.00199923788104385;350
8;GBP/JPY;0.00204720067451068;351
8;GBP/JPY;0.00155646419179123;352
8;GBP/JPY;0.00166667631182887;353
8;GBP/JPY;0.000591735251084228;354
8;GBP/JPY;4.74132325613412E-05;355
8;GBP/JPY;0.000291083876593328;356
8;GBP/JPY;0.000251698710647523;357
8;GBP/JPY;0.000295670104552217;358
8;GBP/JPY;0.000543869252350679;359
8;GBP/JPY;0.000229968101377093;360
8;GBP/JPY;-5.65664731977017E-05;361
8;GBP/JPY;-0.000277117103199453;362
8;GBP/JPY;0.000355149763542145;363
8;GBP/JPY;0.000246620523799272;364
8;GBP/JPY;0.00073895897885203;365
8;GBP/JPY;0.000627107923224886;366
8;GBP/JPY;0.000769207322093131;367
8;GBP/JPY;-0.000121002945214902;368
8;GBP/JPY;-0.00038158380333751;369
8;GBP/JPY;-0.000421598428257103;370
8;GBP/JPY;-0.000184239478273798;371
8;GBP/JPY;-0.00051401466611662;372
8;GBP/JPY;-0.000502079274756346;373
8;GBP/JPY;-0.000583580998736981;374
8;GBP/JPY;-0.000704645027925765;375
8;GBP/JPY;-0.000806892571032866;376
8;GBP/JPY;-0.000382333098430335;377
8;GBP/JPY;-9.01614251527139E-05;378
8;GBP/JPY;0.000234792718320316;379
8;GBP/JPY;-0.000150491709798489;380
8;GBP/JPY;-0.000435386925069513;381
8;GBP/JPY;-0.000218639310328938;382
8;GBP/JPY;-0.000444465204453293;383
8;GBP/JPY;0.000236826552243356;384
8;GBP/JPY;0.000708636444229312;385
8;GBP/JPY;0.00126762249052629;386
8;GBP/JPY;0.00145424992098935;387
8;GBP/JPY;0.0017581820866867;388
8;GBP/JPY;0.000962896995354353;389
8;GBP/JPY;0.00154495069543905;390
8;GBP/JPY;0.00128939740073244;391
8;GBP/JPY;0.000909141980689185;392
8;GBP/JPY;0.0013154138609493;393
8;GBP/JPY;0.00141060941875314;394
8;GBP/JPY;0.000364950035053383;395
8;GBP/JPY;0.000452700964931688;396
8;GBP/JPY;0.000359990840287767;397
8;GBP/JPY;-0.000339187345215475;398
8;GBP/JPY;-0.00100082848516363;399
8;GBP/JPY;-0.000614735229366312;400
8;GBP/JPY;-0.000777997411422501;401
8;GBP/JPY;-0.00146687035202957;402
8;GBP/JPY;-0.00125093209814612;403
8;GBP/JPY;-0.000499424773225619;404
8;GBP/JPY;-0.000267317599863692;405
8;GBP/JPY;-0.000316640919692858;406
8;GBP/JPY;1.72523355456474E-05;407
8;GBP/JPY;-0.000596685270891684;408
8;GBP/JPY;-0.000535250577742482;409
8;GBP/JPY;-0.000657766717934354;410
8;GBP/JPY;-0.000972554637161862;411
8;GBP/JPY;-0.000399485521957935;412
8;GBP/JPY;0.000456313394731742;413
8;GBP/JPY;-5.76392135084204E-05;414
8;GBP/JPY;-0.000163627468580208;415
8;GBP/JPY;7.03666861377444E-05;416
8;GBP/JPY;0.000814243465260815;417
8;GBP/JPY;0.000609097857409164;418
8;GBP/JPY;0.00100859008560004;419
8;GBP/JPY;0.000808765205870061;420
8;GBP/JPY;0.000905632396425441;421
8;GBP/JPY;-0.000685215662207242;422
8;GBP/JPY;-0.00119696742790735;423
8;GBP/JPY;-0.00153155976447376;424
8;GBP/JPY;-0.000875637486203673;425
8;GBP/JPY;-0.00135478926179098;426
8;GBP/JPY;-0.000535086521102045;427
8;GBP/JPY;-0.000425264072307924;428
8;GBP/JPY;-7.74649321894139E-05;429
8;GBP/JPY;-0.000362421396619694;430
8;GBP/JPY;0.000201032910066827;431
8;GBP/JPY;1.15474441175339E-06;432
8;GBP/JPY;0.000321342773032003;433
8;GBP/JPY;0.000190717835876704;434
8;GBP/JPY;-0.000256631116472389;435
8;GBP/JPY;-0.00024265116675886;436
8;GBP/JPY;-0.00035597686302602;437
8;GBP/JPY;-0.000308617955874635;438
8;GBP/JPY;-0.000248547043499005;439
8;GBP/JPY;8.67365391259755E-05;440
8;GBP/JPY;-0.000226740342994372;441
8;GBP/JPY;-0.000123815726815531;442
8;GBP/JPY;8.32697257188514E-05;443
8;GBP/JPY;0.000112173420731601;444
8;GBP/JPY;-4.8567827522228E-05;445
8;GBP/JPY;0.000274138228230085;446
8;GBP/JPY;0.000209400480157084;447
8;GBP/JPY;5.78133265541875E-06;448
8;GBP/JPY;1.84967890861977E-05;449
8;GBP/JPY;0.00113363755622318;450
8;GBP/JPY;0.00100542123419392;451
8;GBP/JPY;0.000980450662981878;452
8;GBP/JPY;0.000645301493425735;453
8;GBP/JPY;0.000671660508236921;454
8;GBP/JPY;-0.000283095453871368;455
8;GBP/JPY;-0.00169321247170479;456
8;GBP/JPY;-0.00143423596956922;457
8;GBP/JPY;-0.00107241341376644;458
8;GBP/JPY;-0.00118326446797726;459
8;GBP/JPY;-0.000826256714319584;460
8;GBP/JPY;0.000456475720527022;461
8;GBP/JPY;0.000952685560092304;462
8;GBP/JPY;0.00062357786085818;463
8;GBP/JPY;0.000356640495608778;464
8;GBP/JPY;-0.000806462050047193;465
8;GBP/JPY;-0.000794289127053973;466
8;GBP/JPY;-0.00134827159993732;467
8;GBP/JPY;-0.00138863688420634;468
8;GBP/JPY;-0.00118352466139208;469
8;GBP/JPY;-0.00165435208223295;470
8;GBP/JPY;-0.00134763072468862;471
8;GBP/JPY;-0.000997653455309874;472
8;GBP/JPY;-0.000608094408488143;473
8;GBP/JPY;-0.000471878322883549;474
8;GBP/JPY;0.000816644776004856;475
8;GBP/JPY;0.000645804151584304;476
8;GBP/JPY;0.000475582900299242;477
8;GBP/JPY;0.000541783146308935;478
8;GBP/JPY;0.00106451610894227;479
8;GBP/JPY;-0.000525354478349558;480
8;GBP/JPY;-0.000731210990694002;481
8;GBP/JPY;-0.00120631078661503;482
8;GBP/JPY;-0.00101719650944141;483
8;GBP/JPY;-0.00154569546347667;484
8;GBP/JPY;-9.35409960459286E-05;485
8;GBP/JPY;-0.000465112401827129;486
8;GBP/JPY;0.000543915648208519;487
8;GBP/JPY;0.000524408953774378;488
8;GBP/JPY;0.000480012843888511;489
8;GBP/JPY;0.000707485954698806;490
8;GBP/JPY;0.000975839998312192;491
8;GBP/JPY;-0.000317981818104003;492
8;GBP/JPY;-0.000444900037205467;493
8;GBP/JPY;0.000289086455693831;494
8;GBP/JPY;0.00035397002824001;495
8;GBP/JPY;0.000924633657332993;496
8;GBP/JPY;0.00152102623889166;497
8;GBP/JPY;0.00123765800087336;498
8;GBP/JPY;0.000550206674377951;499
8;GBP/JPY;0.000269714167153503;500
8;GBP/JPY;0.000195093642992046;501
8;GBP/JPY;0.000221650389540862;502
8;GBP/JPY;0.00039810247160173;503
8;GBP/JPY;0.000285556797110344;504
8;GBP/JPY;0.000327353213988611;505
8;GBP/JPY;-7.4298949640432E-05;506
8;GBP/JPY;0.000104357507991471;507
8;GBP/JPY;-0.000295889797328654;508
8;GBP/JPY;-0.000270456189303677;509
8;GBP/JPY;-0.000111379249212246;510
8;GBP/JPY;-8.47809499451199E-05;511
8;GBP/JPY;-0.000463066600025494;512
8;GBP/JPY;-0.000216101937477145;513
8;GBP/JPY;-0.000158032044569676;514
8;GBP/JPY;4.64204064127625E-06;515
8;GBP/JPY;0.000360940748759708;516
8;GBP/JPY;0.000790858623966311;517
8;GBP/JPY;0.00134047128475171;518
8;GBP/JPY;0.00135085549928833;519
8;GBP/JPY;0.00119060023178552;520
8;GBP/JPY;0.00141195544087653;521
8;GBP/JPY;0.000717411850992009;522
8;GBP/JPY;0.000115436787135943;523
8;GBP/JPY;-0.000484377901055634;524
8;GBP/JPY;-0.000980660555661131;525
8;GBP/JPY;-0.00123346678739809;526
8;GBP/JPY;-0.000851706865125972;527
8;GBP/JPY;-0.00150473761632964;528
8;GBP/JPY;-0.000892053343161096;529
8;GBP/JPY;-0.000857383161653604;530
8;GBP/JPY;-0.00169626630505518;531
8;GBP/JPY;-0.0025196265998991;532
8;GBP/JPY;-0.00237912846471097;533
8;GBP/JPY;-0.00176915315189572;534
8;GBP/JPY;-0.00117234588164974;535
8;GBP/JPY;-1.51893557741203E-05;536
8;GBP/JPY;0.000598397888870199;537
8;GBP/JPY;0.00131120324683035;538
8;GBP/JPY;0.00171566602337067;539
8;GBP/JPY;0.00168048125845867;540
8;GBP/JPY;0.00219512343875646;541
8;GBP/JPY;0.00292625014652883;542
8;GBP/JPY;0.00265342895968773;543
8;GBP/JPY;0.00239401990937;544
8;GBP/JPY;0.00232874242751044;545
8;GBP/JPY;0.00128906730004998;546
8;GBP/JPY;0.00107221609139206;547
8;GBP/JPY;0.00115828330081731;548
8;GBP/JPY;2.64271372613466E-05;549
8;GBP/JPY;-0.000451619211611271;550
8;GBP/JPY;-0.000978424848770306;551
8;GBP/JPY;-0.000573891779091672;552
8;GBP/JPY;-0.000128494893306269;553
8;GBP/JPY;0.00099707959650252;554
8;GBP/JPY;0.0020818082885243;555
8;GBP/JPY;0.00370075008513807;556
8;GBP/JPY;0.00329231170951151;557
8;GBP/JPY;0.00414901035166093;558
8;GBP/JPY;0.00425071422520942;559
8;GBP/JPY;0.0045053237939754;560
8;GBP/JPY;0.00133332698174065;561
8;GBP/JPY;0.000894613793407447;562
8;GBP/JPY;-7.86872715013856E-06;563
8;GBP/JPY;-0.000905220012007825;564
8;GBP/JPY;-0.00186546190850827;565
8;GBP/JPY;-0.00083440573862705;566
8;GBP/JPY;0.000498028660706459;567
8;GBP/JPY;4.83315773339368E-05;568
8;GBP/JPY;-6.29680442379212E-05;569
8;GBP/JPY;7.86514644720662E-06;570
8;GBP/JPY;0.00165413884506588;571
8;GBP/JPY;0.000167230189740137;572
8;GBP/JPY;-0.000743122755088454;573
8;GBP/JPY;-0.000507841693467049;574
8;GBP/JPY;-0.000401517352578256;575
8;GBP/JPY;-0.000894011843878856;576
8;GBP/JPY;-0.000699030274273789;577
8;GBP/JPY;0.000737503404291658;578
8;GBP/JPY;0.000640501241105071;579
8;GBP/JPY;3.94001053819663E-05;580
8;GBP/JPY;0.000335161051303279;581
8;GBP/JPY;0.000243027066661408;582
8;GBP/JPY;-0.000166404327116998;583
8;GBP/JPY;1.34858735525681E-05;584
8;GBP/JPY;-0.000507165387829914;585
8;GBP/JPY;-0.00169958307753272;586
8;GBP/JPY;-0.00180157485389314;587
8;GBP/JPY;-0.00378232067779805;588
8;GBP/JPY;-0.00299814271294804;589
8;GBP/JPY;-0.00240105736336092;590
8;GBP/JPY;-0.00156103237560466;591
8;GBP/JPY;-0.00112871868348066;592
8;GBP/JPY;0.000265764024649686;593
8;GBP/JPY;-0.000567761921444749;594
8;GBP/JPY;-0.000139383974200186;595
8;GBP/JPY;-0.000585678753017101;596
8;GBP/JPY;-0.00140612607941873;597
8;GBP/JPY;-0.00100189283400339;598
8;GBP/JPY;-0.00131649270337484;599
8;GBP/JPY;-0.000955448666077202;600
8;GBP/JPY;0.00023928309525862;601
8;GBP/JPY;0.00046254737192172;602
8;GBP/JPY;0.000318441200211563;603
8;GBP/JPY;0.000170357761577872;604
8;GBP/JPY;-0.000608408343983772;605
8;GBP/JPY;-0.00201708280710406;606
8;GBP/JPY;-0.00198975663368857;607
8;GBP/JPY;-0.00173166249178135;608
8;GBP/JPY;-0.0015071661377406;609
8;GBP/JPY;-0.00191663696852643;610
8;GBP/JPY;-0.00107431498556437;611
8;GBP/JPY;-0.00237499696959949;612
8;GBP/JPY;-0.00243994318010912;613
8;GBP/JPY;-0.00241187385877422;614
8;GBP/JPY;-0.00315424941962016;615
8;GBP/JPY;-0.00308682076294449;616
8;GBP/JPY;-0.00153852341321921;617
8;GBP/JPY;-0.000313410693686096;618
8;GBP/JPY;0.00100537130350858;619
8;GBP/JPY;0.0020101262426708;620
8;GBP/JPY;0.00255389979811629;621
8;GBP/JPY;0.00355540992772709;622
8;GBP/JPY;0.00252148323162762;623
8;GBP/JPY;0.0013299754915798;624
8;GBP/JPY;0.00197391079879725;625
8;GBP/JPY;0.000671155230937737;626
8;GBP/JPY;-0.000318085056106984;627
8;GBP/JPY;1.15999188037932E-05;628
8;GBP/JPY;-0.000553954243579874;629
8;GBP/JPY;-0.000283945263651639;630
8;GBP/JPY;-0.000380083511895929;631
8;GBP/JPY;-0.000202258571089084;632
8;GBP/JPY;0.00118313087357617;633
8;GBP/JPY;0.00157076147957983;634
8;GBP/JPY;0.00125672780902983;635
8;GBP/JPY;0.00236749377981877;636
8;GBP/JPY;0.00241945193055753;637
8;GBP/JPY;0.00054928164464791;638
8;GBP/JPY;0.000494386547217192;639
8;GBP/JPY;0.000396073932732822;640
8;GBP/JPY;-0.000136866959735378;641
8;GBP/JPY;0.000492318534090609;642
8;GBP/JPY;0.000686492962451815;643
8;GBP/JPY;0.000721520569756577;644
8;GBP/JPY;0.00080813292603255;645
8;GBP/JPY;0.000388503636511736;646
8;GBP/JPY;-4.4706185974778E-05;647
8;GBP/JPY;5.15639639501517E-05;648
8;GBP/JPY;0.00039985004625325;649
8;GBP/JPY;0.00373732342898235;650
8;GBP/JPY;0.0058335936537609;651
8;GBP/JPY;0.00649016515145133;652
8;GBP/JPY;0.00629749525223826;653
8;GBP/JPY;0.0086244393947102;654
8;GBP/JPY;0.00419355756210357;655
8;GBP/JPY;0.00251582614720121;656
8;GBP/JPY;0.00126563795320776;657
8;GBP/JPY;0.00168593581925339;658
8;GBP/JPY;8.43935051444551E-05;659
8;GBP/JPY;0.00140988210407844;660
8;GBP/JPY;0.00158078441145843;661
8;GBP/JPY;0.00174914303375796;662
8;GBP/JPY;0.000831638573633499;663
8;GBP/JPY;-7.23351096199715E-05;664
8;GBP/JPY;-0.000430139468548216;665
8;GBP/JPY;-0.000983642658162358;666
8;GBP/JPY;-0.00115999557701108;667
8;GBP/JPY;-0.00128461493642431;668
8;GBP/JPY;-0.000565333387751025;669
8;GBP/JPY;-0.000634308006202959;670
8;GBP/JPY;0.00144313321888791;671
8;GBP/JPY;0.00210667579015987;672
8;GBP/JPY;0.00334599411943462;673
8;GBP/JPY;0.00188407111125001;674
8;GBP/JPY;0.000333866058893837;675
8;GBP/JPY;-0.00129494888177858;676
8;GBP/JPY;-0.00138116440688691;677
8;GBP/JPY;-0.00232357071359862;678
8;GBP/JPY;-0.00202372939401463;679
8;GBP/JPY;5.92469064281548E-05;680
8;GBP/JPY;-1.42648265101139E-05;681
8;GBP/JPY;0.000571091368739871;682
8;GBP/JPY;-0.000397782658365896;683
8;GBP/JPY;0.000457100359946528;684
8;GBP/JPY;8.00651499712556E-05;685
8;GBP/JPY;0.000550104176169528;686
8;GBP/JPY;-0.000673008899938476;687
8;GBP/JPY;0.000898828592871021;688
8;GBP/JPY;0.0011709379036975;689
8;GBP/JPY;0.00218010474392043;690
8;GBP/JPY;0.00258010574718883;691
8;GBP/JPY;0.00340082697451488;692
8;GBP/JPY;0.00309667623197106;693
8;GBP/JPY;0.00244765788551663;694
8;GBP/JPY;9.43444838172537E-05;695
8;GBP/JPY;-0.000881297168948218;696
8;GBP/JPY;-0.00142111496334968;697
8;GBP/JPY;-0.00094022716959567;698
8;GBP/JPY;0.000314489181538053;699
8;GBP/JPY;0.00158847978398192;700
8;GBP/JPY;0.000521235763962342;701
8;GBP/JPY;0.00115582860934544;702
8;GBP/JPY;0.000601390356058243;703
8;GBP/JPY;-0.000923330802478804;704
8;GBP/JPY;-0.00034879411153731;705
8;GBP/JPY;0.000974882296885981;706
8;GBP/JPY;0.000197380677569177;707
8;GBP/JPY;6.15512540526865E-05;708
8;GBP/JPY;0.000406100282094133;709
8;GBP/JPY;-0.00018756671311263;710
8;GBP/JPY;0.000209900316625065;711
8;GBP/JPY;3.34167855446777E-05;712
8;GBP/JPY;5.39767363544167E-05;713
8;GBP/JPY;0.000694720023848668;714
8;GBP/JPY;0.000765329710430901;715
8;GBP/JPY;0.000830977055261815;716
8;GBP/JPY;0.000963447903159489;717
8;GBP/JPY;0.00129001816336836;718
8;GBP/JPY;0.00048219060211149;719
8;GBP/JPY;0.00194795974046559;720
8;GBP/JPY;0.00149859807974098;721
8;GBP/JPY;0.00179936554448395;722
8;GBP/JPY;0.00155861454288902;723
8;GBP/JPY;0.0014609331210618;724
8;GBP/JPY;8.82877770337788E-05;725
8;GBP/JPY;0.00128152227847162;726
8;GBP/JPY;0.00122199433195331;727
8;GBP/JPY;0.000764705564459976;728
8;GBP/JPY;0.00110753602044796;729
8;GBP/JPY;0.00079495958726032;730
8;GBP/JPY;-0.00167962556547017;731
8;GBP/JPY;-0.0027812213391263;732
8;GBP/JPY;-0.00157401100293122;733
8;GBP/JPY;-0.00221909786721675;734
8;GBP/JPY;-0.00256601701751172;735
8;GBP/JPY;-0.00267626736475659;736
8;GBP/JPY;-0.00135886009110804;737
8;GBP/JPY;0.000300006195169127;738
8;GBP/JPY;0.0002771335847241;739
8;GBP/JPY;0.00022626074403747;740
8;GBP/JPY;0.000946952592793846;741
8;GBP/JPY;0.000411642512153795;742
8;GBP/JPY;-0.00156475459394846;743
8;GBP/JPY;-0.00237067220839344;744
8;GBP/JPY;-0.00259749514298925;745
8;GBP/JPY;-0.00257987140909209;746
8;GBP/JPY;-0.0015464203458642;747
8;GBP/JPY;-0.00260820561817884;748
8;GBP/JPY;-0.000450628741642262;749
8;GBP/JPY;-0.000592599469628124;750
8;GBP/JPY;0.00134655069795309;751
8;GBP/JPY;0.00045728175786782;752
8;GBP/JPY;0.00237582384045779;753
8;GBP/JPY;0.00207999199247145;754
8;GBP/JPY;0.00322117206250724;755
8;GBP/JPY;0.00195854223679264;756
8;GBP/JPY;0.00214668031386575;757
8;GBP/JPY;0.00157083887309138;758
8;GBP/JPY;0.0011216082907218;759
8;GBP/JPY;0.000557501344107969;760
8;GBP/JPY;0.000493062879911225;761
8;GBP/JPY;0.000576336919478809;762
8;GBP/JPY;2.1359762499706E-05;763
8;GBP/JPY;-0.000306533112439204;764
8;GBP/JPY;0.000195452801158184;765
8;GBP/JPY;-7.47777365403199E-06;766
8;GBP/JPY;-0.00058918708653544;767
8;GBP/JPY;1.81540047057832E-05;768
8;GBP/JPY;7.48075051334877E-05;769
8;GBP/JPY;7.25786231902435E-05;770
8;GBP/JPY;6.40861323094558E-05;771
8;GBP/JPY;0.000573170471958703;772
8;GBP/JPY;-4.37859934628035E-05;773
8;GBP/JPY;-3.84689364525057E-05;774
8;GBP/JPY;-0.00153078504701447;775
8;GBP/JPY;-0.00166110438075078;776
8;GBP/JPY;-0.00143494240581015;777
8;GBP/JPY;-0.00117296734571263;778
8;GBP/JPY;-0.000222409962933815;779
8;GBP/JPY;0.000837009881478707;780
8;GBP/JPY;0.00153184295571101;781
8;GBP/JPY;-0.0010913843521284;782
8;GBP/JPY;-0.00232438246633131;783
8;GBP/JPY;-0.00310739038933216;784
8;GBP/JPY;-0.00490085901247438;785
8;GBP/JPY;-0.0053619843349269;786
8;GBP/JPY;-0.00376052492376104;787
8;GBP/JPY;-0.0043233821388727;788
8;GBP/JPY;-0.00491717146062658;789
8;GBP/JPY;-0.0021769988282692;790
8;GBP/JPY;-0.00252178670789145;791
8;GBP/JPY;-0.00147205460042829;792
8;GBP/JPY;0.000554560782985777;793
8;GBP/JPY;0.00100866687913534;794
8;GBP/JPY;0.000485337619676902;795
8;GBP/JPY;0.000418629723970909;796
8;GBP/JPY;-0.000136583583631476;797
8;GBP/JPY;-0.00110175370385479;798
8;GBP/JPY;-0.00130177744150475;799
8;GBP/JPY;-0.0012456257548658;800
8;GBP/JPY;-0.000865987496094584;801
8;GBP/JPY;-0.00109045511657962;802
8;GBP/JPY;0.000268222620425055;803
8;GBP/JPY;-0.000711714702387677;804
8;GBP/JPY;-0.00171791999193108;805
8;GBP/JPY;-0.00189170632817984;806
8;GBP/JPY;-0.000197786925866629;807
8;GBP/JPY;-0.000851539404979903;808
8;GBP/JPY;-0.00159911400894226;809
8;GBP/JPY;-0.00197428506411995;810
8;GBP/JPY;-0.000775269018568549;811
8;GBP/JPY;-0.00124258830324856;812
8;GBP/JPY;-0.00113244306420922;813
8;GBP/JPY;1.12823521477083E-05;814
8;GBP/JPY;0.00206749348488546;815
8;GBP/JPY;0.000576104480400063;816
8;GBP/JPY;0.000923706224836067;817
8;GBP/JPY;0.0019606246750281;818
8;GBP/JPY;0.00272291418424061;819
8;GBP/JPY;0.000337656954632434;820
8;GBP/JPY;0.000354307884902538;821
8;GBP/JPY;-0.000165795688724827;822
8;GBP/JPY;-0.00141544513502483;823
8;GBP/JPY;-0.00201115763736019;824
8;GBP/JPY;-0.000335411504475782;825
8;GBP/JPY;-0.00102753263824445;826
8;GBP/JPY;-0.00160793464450734;827
8;GBP/JPY;-0.00280676278137656;828
8;GBP/JPY;-0.000219338351356798;829
8;GBP/JPY;8.7552897939893E-05;830
8;GBP/JPY;0.00194692499275189;831
8;GBP/JPY;0.00106590000072908;832
8;GBP/JPY;0.00291539665709702;833
8;GBP/JPY;0.00132585271960299;834
8;GBP/JPY;0.000988480030273136;835
8;GBP/JPY;-0.000113014266861948;836
8;GBP/JPY;4.60683217717636E-05;837
8;GBP/JPY;-0.000586426835123652;838
8;GBP/JPY;-0.00100536235709872;839
8;GBP/JPY;-0.000876288763664938;840
8;GBP/JPY;-0.0011854547504094;841
8;GBP/JPY;-0.00184085520118805;842
8;GBP/JPY;-0.00150248254387406;843
8;GBP/JPY;-0.00126243832248289;844
8;GBP/JPY;-0.00229217234207753;845
8;GBP/JPY;-0.00105665053531666;846
8;GBP/JPY;-0.000617782155356202;847
8;GBP/JPY;0.000957123238880847;848
8;GBP/JPY;0.00142754333358619;849
8;GBP/JPY;0.00214294414224596;850
8;GBP/JPY;0.00237637252732531;851
8;GBP/JPY;0.00248110585853668;852
8;GBP/JPY;0.000846075807358307;853
8;GBP/JPY;0.00157454712133173;854
8;GBP/JPY;0.00207357569627701;855
8;GBP/JPY;0.00106422985861839;856
8;GBP/JPY;0.00408522381212344;857
8;GBP/JPY;0.00323094429653915;858
8;GBP/JPY;0.00224081120545465;859
8;GBP/JPY;0.000728505347548161;860
8;GBP/JPY;0.000730742493521315;861
8;GBP/JPY;-0.000830510555952154;862
8;GBP/JPY;0.000780689682023141;863
8;GBP/JPY;0.000601606753443266;864
8;GBP/JPY;0.00199885477880166;865
8;GBP/JPY;0.00365555749029536;866
8;GBP/JPY;0.00247798167873884;867
8;GBP/JPY;0.0013526404673415;868
8;GBP/JPY;0.000727863474085697;869
8;GBP/JPY;0.000561363177985036;870
8;GBP/JPY;-0.000778665149216572;871
8;GBP/JPY;-0.000599103979198967;872
8;GBP/JPY;-0.000572796928511673;873
8;GBP/JPY;0.000337818527500332;874
8;GBP/JPY;-0.000899158486379799;875
8;GBP/JPY;-0.00123966999349431;876
8;GBP/JPY;-0.000667904756196017;877
8;GBP/JPY;-0.000236593087527731;878
8;GBP/JPY;-8.84992024929045E-05;879
8;GBP/JPY;0.000761425715295236;880
8;GBP/JPY;0.00232612874251434;881
8;GBP/JPY;0.00128338235967857;882
8;GBP/JPY;0.000919607206708154;883
8;GBP/JPY;0.000749364817215592;884
8;GBP/JPY;0.000603789700104261;885
8;GBP/JPY;-0.000733829908600682;886
8;GBP/JPY;-0.000743621304045321;887
8;GBP/JPY;-0.000110217190668776;888
8;GBP/JPY;-0.000321435742556569;889
8;GBP/JPY;0.000262565168299138;890
8;GBP/JPY;0.000404266179570008;891
8;GBP/JPY;0.00190816171793752;892
8;GBP/JPY;0.00110921809246606;893
8;GBP/JPY;0.000343209308380495;894
8;GBP/JPY;0.000557759106371581;895
8;GBP/JPY;0.000349124694053899;896
8;GBP/JPY;0.000223424931859144;897
8;GBP/JPY;0.000365487069716236;898
8;GBP/JPY;0.000230654180331619;899
8;GBP/JPY;-0.000206396125035045;900
8;GBP/JPY;0.000146646287593242;901
8;GBP/JPY;0.000184192006084493;902
8;GBP/JPY;2.0586219711E-05;903
8;GBP/JPY;0.000612335112691486;904
8;GBP/JPY;0.000539439343014125;905
8;GBP/JPY;0.000472880123987265;906
8;GBP/JPY;-0.000536796624316083;907
8;GBP/JPY;-0.000854481757736271;908
8;GBP/JPY;-0.00071457348258448;909
8;GBP/JPY;-0.00070144650084581;910
8;GBP/JPY;-0.00210069149503103;911
8;GBP/JPY;-0.00172749563546535;912
8;GBP/JPY;-0.00126506363692336;913
8;GBP/JPY;-0.000833995468663887;914
8;GBP/JPY;-0.000895031677836076;915
8;GBP/JPY;0.000320503247641651;916
8;GBP/JPY;-0.000142441563893384;917
8;GBP/JPY;-0.000926298498828731;918
8;GBP/JPY;-0.00104493789001969;919
8;GBP/JPY;-0.000126783581400591;920
8;GBP/JPY;0.000487971531455545;921
8;GBP/JPY;0.0013806868670432;922
8;GBP/JPY;0.00112001477437392;923
8;GBP/JPY;0.000431123308545228;924
8;GBP/JPY;1.09330541756851E-06;925
8;GBP/JPY;-0.00203285522783359;926
8;GBP/JPY;-0.00265400921718787;927
8;GBP/JPY;-0.00136878197798613;928
8;GBP/JPY;-0.00191366893112578;929
8;GBP/JPY;-0.00249732338152777;930
8;GBP/JPY;-0.00118870421404658;931
8;GBP/JPY;-0.00281272340072384;932
8;GBP/JPY;-0.00287993438908515;933
8;GBP/JPY;-0.00184057538426711;934
8;GBP/JPY;-0.00127270834669276;935
8;GBP/JPY;-0.000634801380812987;936
8;GBP/JPY;0.00134464406955843;937
8;GBP/JPY;-0.000197877583589122;938
8;GBP/JPY;-0.00022567817561926;939
8;GBP/JPY;-0.000556713409586063;940
8;GBP/JPY;-0.00264625906970755;941
8;GBP/JPY;-0.000397100298137583;942
8;GBP/JPY;0.000210168601373096;943
8;GBP/JPY;-0.000976024393405638;944
8;GBP/JPY;-0.000893528454386514;945
8;GBP/JPY;0.00047925502187675;946
8;GBP/JPY;-0.000178228311106866;947
8;GBP/JPY;0.000369495007796211;948
8;GBP/JPY;0.000642627585279143;949
8;GBP/JPY;0.000706866915745358;950
8;GBP/JPY;0.00117303046161959;951
8;GBP/JPY;-0.000788334577337755;952
8;GBP/JPY;-0.00117559558516148;953
8;GBP/JPY;-0.00104855699061216;954
8;GBP/JPY;-0.000768598255833545;955
8;GBP/JPY;-0.00111685510425587;956
8;GBP/JPY;-0.00108146575147845;957
8;GBP/JPY;-0.00134737493880644;958
8;GBP/JPY;-0.00117859237783401;959
8;GBP/JPY;-0.0012352564806792;960
8;GBP/JPY;-0.00136954796387874;961
8;GBP/JPY;-0.000588056795959301;962
8;GBP/JPY;0.000443372860006993;963
8;GBP/JPY;0.00100179504418115;964
8;GBP/JPY;0.000625900947549183;965
8;GBP/JPY;0.00101650484368114;966
8;GBP/JPY;0.000278472280912352;967
8;GBP/JPY;0.000724426538390344;968
8;GBP/JPY;0.000441138586023114;969
8;GBP/JPY;0.000245314579146469;970
8;GBP/JPY;-0.000479967781842937;971
8;GBP/JPY;-0.000147643487146537;972
8;GBP/JPY;-0.000842788747101921;973
8;GBP/JPY;-0.000219322316090198;974
8;GBP/JPY;-0.000412030068557645;975
8;GBP/JPY;0.000190547613260025;976
8;GBP/JPY;9.40003283544932E-18;977
8;GBP/JPY;-3.94696409261494E-05;978
8;GBP/JPY;-5.62752538912845E-05;979
8;GBP/JPY;0.00069298423495227;980
8;GBP/JPY;0.000486256739831455;981
8;GBP/JPY;0.00124086471517161;982
8;GBP/JPY;0.00166559529091408;983
8;GBP/JPY;0.000670894564366914;984
8;GBP/JPY;0.000565206553062412;985
8;GBP/JPY;0.00122502085180975;986
8;GBP/JPY;0.000185915253957466;987
8;GBP/JPY;-0.00104063524992314;988
8;GBP/JPY;-0.00107203275906871;989
8;GBP/JPY;-0.00134047328301112;990
8;GBP/JPY;-0.00245080440373708;991
8;GBP/JPY;-0.00278887633789332;992
8;GBP/JPY;-0.00221812480020814;993
8;GBP/JPY;-0.00134902418991649;994
8;GBP/JPY;-0.00122130187667046;995
8;GBP/JPY;-0.000828576257006543;996
8;GBP/JPY;-0.000734667780868618;997
8;GBP/JPY;0.000505252909223432;998
8;GBP/JPY;0.000366449036497422;999
8;GBP/JPY;-0.000354213472090021;1000
8;GBP/JPY;0.000155548814117214;1001
8;GBP/JPY;0.0012867331322384;1002
8;GBP/JPY;0.000601231788138741;1003
8;GBP/JPY;0.00157048624137229;1004
8;GBP/JPY;0.00191682293219052;1005
8;GBP/JPY;0.00177848250566711;1006
8;GBP/JPY;0.00132124650156835;1007
8;GBP/JPY;0.00104979422789456;1008
8;GBP/JPY;-0.000308381508689597;1009
8;GBP/JPY;0.000201357209481542;1010
8;GBP/JPY;-5.62530942910407E-05;1011
8;GBP/JPY;6.74638653071801E-05;1012
8;GBP/JPY;0.000740891262841698;1013
8;GBP/JPY;0.00121724957038476;1014
8;GBP/JPY;0.00109770559655792;1015
8;GBP/JPY;0.00266802513617599;1016
8;GBP/JPY;0.00274327912337433;1017
8;GBP/JPY;0.00127997220203323;1018
8;GBP/JPY;0.0016045266790387;1019
8;GBP/JPY;0.00121956355576686;1020
8;GBP/JPY;0.000474648672409176;1021
8;GBP/JPY;0.000208363369062841;1022
8;GBP/JPY;0.000893126421729222;1023
8;GBP/JPY;0.000589951302158071;1024
8;GBP/JPY;0.00167669695202097;1025
8;GBP/JPY;0.000875361986279697;1026
8;GBP/JPY;0.00107603761646487;1027
8;GBP/JPY;0.00180733094644679;1028
8;GBP/JPY;0.00172106431113672;1029
8;GBP/JPY;0.00167805830339261;1030
8;GBP/JPY;0.00287746390283856;1031
8;GBP/JPY;0.00220352587154351;1032
8;GBP/JPY;0.00189671248460371;1033
8;GBP/JPY;0.00165521503632558;1034
8;GBP/JPY;0.000477026290651903;1035
8;GBP/JPY;0.00039530855615102;1036
8;GBP/JPY;-0.00173471117425222;1037
8;GBP/JPY;-0.00194285086699894;1038
8;GBP/JPY;-0.00200572317041749;1039
8;GBP/JPY;-0.00181702439501346;1040
8;GBP/JPY;-0.00297522715243537;1041
8;GBP/JPY;-0.000156149493573357;1042
8;GBP/JPY;-0.000141777333104796;1043
8;GBP/JPY;7.69666359136105E-05;1044
8;GBP/JPY;4.29048805947055E-05;1045
8;GBP/JPY;0.000478449392950411;1046
8;GBP/JPY;0.000172637041362188;1047
8;GBP/JPY;-0.000287159563141237;1048
8;GBP/JPY;0.000364638921860857;1049
8;GBP/JPY;0.00271717629231279;1050
8;GBP/JPY;0.00393456738687183;1051
8;GBP/JPY;0.00341965046881581;1052
8;GBP/JPY;0.00359967054598285;1053
8;GBP/JPY;0.00306315384076995;1054
8;GBP/JPY;0.00311926754508304;1055
8;GBP/JPY;0.00154727612320026;1056
8;GBP/JPY;0.00175884652399928;1057
8;GBP/JPY;0.00315105690591721;1058
8;GBP/JPY;0.00290514733582731;1059
8;GBP/JPY;0.000992187640730239;1060
8;GBP/JPY;0.000440955653333198;1061
8;GBP/JPY;0.000872057124804158;1062
8;GBP/JPY;-0.000111801145944973;1063
8;GBP/JPY;0.000160757592074711;1064
8;GBP/JPY;-0.000126546947555026;1065
8;GBP/JPY;0.000758981875129264;1066
8;GBP/JPY;0.000735508219933301;1067
8;GBP/JPY;5.85702994199994E-05;1068
8;GBP/JPY;-0.000134133169452541;1069
8;GBP/JPY;-0.000166014855090618;1070
8;GBP/JPY;-0.000455256384548246;1071
8;GBP/JPY;-0.00120740043750883;1072
8;GBP/JPY;-0.000738173540524014;1073
8;GBP/JPY;-0.000711556598894954;1074
8;GBP/JPY;-0.000501007606548525;1075
8;GBP/JPY;0.000733430882997774;1076
8;GBP/JPY;0.00134441038670888;1077
8;GBP/JPY;0.0012401092329614;1078
8;GBP/JPY;0.00272892889149283;1079
8;GBP/JPY;0.0022774309548809;1080
8;GBP/JPY;0.000730751102872457;1081
8;GBP/JPY;-0.000353868603067896;1082
8;GBP/JPY;-0.000243366565004989;1083
8;GBP/JPY;-0.00121073746030868;1084
8;GBP/JPY;-0.00175832529412698;1085
8;GBP/JPY;-0.00106311908834028;1086
8;GBP/JPY;0.000850141510748015;1087
8;GBP/JPY;0.00148955567708681;1088
8;GBP/JPY;0.000804450962577442;1089
8;GBP/JPY;0.00190811117062459;1090
8;GBP/JPY;0.00151505850115952;1091
8;GBP/JPY;0.00112687659336827;1092
8;GBP/JPY;0.000556525031164402;1093
8;GBP/JPY;0.000585423386087024;1094
8;GBP/JPY;4.59701721133854E-18;1095
8;GBP/JPY;-0.000287095529656161;1096
8;GBP/JPY;-0.000458644459112347;1097
8;GBP/JPY;-0.000102124346504325;1098
8;GBP/JPY;-0.000491429240508952;1099
8;GBP/JPY;-0.000397917661006627;1100
8;GBP/JPY;0.000418894725178893;1101
8;GBP/JPY;-0.00027357834652567;1102
8;GBP/JPY;0.000491192703358009;1103
8;GBP/JPY;0.000869197835462251;1104
8;GBP/JPY;0.00145377860305267;1105
8;GBP/JPY;0.00068816095504113;1106
8;GBP/JPY;0.00136836401841641;1107
8;GBP/JPY;0.000181656393168889;1108
8;GBP/JPY;0.00122310437712749;1109
8;GBP/JPY;0.000386663887998501;1110
8;GBP/JPY;0.0006973160423509;1111
8;GBP/JPY;0.0012839775061165;1112
8;GBP/JPY;0.00122631726350875;1113
8;GBP/JPY;-0.000144245097477192;1114
8;GBP/JPY;7.11736330137176E-05;1115
8;GBP/JPY;6.48891918091296E-05;1116
8;GBP/JPY;-0.00143940867788791;1117
8;GBP/JPY;-0.000768184555957959;1118
8;GBP/JPY;6.58639288558323E-05;1119
8;GBP/JPY;-0.00159596132570006;1120
8;GBP/JPY;-0.000597356358163133;1121
8;GBP/JPY;0.000122884641973266;1122
8;GBP/JPY;-0.000160279502492979;1123
8;GBP/JPY;0.000212080788169505;1124
8;GBP/JPY;0.0022698076107;1125
8;GBP/JPY;0.00128889613947693;1126
8;GBP/JPY;0.00167085873510372;1127
8;GBP/JPY;0.0011192684489116;1128
8;GBP/JPY;0.000310923599428337;1129
8;GBP/JPY;0.000381361345908487;1130
8;GBP/JPY;0.000748384276611943;1131
8;GBP/JPY;0.000496054955511088;1132
8;GBP/JPY;0.00105292121527172;1133
8;GBP/JPY;0.00127721588330992;1134
8;GBP/JPY;0.00124115069482218;1135
8;GBP/JPY;0.00270464735482269;1136
8;GBP/JPY;0.003369940484779;1137
8;GBP/JPY;0.00231595367988812;1138
8;GBP/JPY;0.00210424125047387;1139
8;GBP/JPY;0.00203694266350336;1140
8;GBP/JPY;7.17349095376533E-05;1141
8;GBP/JPY;-0.00103110693278643;1142
8;GBP/JPY;-0.000310738219462545;1143
8;GBP/JPY;0.00010043247664369;1144
8;GBP/JPY;-0.000256177760884471;1145
8;GBP/JPY;0.000128034092168116;1146
8;GBP/JPY;0.00035590756823604;1147
8;GBP/JPY;-4.51638731992962E-05;1148
8;GBP/JPY;-0.000266564181457316;1149
8;GBP/JPY;0.000571338271418111;1150
8;GBP/JPY;-0.0005259747785182;1151
8;GBP/JPY;-0.000671317242298549;1152
8;GBP/JPY;-0.000452200558513609;1153
8;GBP/JPY;-0.000540368724362254;1154
8;GBP/JPY;-0.0010332867693769;1155
8;GBP/JPY;-0.000502658752351532;1156
8;GBP/JPY;0.0005236976021855;1157
8;GBP/JPY;-0.00212666725858367;1158
8;GBP/JPY;-0.00150550558586424;1159
8;GBP/JPY;-0.00153515181806811;1160
8;GBP/JPY;-0.00145442415182556;1161
8;GBP/JPY;-0.00312024291162212;1162
8;GBP/JPY;-0.00033929183585452;1163
8;GBP/JPY;-0.00100062812795164;1164
8;GBP/JPY;-0.000490466992831941;1165
8;GBP/JPY;-0.000832154956772971;1166
8;GBP/JPY;0.000443246911699418;1167
8;GBP/JPY;0.000533656825959659;1168
8;GBP/JPY;0.000274813971308486;1169
8;GBP/JPY;-0.000574950555681553;1170
8;GBP/JPY;9.99167381313751E-05;1171
8;GBP/JPY;-0.00148760843988085;1172
8;GBP/JPY;-0.00224615816795124;1173
8;GBP/JPY;-0.00136215067051779;1174
8;GBP/JPY;-0.000741659149881897;1175
8;GBP/JPY;-0.000911505402615055;1176
8;GBP/JPY;-0.000239928155108324;1177
8;GBP/JPY;-0.00173364983521573;1178
8;GBP/JPY;-0.00158568255954364;1179
8;GBP/JPY;-0.00388220327487665;1180
8;GBP/JPY;-0.00667674506048484;1181
8;GBP/JPY;-0.00533534945051798;1182
8;GBP/JPY;-0.00223154040145225;1183
8;GBP/JPY;-0.00326967098655733;1184
8;GBP/JPY;-0.000672420223227727;1185
8;GBP/JPY;0.00395624468766694;1186
8;GBP/JPY;0.00480733306190597;1187
8;GBP/JPY;0.00361713455456781;1188
8;GBP/JPY;0.00525817974251077;1189
8;GBP/JPY;0.00457970330941163;1190
8;GBP/JPY;0.00270586574204831;1191
8;GBP/JPY;0.000635967289295169;1192
8;GBP/JPY;0.00235824892635617;1193
8;GBP/JPY;0.00154516501265566;1194
8;GBP/JPY;0.00205212104552552;1195
8;GBP/JPY;0.0022773879174399;1196
8;GBP/JPY;0.0028525841183916;1197
8;GBP/JPY;0.00133519041285474;1198
8;GBP/JPY;0.000692688897311884;1199
8;GBP/JPY;0.000475194562538247;1200
8;GBP/JPY;0.000740703379250066;1201
8;GBP/JPY;0.000118753504781046;1202
8;GBP/JPY;0.000129106561288956;1203
8;GBP/JPY;0.000234493863652114;1204
8;GBP/JPY;-0.000198204817526728;1205
8;GBP/JPY;-0.000732435286336217;1206
8;GBP/JPY;-9.29315266267481E-05;1207
8;GBP/JPY;-0.00102273950012956;1208
8;GBP/JPY;-0.0010942424426283;1209
8;GBP/JPY;-0.00044253982042538;1210
8;GBP/JPY;0.000260270118581706;1211
8;GBP/JPY;5.78291359605962E-05;1212
8;GBP/JPY;0.00119715916590555;1213
8;GBP/JPY;-0.000257607506231752;1214
8;GBP/JPY;-0.00101179341758948;1215
8;GBP/JPY;-0.00203956370510644;1216
8;GBP/JPY;-0.00181302712301862;1217
8;GBP/JPY;-0.00183539344244523;1218
8;GBP/JPY;-0.00126165621817232;1219
8;GBP/JPY;-6.03503446109417E-05;1220
8;GBP/JPY;3.44069878313111E-05;1221
8;GBP/JPY;0.000210356427712715;1222
8;GBP/JPY;0.000801104536563064;1223
8;GBP/JPY;0.0017298812526162;1224
8;GBP/JPY;0.000798686190970993;1225
8;GBP/JPY;0.00173661850577957;1226
8;GBP/JPY;0.00122027523370194;1227
8;GBP/JPY;0.000880518557922727;1228
8;GBP/JPY;0.000973424183596306;1229
8;GBP/JPY;0.000667448562398728;1230
8;GBP/JPY;-0.000136472904569062;1231
8;GBP/JPY;0.000431949987321346;1232
8;GBP/JPY;5.36782508241808E-05;1233
8;GBP/JPY;0.000410292502970885;1234
8;GBP/JPY;-0.000161225321104922;1235
8;GBP/JPY;-0.000165546649631113;1236
8;GBP/JPY;-0.000375061134825501;1237
8;GBP/JPY;-0.000206533711744435;1238
8;GBP/JPY;-0.000768697953275056;1239
8;GBP/JPY;0.000428614011368646;1240
8;GBP/JPY;0.00163393285004527;1241
8;GBP/JPY;0.00134406475778788;1242
8;GBP/JPY;0.00123190773219751;1243
8;GBP/JPY;-0.000108577916368008;1244
8;GBP/JPY;-0.00035418617449907;1245
8;GBP/JPY;-0.00140944329446422;1246
8;GBP/JPY;-0.00258168155622838;1247
8;GBP/JPY;-0.00229479223937955;1248
8;GBP/JPY;-0.000663085922640548;1249
8;GBP/JPY;8.67974842353174E-05;1250
8;GBP/JPY;0.000815144216962453;1251
8;GBP/JPY;0.00269772926227889;1252
8;GBP/JPY;0.00199678166138688;1253
8;GBP/JPY;0.00228046758785498;1254
8;GBP/JPY;0.000480836432587742;1255
8;GBP/JPY;-0.000526884547429699;1256
8;GBP/JPY;-0.000801381627663681;1257
8;GBP/JPY;7.60862868786706E-05;1258
8;GBP/JPY;-0.00107920684695525;1259
8;GBP/JPY;0.000158649223571985;1260
8;GBP/JPY;0.000144490033892392;1261
8;GBP/JPY;0.000130868139566559;1262
8;GBP/JPY;4.72822960840186E-05;1263
8;GBP/JPY;0.00102482012108577;1264
8;GBP/JPY;-0.000322581546232012;1265
8;GBP/JPY;3.50746885441705E-05;1266
8;GBP/JPY;-0.0005012663201901;1267
8;GBP/JPY;0.000158211600845285;1268
8;GBP/JPY;-5.54281054833876E-05;1269
8;GBP/JPY;0.00105136703480361;1270
8;GBP/JPY;0.000248441474247593;1271
8;GBP/JPY;0.000698951769339512;1272
8;GBP/JPY;-0.000469863909372238;1273
8;GBP/JPY;-0.00107567263504689;1274
8;GBP/JPY;-0.00129700138017445;1275
8;GBP/JPY;-0.00118415076466539;1276
8;GBP/JPY;-0.00279075500516026;1277
8;GBP/JPY;-0.00362616106567147;1278
8;GBP/JPY;-0.0053470674900664;1279
8;GBP/JPY;-0.00737464533579273;1280
8;GBP/JPY;-0.00591934671331483;1281
8;GBP/JPY;-0.00286941427965117;1282
8;GBP/JPY;-0.00274084598069554;1283
8;GBP/JPY;-0.00273993702411205;1284
8;GBP/JPY;0.000557474500184203;1285
8;GBP/JPY;-0.00309498289662604;1286
8;GBP/JPY;-0.00330578981401719;1287
8;GBP/JPY;-0.00187370752362286;1288
8;GBP/JPY;0.000224489216670226;1289
8;GBP/JPY;-0.000737567774935515;1290
8;GBP/JPY;0.0018496268574159;1291
8;GBP/JPY;0.000573913156929788;1292
8;GBP/JPY;0.000555935284649372;1293
8;GBP/JPY;0.000533893988584385;1294
8;GBP/JPY;-0.000226418560456028;1295
8;GBP/JPY;-0.000163338124350242;1296
8;GBP/JPY;-0.00185881356995874;1297
8;GBP/JPY;-0.00325571656517232;1298
8;GBP/JPY;-0.00391160289286958;1299
8;GBP/JPY;-0.0028079703739224;1300
8;GBP/JPY;-0.00252173044174718;1301
8;GBP/JPY;-2.81658100031591E-05;1302
8;GBP/JPY;-0.000248043156484311;1303
8;GBP/JPY;0.000152792564250995;1304
8;GBP/JPY;-0.000446932432149239;1305
8;GBP/JPY;-0.00234894220124904;1306
8;GBP/JPY;-0.00408569462456619;1307
8;GBP/JPY;-0.00293557698729791;1308
8;GBP/JPY;-0.00218839166278574;1309
8;GBP/JPY;-0.000962655281421707;1310
8;GBP/JPY;0.000936311747400592;1311
8;GBP/JPY;0.00386564815414071;1312
8;GBP/JPY;0.0033900880400636;1313
8;GBP/JPY;0.00390039420826929;1314
8;GBP/JPY;0.00352598665626589;1315
8;GBP/JPY;0.00368264510754417;1316
8;GBP/JPY;0.000270958693154361;1317
8;GBP/JPY;0.00164950057663428;1318
8;GBP/JPY;0.00181970180630641;1319
8;GBP/JPY;0.000717338124591136;1320
8;GBP/JPY;0.000308684361669468;1321
8;GBP/JPY;0.00160626970804555;1322
8;GBP/JPY;0.000978921865051989;1323
8;GBP/JPY;-0.000836729173749043;1324
8;GBP/JPY;-0.00147943296992496;1325
8;GBP/JPY;-0.000460512361843372;1326
8;GBP/JPY;-0.00159652203733082;1327
8;GBP/JPY;-0.00206010775109964;1328
8;GBP/JPY;-0.00113554486153263;1329
8;GBP/JPY;-0.000472096717462189;1330
8;GBP/JPY;0.0013494813523768;1331
8;GBP/JPY;0.00249274034429449;1332
8;GBP/JPY;0.00318887664062351;1333
8;GBP/JPY;0.00293463173920478;1334
8;GBP/JPY;0.00262458096749328;1335
8;GBP/JPY;-0.000967439356884203;1336
8;GBP/JPY;-0.000387582495935276;1337
8;GBP/JPY;-0.00138941813602098;1338
8;GBP/JPY;-0.000547976276724749;1339
8;GBP/JPY;-0.00016805059632501;1340
8;GBP/JPY;0.000892528179260789;1341
8;GBP/JPY;-0.000880736944867683;1342
8;GBP/JPY;-0.00216151822407673;1343
8;GBP/JPY;-0.00283096763893036;1344
8;GBP/JPY;-0.00260618795510865;1345
8;GBP/JPY;-0.00408198398451971;1346
8;GBP/JPY;-0.00268754247242005;1347
8;GBP/JPY;-0.00139582039894971;1348
8;GBP/JPY;-0.00221783889268948;1349
8;GBP/JPY;-0.00129628521372451;1350
8;GBP/JPY;0.000557454399577771;1351
8;GBP/JPY;-0.000164808937385965;1352
8;GBP/JPY;-4.04299784202165E-05;1353
8;GBP/JPY;0.000645085890683993;1354
8;GBP/JPY;-0.00102467204261472;1355
8;GBP/JPY;-0.00210484453633529;1356
8;GBP/JPY;-0.00123547103498971;1357
8;GBP/JPY;-0.00150498713755398;1358
8;GBP/JPY;-0.00136600936440869;1359
8;GBP/JPY;-0.000489004515530431;1360
8;GBP/JPY;-0.000639552417606678;1361
8;GBP/JPY;-0.000859903828681532;1362
8;GBP/JPY;0.000192593952576015;1363
8;GBP/JPY;-0.00040887076130118;1364
8;GBP/JPY;-0.000437269389383907;1365
8;GBP/JPY;0.000770518461912039;1366
8;GBP/JPY;0.000462891735716623;1367
8;GBP/JPY;0.000504267034148124;1368
8;GBP/JPY;0.00191916450334683;1369
8;GBP/JPY;0.00126622354263361;1370
8;GBP/JPY;0.000837691811606479;1371
8;GBP/JPY;0.000446445938373318;1372
8;GBP/JPY;0.000777525057873938;1373
8;GBP/JPY;5.89954392063775E-05;1374
8;GBP/JPY;0.00082335015946399;1375
8;GBP/JPY;0.00115906255974004;1376
8;GBP/JPY;0.00173668782270223;1377
8;GBP/JPY;0.000679769882022928;1378
8;GBP/JPY;0.000666312861560614;1379
8;GBP/JPY;0.000874302863022943;1380
8;GBP/JPY;0.00102779950558377;1381
8;GBP/JPY;0.000604512555907554;1382
8;GBP/JPY;0.000566706657263406;1383
8;GBP/JPY;0.00100128355787959;1384
8;GBP/JPY;9.77753394492548E-06;1385
8;GBP/JPY;-0.000499115956226317;1386
8;GBP/JPY;-0.000294417261907973;1387
8;GBP/JPY;-0.0016874331447434;1388
8;GBP/JPY;-0.00214552264489268;1389
8;GBP/JPY;-0.001056561017235;1390
8;GBP/JPY;-1.08639266035906E-06;1391
8;GBP/JPY;-1.73961261111339E-05;1392
8;GBP/JPY;0.000473743311614085;1393
8;GBP/JPY;0.000358824944872031;1394
8;GBP/JPY;0.00117276842356752;1395
8;GBP/JPY;0.000190028925837658;1396
8;GBP/JPY;0.000776999224695103;1397
8;GBP/JPY;0.00120391389226096;1398
8;GBP/JPY;0.00168809519882934;1399
8;GBP/JPY;0.000725040961163209;1400
8;GBP/JPY;0.000656651345948263;1401
8;GBP/JPY;0.000630446294780773;1402
8;GBP/JPY;0.00127443795002603;1403
8;GBP/JPY;0.000529282665886707;1404
8;GBP/JPY;0.000201114798342749;1405
8;GBP/JPY;0.000574694414074902;1406
8;GBP/JPY;-0.000448570033877493;1407
8;GBP/JPY;-0.000491704760273711;1408
8;GBP/JPY;0.000552680364012385;1409
8;GBP/JPY;0.000974591447376393;1410
8;GBP/JPY;-7.98398897160134E-05;1411
8;GBP/JPY;0.00114590615381659;1412
8;GBP/JPY;0.00101342543986915;1413
8;GBP/JPY;-0.000146656824226443;1414
