8;GBP/CHF;0.00140660516103405;5
8;GBP/CHF;0.00122119860847104;6
8;GBP/CHF;0.000497380249941947;7
8;GBP/CHF;0.000105345617086735;8
8;GBP/CHF;0.000525297976286878;9
8;GBP/CHF;0.000317082369513271;10
8;GBP/CHF;-0.00025441956403689;11
8;GBP/CHF;0.000720285667324207;12
8;GBP/CHF;0.00134703298466421;13
8;GBP/CHF;0.00134676118094246;14
8;GBP/CHF;0.00183724539549149;15
8;GBP/CHF;0.0019223183459545;16
8;GBP/CHF;0.000956808365950522;17
8;GBP/CHF;0.000741629085223452;18
8;GBP/CHF;0.000160682373083988;19
8;GBP/CHF;-0.00059535599734228;20
8;GBP/CHF;-0.00155761628109018;21
8;GBP/CHF;-0.00136635428251335;22
8;GBP/CHF;-0.00139719119823297;23
8;GBP/CHF;-0.00209900811869742;24
8;GBP/CHF;-0.00254445550376589;25
8;GBP/CHF;-0.00130441256493582;26
8;GBP/CHF;-0.000706926249619658;27
8;GBP/CHF;-0.000293549373697804;28
8;GBP/CHF;0.000928432847996478;29
8;GBP/CHF;0.00179675093566568;30
8;GBP/CHF;0.00128020941984207;31
8;GBP/CHF;0.000296539972642834;32
8;GBP/CHF;-0.000329071660795253;33
8;GBP/CHF;-0.000832421054281792;34
8;GBP/CHF;-0.00108963433772606;35
8;GBP/CHF;0.0010447880038033;36
8;GBP/CHF;0.0015389696998217;37
8;GBP/CHF;0.0018259690767581;38
8;GBP/CHF;0.0018824966493645;39
8;GBP/CHF;0.00232579519259341;40
8;GBP/CHF;0.00042360015701693;41
8;GBP/CHF;0.000544584857195667;42
8;GBP/CHF;0.000655635407897132;43
8;GBP/CHF;0.00106191038923334;44
8;GBP/CHF;0.00169429939301732;45
8;GBP/CHF;0.00166827703442495;46
8;GBP/CHF;0.00041278859911106;47
8;GBP/CHF;-0.000488518071783444;48
8;GBP/CHF;-0.00101370180653311;49
8;GBP/CHF;-0.00187348451391817;50
8;GBP/CHF;-0.00470940894860252;51
8;GBP/CHF;-0.00394818155705322;52
8;GBP/CHF;-0.00236596879276418;53
8;GBP/CHF;-0.00109828417778295;54
8;GBP/CHF;-0.00125611862870719;55
8;GBP/CHF;0.00203746979436141;56
8;GBP/CHF;0.0022113985006708;57
8;GBP/CHF;0.00154911094863399;58
8;GBP/CHF;0.00063446456456021;59
8;GBP/CHF;-0.000411022275845517;60
8;GBP/CHF;-0.00119083612542516;61
8;GBP/CHF;-0.000948216476170471;62
8;GBP/CHF;-0.00017048754426189;63
8;GBP/CHF;-0.000175889107219501;64
8;GBP/CHF;0.000559052803805393;65
8;GBP/CHF;0.000904875339251877;66
8;GBP/CHF;0.000881114991256141;67
8;GBP/CHF;-0.000272813752870518;68
8;GBP/CHF;-0.00198575436691295;69
8;GBP/CHF;-0.00226877756345268;70
8;GBP/CHF;-0.00261399205103315;71
8;GBP/CHF;-0.00221485907038706;72
8;GBP/CHF;-0.00147803372949008;73
8;GBP/CHF;0.000223723528194852;74
8;GBP/CHF;0.000383316346428453;75
8;GBP/CHF;0.000863838354820853;76
8;GBP/CHF;0.000166866214864183;77
8;GBP/CHF;-0.00113447152298945;78
8;GBP/CHF;-0.000786170405324467;79
8;GBP/CHF;6.78976510878381E-06;80
8;GBP/CHF;-0.000427378130954582;81
8;GBP/CHF;5.42420687960851E-06;82
8;GBP/CHF;0.000517084477504034;83
8;GBP/CHF;2.72077379226276E-05;84
8;GBP/CHF;-0.000237779036197618;85
8;GBP/CHF;-0.000509977123370008;86
8;GBP/CHF;-3.66162516152287E-05;87
8;GBP/CHF;0.000797494648244286;88
8;GBP/CHF;0.00082941764469068;89
8;GBP/CHF;0.0031482693575528;90
8;GBP/CHF;0.00368992998778235;91
8;GBP/CHF;0.00209931770970842;92
8;GBP/CHF;0.0013853207923415;93
8;GBP/CHF;0.0015988697482197;94
8;GBP/CHF;-0.00113946656804146;95
8;GBP/CHF;-0.000227382187030332;96
8;GBP/CHF;0.00054951349045182;97
8;GBP/CHF;0.00105913988156107;98
8;GBP/CHF;0.000243094175187175;99
8;GBP/CHF;0.000662459160018231;100
8;GBP/CHF;-0.000513227954390484;101
8;GBP/CHF;-0.00148581707713766;102
8;GBP/CHF;-0.00196181440375647;103
8;GBP/CHF;-0.00088919826172518;104
8;GBP/CHF;-0.000938571143693748;105
8;GBP/CHF;-0.00109247247836797;106
8;GBP/CHF;-3.23646416996174E-05;107
8;GBP/CHF;0.000214585778974125;108
8;GBP/CHF;-0.00022258122295575;109
8;GBP/CHF;-3.36982858479248E-05;110
8;GBP/CHF;-8.77101261902711E-05;111
8;GBP/CHF;-0.000953055461756839;112
8;GBP/CHF;-0.000978975654892913;113
8;GBP/CHF;-0.000303919607602173;114
8;GBP/CHF;-0.000472373151272162;115
8;GBP/CHF;-0.000425602506151225;116
8;GBP/CHF;0.000750657705940952;117
8;GBP/CHF;0.000480621383365084;118
8;GBP/CHF;5.40639173951771E-05;119
8;GBP/CHF;0.000539764046052193;120
8;GBP/CHF;0.000782948933866637;121
8;GBP/CHF;0.00020509500933757;122
8;GBP/CHF;0.000488911942238334;123
8;GBP/CHF;0.00037399213633383;124
8;GBP/CHF;1.34754544647783E-05;125
8;GBP/CHF;-0.00114169828125266;126
8;GBP/CHF;-0.00145776101097411;127
8;GBP/CHF;-0.00141734635406506;128
8;GBP/CHF;-0.00143767667717226;129
8;GBP/CHF;-0.00175674793331601;130
8;GBP/CHF;-0.000210133182749662;131
8;GBP/CHF;0.000768780627493092;132
8;GBP/CHF;0.000887863168584731;133
8;GBP/CHF;0.000935258866161943;134
8;GBP/CHF;0.00165700806360645;135
8;GBP/CHF;0.00118335138017738;136
8;GBP/CHF;0.000895212520722444;137
8;GBP/CHF;-0.000642120359755744;138
8;GBP/CHF;-0.000731569352823017;139
8;GBP/CHF;-0.00193587698940121;140
8;GBP/CHF;-0.0018082754713319;141
8;GBP/CHF;-0.00214683712837832;142
8;GBP/CHF;-0.00140247300005665;143
8;GBP/CHF;-0.00178456367413476;144
8;GBP/CHF;-0.00119057723038218;145
8;GBP/CHF;-0.000826261529016282;146
8;GBP/CHF;-0.00113073348015314;147
8;GBP/CHF;-0.000706313058282913;148
8;GBP/CHF;-4.38257108024521E-05;149
8;GBP/CHF;-0.00113847739500138;150
8;GBP/CHF;-0.00151960574156119;151
8;GBP/CHF;-0.00125977961748521;152
8;GBP/CHF;-0.000446151444018965;153
8;GBP/CHF;-0.000805636419292585;154
8;GBP/CHF;0.000398998508823638;155
8;GBP/CHF;-0.000561106864536665;156
8;GBP/CHF;6.61398450363489E-05;157
8;GBP/CHF;-6.32280682905922E-05;158
8;GBP/CHF;-0.000250448983112719;159
8;GBP/CHF;-0.000228294827643366;160
8;GBP/CHF;0.000187670348748119;161
8;GBP/CHF;-0.000376462263262116;162
8;GBP/CHF;-0.000782380920318034;163
8;GBP/CHF;-0.000265929085727171;164
8;GBP/CHF;0.000154058838833797;165
8;GBP/CHF;0.00106609693903567;166
8;GBP/CHF;0.00108334200453996;167
8;GBP/CHF;0.00128216149673633;168
8;GBP/CHF;0.00107668715443023;169
8;GBP/CHF;0.000306389236002048;170
8;GBP/CHF;-1.37199618638653E-05;171
8;GBP/CHF;-0.00024313774273282;172
8;GBP/CHF;-0.000150900954405112;173
8;GBP/CHF;-6.85809913929742E-05;174
8;GBP/CHF;-0.000508615808879989;175
8;GBP/CHF;-0.000735393490428628;176
8;GBP/CHF;0.00105557057214335;177
8;GBP/CHF;0.000357861564698243;178
8;GBP/CHF;0.000773600014285648;179
8;GBP/CHF;0.00186045304381833;180
8;GBP/CHF;0.00200870383953693;181
8;GBP/CHF;0.000824124511715276;182
8;GBP/CHF;0.00172544794338835;183
8;GBP/CHF;0.00119217877300249;184
8;GBP/CHF;0.0011245648494572;185
8;GBP/CHF;0.00114871357747715;186
8;GBP/CHF;0.0010199842150538;187
8;GBP/CHF;0.00019818781952313;188
8;GBP/CHF;0.000247082892428143;189
8;GBP/CHF;-0.000166857160287112;190
8;GBP/CHF;-0.000548384375277276;191
8;GBP/CHF;-0.00107581913471112;192
8;GBP/CHF;-0.000699964357138442;193
8;GBP/CHF;-0.000482230719423259;194
8;GBP/CHF;0.000223800908383894;195
8;GBP/CHF;0.000359877195676352;196
8;GBP/CHF;0.0010622715692035;197
8;GBP/CHF;0.00140830365088887;198
8;GBP/CHF;0.00108913745334639;199
8;GBP/CHF;0.000849516661182432;200
8;GBP/CHF;0.000769184841272414;201
8;GBP/CHF;0.000281600566399956;202
8;GBP/CHF;-0.00050492600146551;203
8;GBP/CHF;-0.000506531681798292;204
8;GBP/CHF;-0.000981054128674704;205
8;GBP/CHF;-0.000721702265458916;206
8;GBP/CHF;0.000131187897548865;207
8;GBP/CHF;0.000622513832485182;208
8;GBP/CHF;0.000507884326387526;209
8;GBP/CHF;0.00033071300568848;210
8;GBP/CHF;0.000539153260354405;211
8;GBP/CHF;-0.000715137829889759;212
8;GBP/CHF;-0.00140883371192027;213
8;GBP/CHF;-0.00119796176167316;214
8;GBP/CHF;-0.00115444747628297;215
8;GBP/CHF;-0.00195079730856084;216
8;GBP/CHF;-0.000945242404840108;217
8;GBP/CHF;-0.000456367716910633;218
8;GBP/CHF;0.000104751574518468;219
8;GBP/CHF;0.000586205557465877;220
8;GBP/CHF;0.000968940661924341;221
8;GBP/CHF;0.000745685621510876;222
8;GBP/CHF;0.000822071850045753;223
8;GBP/CHF;0.000288123779945671;224
8;GBP/CHF;0.00100248799299191;225
8;GBP/CHF;0.00134003624436473;226
8;GBP/CHF;0.00106065831798539;227
8;GBP/CHF;0.00116604981620287;228
8;GBP/CHF;0.00124691130948571;229
8;GBP/CHF;0.000210695517220408;230
8;GBP/CHF;0.000218647109181437;231
8;GBP/CHF;0.000303749336980931;232
8;GBP/CHF;0.000245614065956428;233
8;GBP/CHF;0.000579511325194182;234
8;GBP/CHF;0.000636140567984354;235
8;GBP/CHF;0.000568442420434611;236
8;GBP/CHF;0.000958169471636628;237
8;GBP/CHF;0.000736381326558376;238
8;GBP/CHF;2.9604311518303E-05;239
8;GBP/CHF;-0.000814406939439047;240
8;GBP/CHF;-0.000571140310684513;241
8;GBP/CHF;-0.00123084769962043;242
8;GBP/CHF;-0.000994148973267295;243
8;GBP/CHF;-0.000582124354855578;244
8;GBP/CHF;8.24004199217896E-05;245
8;GBP/CHF;-0.000261868482264177;246
8;GBP/CHF;-5.53909966151924E-05;247
8;GBP/CHF;-0.000199964887694102;248
8;GBP/CHF;-0.000207926893276509;249
8;GBP/CHF;-0.000159428228588236;250
8;GBP/CHF;-2.97180835085009E-05;251
8;GBP/CHF;0.00110357188255699;252
8;GBP/CHF;0.000875392980166801;253
8;GBP/CHF;0.000687763224368046;254
8;GBP/CHF;0.000799912037436059;255
8;GBP/CHF;0.000628541116187167;256
8;GBP/CHF;-0.000687838665887391;257
8;GBP/CHF;8.20821977255261E-05;258
8;GBP/CHF;-4.44308311402457E-05;259
8;GBP/CHF;0.000195108182768511;260
8;GBP/CHF;-0.000384173521867431;261
8;GBP/CHF;-0.00025365646446177;262
8;GBP/CHF;-0.000857467742823722;263
8;GBP/CHF;-0.00069332107848171;264
8;GBP/CHF;-0.000849097930858356;265
8;GBP/CHF;-0.000124171630771972;266
8;GBP/CHF;0.000370931244646059;267
8;GBP/CHF;0.000501983908577676;268
8;GBP/CHF;0.000419786818801975;269
8;GBP/CHF;0.000663413137617426;270
8;GBP/CHF;0.000567590448794116;271
8;GBP/CHF;8.08538163107921E-06;272
8;GBP/CHF;0.000575996952911482;273
8;GBP/CHF;0.000932252104126823;274
8;GBP/CHF;0.000743048222281172;275
8;GBP/CHF;0.000977701532734153;276
8;GBP/CHF;0.00142464994688616;277
8;GBP/CHF;0.000921101450781821;278
8;GBP/CHF;0.000957314390321599;279
8;GBP/CHF;0.000872539841864229;280
8;GBP/CHF;0.000291845775175956;281
8;GBP/CHF;0.000371610664393853;282
8;GBP/CHF;0.000299415260600047;283
8;GBP/CHF;0.000302974748875722;284
8;GBP/CHF;-0.000660746414476893;285
8;GBP/CHF;-0.000475471593532271;286
8;GBP/CHF;-0.000421121742750438;287
8;GBP/CHF;-0.000453307229345271;288
8;GBP/CHF;-0.000544883047020038;289
8;GBP/CHF;0.00037478009374194;290
8;GBP/CHF;0.00104321546160076;291
8;GBP/CHF;0.000829364108216503;292
8;GBP/CHF;0.000728267229940967;293
8;GBP/CHF;0.000556885807658579;294
8;GBP/CHF;0.000546187545454968;295
8;GBP/CHF;0.000572787667636941;296
8;GBP/CHF;0.000198483416617399;297
8;GBP/CHF;0.000255933492226368;298
8;GBP/CHF;0.000199940034646271;299
8;GBP/CHF;0.00137288601472943;300
8;GBP/CHF;0.000789882577660674;301
8;GBP/CHF;0.00100272139542492;302
8;GBP/CHF;0.000936956610212872;303
8;GBP/CHF;0.000994061610269726;304
8;GBP/CHF;-0.000331393652088192;305
8;GBP/CHF;-0.000351411204944506;306
8;GBP/CHF;-0.000254520422493528;307
8;GBP/CHF;-4.9064622995448E-05;308
8;GBP/CHF;-0.000274600496162675;309
8;GBP/CHF;-0.000100852604731392;310
8;GBP/CHF;0.000444133807076876;311
8;GBP/CHF;4.90734080959356E-05;312
8;GBP/CHF;-9.28579025488901E-05;313
8;GBP/CHF;-0.000183276680908967;314
8;GBP/CHF;-0.000803326100806098;315
8;GBP/CHF;-0.001182115038058;316
8;GBP/CHF;-0.00107307309170587;317
8;GBP/CHF;-0.00103096097469953;318
8;GBP/CHF;-0.000465586716234541;319
8;GBP/CHF;0.0002929759551228;320
8;GBP/CHF;-0.000239931248492254;321
8;GBP/CHF;4.93252771214765E-05;322
8;GBP/CHF;0.000592620647275669;323
8;GBP/CHF;0.000412431629312081;324
8;GBP/CHF;0.00022077993410814;325
8;GBP/CHF;0.000911539182168961;326
8;GBP/CHF;0.000185194450737726;327
8;GBP/CHF;-0.000386002861770726;328
8;GBP/CHF;-0.000694972141560416;329
8;GBP/CHF;-0.000656404017688893;330
8;GBP/CHF;-0.000667611517130055;331
8;GBP/CHF;-7.45900883746962E-05;332
8;GBP/CHF;0.000139845709271523;333
8;GBP/CHF;-9.33794022005881E-05;334
8;GBP/CHF;-6.66928998249824E-05;335
8;GBP/CHF;-4.13001556884595E-05;336
8;GBP/CHF;4.15249432061948E-18;337
8;GBP/CHF;-6.65710262986814E-06;338
8;GBP/CHF;0.00111635870860895;339
8;GBP/CHF;0.00107769634304073;340
8;GBP/CHF;0.000838982619156537;341
8;GBP/CHF;0.000776503787577107;342
8;GBP/CHF;0.000602235905180281;343
8;GBP/CHF;0.000120709270090132;344
8;GBP/CHF;0.000510209429318778;345
8;GBP/CHF;0.000397651337869777;346
8;GBP/CHF;0.00100074337782196;347
8;GBP/CHF;0.000931019609643534;348
8;GBP/CHF;0.00195696406721217;349
8;GBP/CHF;0.00147688759150391;350
8;GBP/CHF;0.00219270839919136;351
8;GBP/CHF;0.00178253362106545;352
8;GBP/CHF;0.00192766873411392;353
8;GBP/CHF;6.82728293901048E-05;354
8;GBP/CHF;9.06311688212344E-05;355
8;GBP/CHF;-0.000163785685768505;356
8;GBP/CHF;-0.000231776289824244;357
8;GBP/CHF;-0.000432305139824898;358
8;GBP/CHF;0.000293832201236662;359
8;GBP/CHF;-0.00019313327367214;360
8;GBP/CHF;-0.000306967835203911;361
8;GBP/CHF;-0.000848204419926869;362
8;GBP/CHF;-0.000347831881467973;363
8;GBP/CHF;-0.000352913099827255;364
8;GBP/CHF;0.000411005367561993;365
8;GBP/CHF;0.000156166449865886;366
8;GBP/CHF;0.00058598667611458;367
8;GBP/CHF;0.00036750240029377;368
8;GBP/CHF;-0.000137923339795462;369
8;GBP/CHF;-0.000245451145673784;370
8;GBP/CHF;-0.00030851338796702;371
8;GBP/CHF;-0.000633361019181541;372
8;GBP/CHF;-0.000977997058838337;373
8;GBP/CHF;-0.000862532899915674;374
8;GBP/CHF;-0.0010640354315338;375
8;GBP/CHF;-0.000804369158328553;376
8;GBP/CHF;-0.000231769573262593;377
8;GBP/CHF;0.000309427390738027;378
8;GBP/CHF;0.000723199460171182;379
8;GBP/CHF;0.000751206766282562;380
8;GBP/CHF;0.000199089610053418;381
8;GBP/CHF;1.84460518992047E-05;382
8;GBP/CHF;-0.000612735484554234;383
8;GBP/CHF;-0.000556987887028951;384
8;GBP/CHF;-0.000414791748819629;385
8;GBP/CHF;-6.59017674226231E-05;386
8;GBP/CHF;0.000396179173520098;387
8;GBP/CHF;0.000825764460853035;388
8;GBP/CHF;0.000802727716293915;389
8;GBP/CHF;0.00105831830116718;390
8;GBP/CHF;0.00116195334651914;391
8;GBP/CHF;0.000497729939763533;392
8;GBP/CHF;0.00137787956828805;393
8;GBP/CHF;0.00122941145781317;394
8;GBP/CHF;0.00120920538158352;395
8;GBP/CHF;0.00107964944923144;396
8;GBP/CHF;0.00133081084530369;397
8;GBP/CHF;0.000299987013331553;398
8;GBP/CHF;-0.000279521202246463;399
8;GBP/CHF;-0.000548138630566448;400
8;GBP/CHF;-0.000187800788477281;401
8;GBP/CHF;-0.000857868855055223;402
8;GBP/CHF;-0.00063964547701866;403
8;GBP/CHF;-0.00028645710493784;404
8;GBP/CHF;-0.000359715856117363;405
8;GBP/CHF;-0.000582782215456208;406
8;GBP/CHF;-0.000242226681742073;407
8;GBP/CHF;-0.000181823545589683;408
8;GBP/CHF;0.000159629458799368;409
8;GBP/CHF;0.000143963989045199;410
8;GBP/CHF;-0.000171499089191941;411
8;GBP/CHF;0.000199040171469679;412
8;GBP/CHF;-0.000484797899867236;413
8;GBP/CHF;-0.000805990311519292;414
8;GBP/CHF;-0.00064996813919327;415
8;GBP/CHF;-0.000583673950563956;416
8;GBP/CHF;0.000946653070006439;417
8;GBP/CHF;0.0013857532593647;418
8;GBP/CHF;0.00187041238268865;419
8;GBP/CHF;0.00197869473486499;420
8;GBP/CHF;0.00214269099335341;421
8;GBP/CHF;2.47486868858223E-05;422
8;GBP/CHF;-5.99375871789566E-05;423
8;GBP/CHF;-0.000342449115075179;424
8;GBP/CHF;-0.00051271068399246;425
8;GBP/CHF;-0.000624756462736626;426
8;GBP/CHF;-0.00014071753490942;427
8;GBP/CHF;-9.64590426236897E-05;428
8;GBP/CHF;-0.000301266746455448;429
8;GBP/CHF;-0.00023597592132974;430
8;GBP/CHF;0.000164187573967633;431
8;GBP/CHF;0.000586970594510761;432
8;GBP/CHF;0.000702823729004804;433
8;GBP/CHF;0.0012516467033978;434
8;GBP/CHF;0.000543239642629573;435
8;GBP/CHF;0.000246028910129536;436
8;GBP/CHF;-0.000314745634784829;437
8;GBP/CHF;-0.000906322357292134;438
8;GBP/CHF;-0.00110943398502441;439
8;GBP/CHF;-0.000722036560176513;440
8;GBP/CHF;-0.000287714574320047;441
8;GBP/CHF;-1.17149746696853E-05;442
8;GBP/CHF;0.000483622580051052;443
8;GBP/CHF;0.000255467827545428;444
8;GBP/CHF;0.000460371434637497;445
8;GBP/CHF;6.12228287773945E-05;446
8;GBP/CHF;-5.85851686071631E-05;447
8;GBP/CHF;8.46114557003204E-05;448
8;GBP/CHF;0.000192688276544175;449
8;GBP/CHF;0.000283780313166691;450
8;GBP/CHF;0.00014321425463534;451
8;GBP/CHF;-0.000161523540413265;452
8;GBP/CHF;-0.000295645149480834;453
8;GBP/CHF;-0.000285192504398607;454
8;GBP/CHF;-0.00042191086505487;455
8;GBP/CHF;-0.00180678441487801;456
8;GBP/CHF;-0.00134544167080188;457
8;GBP/CHF;-0.00135617679072356;458
8;GBP/CHF;-0.000988946607327141;459
8;GBP/CHF;-0.000659387889389726;460
8;GBP/CHF;0.000842669346115282;461
8;GBP/CHF;0.00146920122947714;462
8;GBP/CHF;0.0013770295377661;463
8;GBP/CHF;0.000767283590621854;464
8;GBP/CHF;0.000230053355910415;465
8;GBP/CHF;8.89086478300484E-05;466
8;GBP/CHF;-0.00075155193700046;467
8;GBP/CHF;-0.000488002434211934;468
8;GBP/CHF;-0.000444064415015248;469
8;GBP/CHF;-0.000999252313574073;470
8;GBP/CHF;-0.00153660676673386;471
8;GBP/CHF;-0.00134442163487305;472
8;GBP/CHF;-0.0012778256287708;473
8;GBP/CHF;-0.00108819903194923;474
8;GBP/CHF;-0.000199662429476404;475
8;GBP/CHF;0.000541980796697524;476
8;GBP/CHF;0.000860159897071006;477
8;GBP/CHF;0.00054489327871571;478
8;GBP/CHF;0.00106858522773812;479
8;GBP/CHF;-0.000801968462534627;480
8;GBP/CHF;-0.00107354695354217;481
8;GBP/CHF;-0.00186815738661698;482
8;GBP/CHF;-0.00178991853326481;483
8;GBP/CHF;-0.00215745014853211;484
8;GBP/CHF;-0.00070850811683551;485
8;GBP/CHF;-0.00109527630740741;486
8;GBP/CHF;-0.000205123472524233;487
8;GBP/CHF;0.000197029368680361;488
8;GBP/CHF;0.000339422996476028;489
8;GBP/CHF;0.000787662746435624;490
8;GBP/CHF;0.00117978818654526;491
8;GBP/CHF;1.32401228731514E-05;492
8;GBP/CHF;-0.000272454379581336;493
8;GBP/CHF;-0.000213888230788065;494
8;GBP/CHF;-3.0338905417301E-05;495
8;GBP/CHF;0.000190021259725274;496
8;GBP/CHF;0.000351865905540076;497
8;GBP/CHF;4.89633339859015E-05;498
8;GBP/CHF;-0.000341109746800464;499
8;GBP/CHF;-0.000646123001499669;500
8;GBP/CHF;-0.000167578793274689;501
8;GBP/CHF;0.000485773549002881;502
8;GBP/CHF;0.000975441062674617;503
8;GBP/CHF;0.00067636360845648;504
8;GBP/CHF;0.000892658191992522;505
8;GBP/CHF;0.000406169161297769;506
8;GBP/CHF;0.000263513329072761;507
8;GBP/CHF;-0.000100096806235523;508
8;GBP/CHF;0.000162145603761117;509
8;GBP/CHF;-0.000251811991696331;510
8;GBP/CHF;-0.000209575233942099;511
8;GBP/CHF;-0.000386165386844152;512
8;GBP/CHF;-0.00014628409417339;513
8;GBP/CHF;1.84472671822284E-05;514
8;GBP/CHF;0.000532255084996535;515
8;GBP/CHF;0.000625438727922949;516
8;GBP/CHF;0.0011221609603233;517
8;GBP/CHF;0.00135986570544814;518
8;GBP/CHF;0.00123996377815765;519
8;GBP/CHF;0.000968645660917468;520
8;GBP/CHF;0.000416312502780395;521
8;GBP/CHF;-0.000929644050782113;522
8;GBP/CHF;-0.00177293766145388;523
8;GBP/CHF;-0.00169373295954821;524
8;GBP/CHF;-0.00215498189972725;525
8;GBP/CHF;-0.00181207811810138;526
8;GBP/CHF;-0.000804261418513835;527
8;GBP/CHF;0.00143219751783252;528
8;GBP/CHF;0.000702640896449313;529
8;GBP/CHF;0.00136913658162847;530
8;GBP/CHF;0.000954870090188725;531
8;GBP/CHF;-0.000217136598911661;532
8;GBP/CHF;-0.00238166382024373;533
8;GBP/CHF;-0.00213266206424675;534
8;GBP/CHF;-0.00199084173277567;535
8;GBP/CHF;-0.00131528546032268;536
8;GBP/CHF;-0.00078045771685183;537
8;GBP/CHF;-0.000462458677813006;538
8;GBP/CHF;0.00029505783566458;539
8;GBP/CHF;0.000940423995563452;540
8;GBP/CHF;0.00126125829487195;541
8;GBP/CHF;0.00205737949388613;542
8;GBP/CHF;0.00178807953880169;543
8;GBP/CHF;0.00198888270327804;544
8;GBP/CHF;0.000975476653831111;545
8;GBP/CHF;-0.000139747668867619;546
8;GBP/CHF;-0.000177778374762004;547
8;GBP/CHF;0.000487287958111679;548
8;GBP/CHF;-0.000437046425784335;549
8;GBP/CHF;-0.00039489025011209;550
8;GBP/CHF;-0.000635367769356598;551
8;GBP/CHF;-0.000320399843056323;552
8;GBP/CHF;-0.000458280857913835;553
8;GBP/CHF;0.000726130277566708;554
8;GBP/CHF;0.00107883561033167;555
8;GBP/CHF;0.00277229299717609;556
8;GBP/CHF;0.00137684442836343;557
8;GBP/CHF;0.0016935569184061;558
8;GBP/CHF;0.00148480723834299;559
8;GBP/CHF;0.0020690446611782;560
8;GBP/CHF;0.000172161947191836;561
8;GBP/CHF;0.000967442287491868;562
8;GBP/CHF;0.000563954317432928;563
8;GBP/CHF;0.000394527525128699;564
8;GBP/CHF;-0.000458374788769867;565
8;GBP/CHF;-0.000105627262112456;566
8;GBP/CHF;0.000363540514649418;567
8;GBP/CHF;0.000788432160186416;568
8;GBP/CHF;0.000170330627223609;569
8;GBP/CHF;0.000677452028913048;570
8;GBP/CHF;0.00141804466690998;571
8;GBP/CHF;0.00163490591819533;572
8;GBP/CHF;0.000509653536504255;573
8;GBP/CHF;0.000888305351015183;574
8;GBP/CHF;-5.18248837204894E-06;575
8;GBP/CHF;0.000260159691875594;576
8;GBP/CHF;-0.000416209030192473;577
8;GBP/CHF;0.000238170773271452;578
8;GBP/CHF;-5.56463226870449E-05;579
8;GBP/CHF;0.000115278630987347;580
8;GBP/CHF;0.00014869552691198;581
8;GBP/CHF;0.000487214107801313;582
8;GBP/CHF;0.00031410675096467;583
8;GBP/CHF;0.000677055715462112;584
8;GBP/CHF;0.000846361108134104;585
8;GBP/CHF;6.97841222357209E-05;586
8;GBP/CHF;-8.77917799678738E-05;587
8;GBP/CHF;-0.00132049606120138;588
8;GBP/CHF;-0.00116559568462895;589
8;GBP/CHF;-0.00157151894965756;590
8;GBP/CHF;-0.000591350799441635;591
8;GBP/CHF;-0.000528856253098675;592
8;GBP/CHF;0.000647730752142509;593
8;GBP/CHF;0.000171189583450505;594
8;GBP/CHF;0.000359664453476537;595
8;GBP/CHF;1.29585714515941E-05;596
8;GBP/CHF;-0.000103607485367504;597
8;GBP/CHF;-0.000472285874441112;598
8;GBP/CHF;-0.000592004482802447;599
8;GBP/CHF;-0.000683525888169034;600
8;GBP/CHF;-0.000717872598800831;601
8;GBP/CHF;-0.0010663851707169;602
8;GBP/CHF;-0.000105248456998259;603
8;GBP/CHF;6.50078822116022E-06;604
8;GBP/CHF;-0.000148449104401183;605
8;GBP/CHF;-0.000326685806816223;606
8;GBP/CHF;0.000394224672997926;607
8;GBP/CHF;-0.000590938511581642;608
8;GBP/CHF;-0.00110033652597552;609
8;GBP/CHF;-0.00121385522204702;610
8;GBP/CHF;-0.00114041555868749;611
8;GBP/CHF;-0.00256263664354176;612
8;GBP/CHF;-0.00223763341093735;613
8;GBP/CHF;-0.00157495596867081;614
8;GBP/CHF;-0.0025084238583834;615
8;GBP/CHF;-0.0028034112574468;616
8;GBP/CHF;-0.00148795855105575;617
8;GBP/CHF;-0.000422275163469988;618
8;GBP/CHF;-4.61228781402457E-05;619
8;GBP/CHF;0.00136889452680256;620
8;GBP/CHF;0.00229709183544337;621
8;GBP/CHF;0.00211103248958741;622
8;GBP/CHF;0.000919941786305612;623
8;GBP/CHF;0.000726187593586083;624
8;GBP/CHF;0.000829988596671887;625
8;GBP/CHF;-0.000325981301957179;626
8;GBP/CHF;0.000761087267704382;627
8;GBP/CHF;0.00115904349555548;628
8;GBP/CHF;0.000397495777086708;629
8;GBP/CHF;0.00101079088094506;630
8;GBP/CHF;0.00136739447190151;631
8;GBP/CHF;5.62133758852128E-05;632
8;GBP/CHF;-0.000105922855331385;633
8;GBP/CHF;0.000335223407929059;634
8;GBP/CHF;-0.000233912805946127;635
8;GBP/CHF;9.92730879290033E-05;636
8;GBP/CHF;0.0001580970942157;637
8;GBP/CHF;0.000198722700151504;638
8;GBP/CHF;0.000187009400058037;639
8;GBP/CHF;9.41207246365051E-05;640
8;GBP/CHF;-0.000307122357104169;641
8;GBP/CHF;-0.000324168246281466;642
8;GBP/CHF;-0.000309936668874565;643
8;GBP/CHF;-0.000334909842319121;644
8;GBP/CHF;-0.000528695777976664;645
8;GBP/CHF;-0.000150465960903904;646
8;GBP/CHF;0.000261466997621197;647
8;GBP/CHF;0.000295562046610565;648
8;GBP/CHF;0.000290461911579514;649
8;GBP/CHF;0.0011081301910888;650
8;GBP/CHF;0.00150738428628114;651
8;GBP/CHF;0.00123602301482223;652
8;GBP/CHF;0.00142588476180134;653
8;GBP/CHF;0.00175729753492437;654
8;GBP/CHF;0.000881585678527541;655
8;GBP/CHF;0.000192169123600333;656
8;GBP/CHF;-0.000775366212393908;657
8;GBP/CHF;-0.00074487981819649;658
8;GBP/CHF;-0.00115677881037725;659
8;GBP/CHF;-0.00017133179057616;660
8;GBP/CHF;-0.000167488430041605;661
8;GBP/CHF;0.00054541169076853;662
8;GBP/CHF;0.000570932899981504;663
8;GBP/CHF;0.000880540150767887;664
8;GBP/CHF;-8.18237618522994E-05;665
8;GBP/CHF;-0.00053586557387275;666
8;GBP/CHF;-0.000708412478934853;667
8;GBP/CHF;-0.000941153704163323;668
8;GBP/CHF;-0.000980936195707456;669
8;GBP/CHF;-0.000706634043808458;670
8;GBP/CHF;-4.29834417714381E-05;671
8;GBP/CHF;0.000439146772561432;672
8;GBP/CHF;0.000413195010056848;673
8;GBP/CHF;2.60832708429293E-06;674
8;GBP/CHF;-0.00119641433550949;675
8;GBP/CHF;-0.00134364660989637;676
8;GBP/CHF;-0.00186354418673365;677
8;GBP/CHF;-0.00259625614730287;678
8;GBP/CHF;-0.00269286976037596;679
8;GBP/CHF;-0.00152448391831035;680
8;GBP/CHF;-0.0024635874722097;681
8;GBP/CHF;-0.00259189176538439;682
8;GBP/CHF;-0.00170229577730122;683
8;GBP/CHF;-0.000525457512896274;684
8;GBP/CHF;-0.000611471514153422;685
8;GBP/CHF;6.63840917228087E-06;686
8;GBP/CHF;-0.000398365368675962;687
8;GBP/CHF;-0.000719708095677175;688
8;GBP/CHF;-0.00166086499164292;689
8;GBP/CHF;-0.000954021513865477;690
8;GBP/CHF;-0.000678255274802199;691
8;GBP/CHF;-4.40154055695533E-05;692
8;GBP/CHF;0.000819463033120704;693
8;GBP/CHF;0.000986471372705438;694
8;GBP/CHF;0.000222302853920507;695
8;GBP/CHF;0.00223352037101442;696
8;GBP/CHF;0.00277001179024328;697
8;GBP/CHF;0.00195838702370817;698
8;GBP/CHF;0.00185177316176168;699
8;GBP/CHF;0.00196465494159599;700
8;GBP/CHF;-0.000109372068704777;701
8;GBP/CHF;-0.000640405346254008;702
8;GBP/CHF;-0.00055381242697552;703
8;GBP/CHF;-0.000352090711410482;704
8;GBP/CHF;-0.000337541695968622;705
8;GBP/CHF;3.42675638577443E-05;706
8;GBP/CHF;0.0004679875712812;707
8;GBP/CHF;-7.52785811611484E-05;708
8;GBP/CHF;0.000209746641346963;709
8;GBP/CHF;4.48625755638153E-05;710
8;GBP/CHF;-0.0011114113159271;711
8;GBP/CHF;-0.00107470354448749;712
8;GBP/CHF;-0.00038078879714415;713
8;GBP/CHF;-0.000196548544507751;714
8;GBP/CHF;0.000243929000758578;715
8;GBP/CHF;0.00112590736411301;716
8;GBP/CHF;0.00119712230602251;717
8;GBP/CHF;0.00124938975974874;718
8;GBP/CHF;0.000691679789825442;719
8;GBP/CHF;0.0021599161432308;720
8;GBP/CHF;0.00207132114032658;721
8;GBP/CHF;0.0019733362477365;722
8;GBP/CHF;-0.000379137050429118;723
8;GBP/CHF;0.000166961927260572;724
8;GBP/CHF;-0.00188469972903651;725
8;GBP/CHF;-0.00119166711273243;726
8;GBP/CHF;-0.00155793469707869;727
8;GBP/CHF;0.000789059413819364;728
8;GBP/CHF;0.000769900122802212;729
8;GBP/CHF;0.00105128354639622;730
8;GBP/CHF;0.000327729237952156;731
8;GBP/CHF;-0.000674807521099467;732
8;GBP/CHF;-0.000225878916152449;733
8;GBP/CHF;-0.000794869814228973;734
8;GBP/CHF;-0.000990760415572756;735
8;GBP/CHF;-0.00114940957728915;736
8;GBP/CHF;-0.000403603550451839;737
8;GBP/CHF;0.000102465075444637;738
8;GBP/CHF;0.000229866210345996;739
8;GBP/CHF;0.000218257381272214;740
8;GBP/CHF;-0.000716626686011124;741
8;GBP/CHF;7.39230021154458E-05;742
8;GBP/CHF;-0.000756587315949221;743
8;GBP/CHF;-0.00182384710943255;744
8;GBP/CHF;-0.00155666421344115;745
8;GBP/CHF;-0.000414252822378935;746
8;GBP/CHF;-0.000716619174005514;747
8;GBP/CHF;-0.00080181075970615;748
8;GBP/CHF;0.000547713573420673;749
8;GBP/CHF;0.000717834578196901;750
8;GBP/CHF;0.000821052323371784;751
8;GBP/CHF;0.00195078489972219;752
8;GBP/CHF;0.00286089934931444;753
8;GBP/CHF;0.00280359724887483;754
8;GBP/CHF;0.00251252337222103;755
8;GBP/CHF;0.0024001074945598;756
8;GBP/CHF;0.00179289076520523;757
8;GBP/CHF;0.000476985056404075;758
8;GBP/CHF;-0.000251594496797098;759
8;GBP/CHF;-0.00017730497615138;760
8;GBP/CHF;-2.86833682588759E-05;761
8;GBP/CHF;-0.000795871900328026;762
8;GBP/CHF;-0.00048611881706849;763
8;GBP/CHF;-3.26131268557874E-05;764
8;GBP/CHF;7.30269686273217E-05;765
8;GBP/CHF;2.34685163603809E-05;766
8;GBP/CHF;-0.000399780645773759;767
8;GBP/CHF;-5.48113254068643E-05;768
8;GBP/CHF;-9.13450575367205E-05;769
8;GBP/CHF;0.000464921143500775;770
8;GBP/CHF;0.000372519629153321;771
8;GBP/CHF;0.00100186101289519;772
8;GBP/CHF;0.000178733936442336;773
8;GBP/CHF;0.000421144743157816;774
8;GBP/CHF;-0.000281167672979738;775
8;GBP/CHF;0.000105377850323001;776
8;GBP/CHF;0.000245784150547838;777
8;GBP/CHF;0.000787394905947401;778
8;GBP/CHF;0.00176099483054791;779
8;GBP/CHF;0.00181927297545332;780
8;GBP/CHF;0.00153919667232252;781
8;GBP/CHF;-0.000219760950828562;782
8;GBP/CHF;-0.000323693030335706;783
8;GBP/CHF;-0.00160215513310803;784
8;GBP/CHF;-0.0020356244764735;785
8;GBP/CHF;-0.00183986542393676;786
8;GBP/CHF;-0.000660735424089971;787
8;GBP/CHF;-0.00113118119559626;788
8;GBP/CHF;-0.000754961437061858;789
8;GBP/CHF;-0.000549750444895307;790
8;GBP/CHF;-0.000357224435766272;791
8;GBP/CHF;9.91843413476326E-05;792
8;GBP/CHF;0.000362099885507255;793
8;GBP/CHF;0.000675557357122454;794
8;GBP/CHF;0.00089501953102594;795
8;GBP/CHF;0.000590249590437861;796
8;GBP/CHF;0.000564153216492001;797
8;GBP/CHF;0.000710526634242531;798
8;GBP/CHF;-9.24608604258629E-05;799
8;GBP/CHF;0.000240684092184241;800
8;GBP/CHF;0.000327598271455829;801
8;GBP/CHF;-0.000326832564570855;802
8;GBP/CHF;0.00129848264356295;803
8;GBP/CHF;0.00144452751428534;804
8;GBP/CHF;0.00122235745145821;805
8;GBP/CHF;0.00131924806337846;806
8;GBP/CHF;0.00229472798634157;807
8;GBP/CHF;0.000614515165321116;808
8;GBP/CHF;-0.0230277446033408;809
8;GBP/CHF;-0.035461942561472;810
8;GBP/CHF;-0.0313053482392148;811
8;GBP/CHF;-0.0371713008687393;812
8;GBP/CHF;-0.035476018778009;813
8;GBP/CHF;-0.0104408040775396;814
8;GBP/CHF;0.00457170607259659;815
8;GBP/CHF;0.000333219070563776;816
8;GBP/CHF;0.00551622981559589;817
8;GBP/CHF;0.00512246563400896;818
8;GBP/CHF;0.00245987246409516;819
8;GBP/CHF;0.00051361057857212;820
8;GBP/CHF;-0.00390051457729454;821
8;GBP/CHF;-0.00338506147674458;822
8;GBP/CHF;-0.00508706726762812;823
8;GBP/CHF;-0.00199109302235304;824
8;GBP/CHF;-0.00325141369690323;825
8;GBP/CHF;0.000618129463188504;826
8;GBP/CHF;0.00242741608564257;827
8;GBP/CHF;0.00321196403623684;828
8;GBP/CHF;0.00110271051127026;829
8;GBP/CHF;0.00648929971056165;830
8;GBP/CHF;0.00802547858262565;831
8;GBP/CHF;0.00631992882306606;832
8;GBP/CHF;0.00767865447488551;833
8;GBP/CHF;0.00702239587757345;834
8;GBP/CHF;0.00354578380066842;835
8;GBP/CHF;0.00202732378595833;836
8;GBP/CHF;0.00176274459828859;837
8;GBP/CHF;0.000836234098214287;838
8;GBP/CHF;0.00275029876773576;839
8;GBP/CHF;0.00221103782871847;840
8;GBP/CHF;0.0035881744697879;841
8;GBP/CHF;0.00118927393264668;842
8;GBP/CHF;0.00165485492289506;843
8;GBP/CHF;0.00195345075114893;844
8;GBP/CHF;-0.000266226353263567;845
8;GBP/CHF;-0.000743801621874841;846
8;GBP/CHF;0.00116785070420444;847
8;GBP/CHF;0.000997837699753634;848
8;GBP/CHF;0.000310160681053044;849
8;GBP/CHF;0.00160778219324193;850
8;GBP/CHF;0.00216777200246055;851
8;GBP/CHF;0.0022798671167317;852
8;GBP/CHF;0.0008831235143831;853
8;GBP/CHF;0.001924499438572;854
8;GBP/CHF;0.00175928146721471;855
8;GBP/CHF;0.00087301725921756;856
8;GBP/CHF;0.000949763102314627;857
8;GBP/CHF;0.00122248900489303;858
8;GBP/CHF;-9.90193547678276E-06;859
8;GBP/CHF;-0.000399705315032269;860
8;GBP/CHF;-0.00104495149430837;861
8;GBP/CHF;-0.000817463032407174;862
8;GBP/CHF;0.000168571367722676;863
8;GBP/CHF;-2.68791534885587E-05;864
8;GBP/CHF;0.000643105589889132;865
8;GBP/CHF;0.00101383783747171;866
8;GBP/CHF;0.00127158266375376;867
8;GBP/CHF;9.20168336252306E-05;868
8;GBP/CHF;0.00171442702247227;869
8;GBP/CHF;0.00244579151197146;870
8;GBP/CHF;0.00223909175423602;871
8;GBP/CHF;0.0022873931248692;872
8;GBP/CHF;0.00303256378013436;873
8;GBP/CHF;0.00109810835162183;874
8;GBP/CHF;-0.000352371255443769;875
8;GBP/CHF;0.000412168184689037;876
8;GBP/CHF;0.000194092753860659;877
8;GBP/CHF;-0.000228749990066452;878
8;GBP/CHF;0.000501581637507289;879
8;GBP/CHF;0.00163217286024388;880
8;GBP/CHF;0.00329732559151534;881
8;GBP/CHF;0.00287938241544913;882
8;GBP/CHF;0.00318305433446659;883
8;GBP/CHF;0.00349543012517515;884
8;GBP/CHF;0.00317164209746231;885
8;GBP/CHF;0.00146092887420415;886
8;GBP/CHF;-0.000344227054470128;887
8;GBP/CHF;-0.00124282197193479;888
8;GBP/CHF;-0.000647841496167291;889
8;GBP/CHF;1.63951224602516E-05;890
8;GBP/CHF;0.000300980285398387;891
8;GBP/CHF;0.00218606875404716;892
8;GBP/CHF;0.00273990050409874;893
8;GBP/CHF;0.00143120892619359;894
8;GBP/CHF;0.000586606698583772;895
8;GBP/CHF;4.35433394018289E-05;896
8;GBP/CHF;0.00079447779880107;897
8;GBP/CHF;0.000962919991624062;898
8;GBP/CHF;0.000103491477879839;899
8;GBP/CHF;2.17940597781442E-05;900
8;GBP/CHF;-0.000863107635912085;901
8;GBP/CHF;-0.0011218927270089;902
8;GBP/CHF;-0.000554336883346056;903
8;GBP/CHF;0.000189142037304202;904
8;GBP/CHF;0.000125269776635468;905
8;GBP/CHF;0.00116085318648315;906
8;GBP/CHF;0.00126982825286835;907
8;GBP/CHF;0.000756396141861445;908
8;GBP/CHF;0.000804911993112288;909
8;GBP/CHF;0.000853012981240275;910
8;GBP/CHF;-0.000496489126477211;911
8;GBP/CHF;-0.000497171406511137;912
8;GBP/CHF;-0.000343214976770008;913
8;GBP/CHF;0.000508692691201751;914
8;GBP/CHF;0.00122828679808929;915
8;GBP/CHF;0.00189093057032557;916
8;GBP/CHF;0.00147972164730912;917
8;GBP/CHF;0.0012519878058816;918
8;GBP/CHF;0.000373929028681759;919
8;GBP/CHF;0.000773092015932608;920
8;GBP/CHF;0.00118505513661558;921
8;GBP/CHF;0.00162425428511378;922
8;GBP/CHF;0.00344984894105828;923
8;GBP/CHF;0.0029598834740114;924
8;GBP/CHF;0.00238638778023567;925
8;GBP/CHF;0.00187416273861554;926
8;GBP/CHF;0.00177847682654167;927
8;GBP/CHF;-0.000965145049188699;928
8;GBP/CHF;-0.0012490251375457;929
8;GBP/CHF;-0.00202305967623925;930
8;GBP/CHF;-0.00153915652967532;931
8;GBP/CHF;-0.00326372365971404;932
8;GBP/CHF;-0.00216787588003998;933
8;GBP/CHF;-0.00165017770155049;934
8;GBP/CHF;-0.000316366675884882;935
8;GBP/CHF;1.33885835598279E-05;936
8;GBP/CHF;0.000832021879296449;937
8;GBP/CHF;-0.000597673835840433;938
8;GBP/CHF;-6.74138366960515E-06;939
8;GBP/CHF;-0.00121244706912768;940
8;GBP/CHF;-0.00437317154863223;941
8;GBP/CHF;-0.00284283856140895;942
8;GBP/CHF;-0.00105941492323404;943
8;GBP/CHF;-0.00302953761683379;944
8;GBP/CHF;-0.00286297897346814;945
8;GBP/CHF;-0.000548114487832389;946
8;GBP/CHF;-0.00140858172482132;947
8;GBP/CHF;-0.00159424246931779;948
8;GBP/CHF;-0.000601842309585221;949
8;GBP/CHF;-0.00229699223281161;950
8;GBP/CHF;-0.00171291617447394;951
8;GBP/CHF;-0.00227595920899422;952
8;GBP/CHF;-0.00490391857948816;953
8;GBP/CHF;-0.0046392257546028;954
8;GBP/CHF;-0.00228585060410867;955
8;GBP/CHF;-0.00237789767389655;956
8;GBP/CHF;-0.00169927872835115;957
8;GBP/CHF;-4.06970422372989E-05;958
8;GBP/CHF;0.000430939354470272;959
8;GBP/CHF;0.00045618989433593;960
8;GBP/CHF;0.000848314602716906;961
8;GBP/CHF;-0.000353094572510142;962
8;GBP/CHF;0.000808178114290164;963
8;GBP/CHF;0.000818609438777871;964
8;GBP/CHF;7.26703568842755E-05;965
8;GBP/CHF;-0.000230240347484823;966
8;GBP/CHF;0.00151585202560462;967
8;GBP/CHF;0.00158859724384581;968
8;GBP/CHF;0.00129174597510138;969
8;GBP/CHF;0.00134104854571942;970
8;GBP/CHF;0.000146547248851724;971
8;GBP/CHF;-0.000544942376073317;972
8;GBP/CHF;-0.00163333278012481;973
8;GBP/CHF;-0.00279720931094797;974
8;GBP/CHF;-0.0024437207937508;975
8;GBP/CHF;-0.00138601663513775;976
8;GBP/CHF;-0.00218768515944598;977
8;GBP/CHF;-0.0013129610413001;978
8;GBP/CHF;5.62801626531862E-06;979
8;GBP/CHF;0.000171333886836951;980
8;GBP/CHF;0.000363533107553537;981
8;GBP/CHF;0.00112700134653325;982
8;GBP/CHF;0.00153933186642828;983
8;GBP/CHF;0.00136992119104296;984
8;GBP/CHF;0.00131939797608975;985
8;GBP/CHF;0.00162012059111355;986
8;GBP/CHF;0.00165155089354746;987
8;GBP/CHF;0.000566201253954274;988
8;GBP/CHF;0.00083250075753277;989
8;GBP/CHF;0.000487495975775804;990
8;GBP/CHF;-0.000192052119328577;991
8;GBP/CHF;-0.000137805761974355;992
8;GBP/CHF;-0.000404265837791156;993
8;GBP/CHF;-0.00027293492789248;994
8;GBP/CHF;-0.000638163523811798;995
8;GBP/CHF;-0.000404189772193596;996
8;GBP/CHF;-0.000831631039256906;997
8;GBP/CHF;0.000440470477653878;998
8;GBP/CHF;0.000229791437347239;999
8;GBP/CHF;0.000329089639601608;1000
8;GBP/CHF;0.000480754388443669;1001
8;GBP/CHF;7.2696263233867E-05;1002
8;GBP/CHF;-0.00047815063602203;1003
8;GBP/CHF;-0.000927745745727766;1004
8;GBP/CHF;-0.00108833731710613;1005
8;GBP/CHF;-0.00106198768189341;1006
8;GBP/CHF;-0.000993468842557421;1007
8;GBP/CHF;-0.00129239124705191;1008
8;GBP/CHF;-0.00124138184470179;1009
8;GBP/CHF;-0.000614538948287574;1010
8;GBP/CHF;-0.000695223844257806;1011
8;GBP/CHF;0.000549890228152436;1012
8;GBP/CHF;1.54515541179558E-05;1013
8;GBP/CHF;0.000605522514571299;1014
8;GBP/CHF;0.000562698797801016;1015
8;GBP/CHF;0.00382309670712222;1016
8;GBP/CHF;0.00419605988601009;1017
8;GBP/CHF;0.00409857245768624;1018
8;GBP/CHF;0.00158030688592663;1019
8;GBP/CHF;0.00157719617301051;1020
8;GBP/CHF;-0.00130877947339965;1021
8;GBP/CHF;-0.00159761759057116;1022
8;GBP/CHF;-0.000878528190790925;1023
8;GBP/CHF;0.0015389170466927;1024
8;GBP/CHF;0.0018860036189559;1025
8;GBP/CHF;0.00160610156508804;1026
8;GBP/CHF;0.00150706024976335;1027
8;GBP/CHF;0.00205578507677055;1028
8;GBP/CHF;0.00241197502239249;1029
8;GBP/CHF;0.00224188269728119;1030
8;GBP/CHF;-0.000742755038562134;1031
8;GBP/CHF;-0.000928516353740162;1032
8;GBP/CHF;-0.00238778816870496;1033
8;GBP/CHF;-0.00323819086789455;1034
8;GBP/CHF;-0.0048702709448387;1035
8;GBP/CHF;-0.00191434154922686;1036
8;GBP/CHF;-0.0051422027467109;1037
8;GBP/CHF;-0.00426085398434625;1038
8;GBP/CHF;-0.00317591241569165;1039
8;GBP/CHF;-0.00264500794671849;1040
8;GBP/CHF;-0.00325310958713284;1041
8;GBP/CHF;0.00109620237395022;1042
8;GBP/CHF;-0.00120436572825914;1043
8;GBP/CHF;-0.00177474504643126;1044
8;GBP/CHF;-0.00167695327221567;1045
8;GBP/CHF;-0.00239293391645825;1046
8;GBP/CHF;-0.00352577100172205;1047
8;GBP/CHF;-0.00247248128246341;1048
8;GBP/CHF;-0.000986150319229029;1049
8;GBP/CHF;0.00232493173154792;1050
8;GBP/CHF;0.0047127680870473;1051
8;GBP/CHF;0.00516237942662803;1052
8;GBP/CHF;0.00702740378565836;1053
8;GBP/CHF;0.00521993125840054;1054
8;GBP/CHF;0.00527440735272459;1055
8;GBP/CHF;0.00382406506824371;1056
8;GBP/CHF;0.00153194604572345;1057
8;GBP/CHF;0.0021455974868904;1058
8;GBP/CHF;0.00242916845890466;1059
8;GBP/CHF;-0.00030773252580077;1060
8;GBP/CHF;-0.00182038374918546;1061
8;GBP/CHF;-0.000159320058160572;1062
8;GBP/CHF;-0.00168993098200124;1063
8;GBP/CHF;-0.00172893433246791;1064
8;GBP/CHF;-0.00214108316997125;1065
8;GBP/CHF;-0.000165052559186728;1066
8;GBP/CHF;0.000545317736091761;1067
8;GBP/CHF;-9.16055978706556E-05;1068
8;GBP/CHF;6.79477363646265E-05;1069
8;GBP/CHF;0.00111417812853487;1070
8;GBP/CHF;0.00126423370734962;1071
8;GBP/CHF;0.000743605545877953;1072
8;GBP/CHF;0.00184757223972786;1073
8;GBP/CHF;0.00156333873846233;1074
8;GBP/CHF;0.00100490601762091;1075
8;GBP/CHF;0.00134533506686186;1076
8;GBP/CHF;0.000339840136802696;1077
8;GBP/CHF;0.000111385758566075;1078
8;GBP/CHF;0.00147885367598679;1079
8;GBP/CHF;0.00188585103517743;1080
8;GBP/CHF;0.000329797099030995;1081
8;GBP/CHF;0.0006765827391445;1082
8;GBP/CHF;0.0006354985187338;1083
8;GBP/CHF;-0.000334833327831815;1084
8;GBP/CHF;-0.00107349443045955;1085
8;GBP/CHF;5.74194081542429E-05;1086
8;GBP/CHF;0.000488514345816206;1087
8;GBP/CHF;0.000524171360459383;1088
8;GBP/CHF;0.000415382977881168;1089
8;GBP/CHF;0.000142371170375455;1090
8;GBP/CHF;-0.000867145433790748;1091
8;GBP/CHF;-0.000761342304315577;1092
8;GBP/CHF;-0.00144169237078416;1093
8;GBP/CHF;-0.0026394543667641;1094
8;GBP/CHF;-0.00233864446725581;1095
8;GBP/CHF;-0.00166395930736017;1096
8;GBP/CHF;-0.00281154789804639;1097
8;GBP/CHF;-0.00190752311385418;1098
8;GBP/CHF;-0.000283738053603438;1099
8;GBP/CHF;-0.000915905014518946;1100
8;GBP/CHF;-0.00099226171594075;1101
8;GBP/CHF;-0.000544760158326803;1102
8;GBP/CHF;-0.000898489752410492;1103
8;GBP/CHF;-0.00173887526663809;1104
8;GBP/CHF;-0.000469289284155191;1105
8;GBP/CHF;-0.000620056162322682;1106
8;GBP/CHF;-0.000178658676127701;1107
8;GBP/CHF;0.000287398465973654;1108
8;GBP/CHF;0.000573412087736467;1109
8;GBP/CHF;0.000196483518504573;1110
8;GBP/CHF;-0.000923188311729319;1111
8;GBP/CHF;0.00113067027215568;1112
8;GBP/CHF;0.000140758218738178;1113
8;GBP/CHF;-0.000496582763134171;1114
8;GBP/CHF;-0.00139768833054698;1115
8;GBP/CHF;-0.000518009533730856;1116
8;GBP/CHF;-0.0033577052817276;1117
8;GBP/CHF;-0.000799875431449734;1118
8;GBP/CHF;-5.44759314038501E-05;1119
8;GBP/CHF;0.000378339483239772;1120
8;GBP/CHF;0.00282081099004853;1121
8;GBP/CHF;0.00397326101511264;1122
8;GBP/CHF;0.00167009477589654;1123
8;GBP/CHF;0.00266580875549981;1124
8;GBP/CHF;0.00280391740808392;1125
8;GBP/CHF;0.000758063973427919;1126
8;GBP/CHF;-0.000184190768166013;1127
8;GBP/CHF;0.000688206670062916;1128
8;GBP/CHF;-0.000651718239337277;1129
8;GBP/CHF;0.000988710358370365;1130
8;GBP/CHF;0.000253889440421698;1131
8;GBP/CHF;0.000944085849786238;1132
8;GBP/CHF;0.00156009286841264;1133
8;GBP/CHF;0.00151555539844154;1134
8;GBP/CHF;-0.00118621122899096;1135
8;GBP/CHF;0.000814681894093246;1136
8;GBP/CHF;0.00128523220713345;1137
8;GBP/CHF;0.000290568235264135;1138
8;GBP/CHF;0.000460652794818632;1139
8;GBP/CHF;0.00215092043272807;1140
8;GBP/CHF;0.00108474842187247;1141
8;GBP/CHF;0.000295738544388287;1142
8;GBP/CHF;-0.000337208107078638;1143
8;GBP/CHF;-0.000220597073077731;1144
8;GBP/CHF;-0.00125062973080012;1145
8;GBP/CHF;-0.000748559692852492;1146
8;GBP/CHF;0.000199649945471158;1147
8;GBP/CHF;0.00173887413601503;1148
8;GBP/CHF;0.00139347681479012;1149
8;GBP/CHF;0.00171487932310101;1150
8;GBP/CHF;0.00124650167724227;1151
8;GBP/CHF;0.000406887181397061;1152
8;GBP/CHF;-0.00031033080950724;1153
8;GBP/CHF;0.00072974183306342;1154
8;GBP/CHF;0.00110575292119912;1155
8;GBP/CHF;0.000360744319940892;1156
8;GBP/CHF;0.000733850847000603;1157
8;GBP/CHF;0.00094853243870674;1158
8;GBP/CHF;-0.000126189390030665;1159
8;GBP/CHF;-0.00161375212915634;1160
8;GBP/CHF;-0.00196815660509737;1161
8;GBP/CHF;-0.0011872140524463;1162
8;GBP/CHF;-0.000737509536761327;1163
8;GBP/CHF;-0.00104786380714448;1164
8;GBP/CHF;0.00181032433272741;1165
8;GBP/CHF;0.00283536001576001;1166
8;GBP/CHF;0.00235796496666256;1167
8;GBP/CHF;0.00119792113120884;1168
8;GBP/CHF;0.00103429031345774;1169
8;GBP/CHF;-0.000428640384361778;1170
8;GBP/CHF;-0.000844083516988398;1171
8;GBP/CHF;-0.00196735584756838;1172
8;GBP/CHF;-0.00140894403315427;1173
8;GBP/CHF;-0.000790205753553244;1174
8;GBP/CHF;5.43090869227433E-05;1175
8;GBP/CHF;2.85561792317379E-05;1176
8;GBP/CHF;0.000536865520151934;1177
8;GBP/CHF;-0.000497806160436125;1178
8;GBP/CHF;-0.000545851867215053;1179
8;GBP/CHF;-0.00264287315043216;1180
8;GBP/CHF;-0.00259754575017384;1181
8;GBP/CHF;-0.00225247331313532;1182
8;GBP/CHF;-0.000771657624775131;1183
8;GBP/CHF;-0.000506242787823531;1184
8;GBP/CHF;0.000369694763590535;1185
8;GBP/CHF;0.000287689620170437;1186
8;GBP/CHF;0.000770555072232387;1187
8;GBP/CHF;-8.91238115863194E-05;1188
8;GBP/CHF;0.000900770046324497;1189
8;GBP/CHF;0.00221072166476877;1190
8;GBP/CHF;0.00239685934641602;1191
8;GBP/CHF;0.000935501459470937;1192
8;GBP/CHF;0.00215657940446683;1193
8;GBP/CHF;0.00147698414001205;1194
8;GBP/CHF;0.00106317312219521;1195
8;GBP/CHF;0.00214270141422996;1196
8;GBP/CHF;0.00311397804544907;1197
8;GBP/CHF;0.00275009638462073;1198
8;GBP/CHF;0.00193998395564416;1199
8;GBP/CHF;0.00183936542648259;1200
8;GBP/CHF;0.00145631548832002;1201
8;GBP/CHF;0.00169224421280496;1202
8;GBP/CHF;0.000938552042644109;1203
8;GBP/CHF;0.000958977859570247;1204
8;GBP/CHF;0.000906716114850648;1205
8;GBP/CHF;0.000232136212623498;1206
8;GBP/CHF;-0.000203915053066681;1207
8;GBP/CHF;-0.00138064775548424;1208
8;GBP/CHF;-0.00118031549915944;1209
8;GBP/CHF;-0.000853187222311583;1210
8;GBP/CHF;0.000163933889180077;1211
8;GBP/CHF;-0.000170755469878095;1212
8;GBP/CHF;0.000463505837173064;1213
8;GBP/CHF;-0.000235020020530754;1214
8;GBP/CHF;-0.000791007687620734;1215
8;GBP/CHF;-0.00172602876231613;1216
8;GBP/CHF;-0.000868034278301796;1217
8;GBP/CHF;-8.83315391406969E-05;1218
8;GBP/CHF;-0.00101306965901281;1219
8;GBP/CHF;0.00103972901142191;1220
8;GBP/CHF;0.0012031038215882;1221
8;GBP/CHF;0.000807968405610382;1222
8;GBP/CHF;0.00146446540703141;1223
8;GBP/CHF;0.00266843241059574;1224
8;GBP/CHF;0.00104897559053307;1225
8;GBP/CHF;0.000980694579142873;1226
8;GBP/CHF;0.00145385534410031;1227
8;GBP/CHF;0.00129412566861435;1228
8;GBP/CHF;0.00133488347158659;1229
8;GBP/CHF;0.000852975925868893;1230
8;GBP/CHF;-0.000107694509185215;1231
8;GBP/CHF;-0.000355503768025608;1232
8;GBP/CHF;-0.000518234328152595;1233
8;GBP/CHF;0.00036636223885205;1234
8;GBP/CHF;-2.11808313674226E-05;1235
8;GBP/CHF;0.000923488866546172;1236
8;GBP/CHF;0.000511831401593329;1237
8;GBP/CHF;0.00112070994153252;1238
8;GBP/CHF;0.0011673441221906;1239
8;GBP/CHF;0.00209657673614728;1240
8;GBP/CHF;0.00264327979916126;1241
8;GBP/CHF;0.00228585955494534;1242
8;GBP/CHF;0.00182009439297982;1243
8;GBP/CHF;-4.3357015630523E-05;1244
8;GBP/CHF;-0.000628508401470631;1245
8;GBP/CHF;-0.0014027693259726;1246
8;GBP/CHF;-0.00108568563219213;1247
8;GBP/CHF;-0.00128112035162427;1248
8;GBP/CHF;-0.000264286809327179;1249
8;GBP/CHF;0.00118973876612345;1250
8;GBP/CHF;0.0016691000723463;1251
8;GBP/CHF;0.00157213206869695;1252
8;GBP/CHF;0.00171502077036018;1253
8;GBP/CHF;0.00255065310531814;1254
8;GBP/CHF;0.000493208845870111;1255
8;GBP/CHF;-0.00228311483770036;1256
8;GBP/CHF;-0.00113820114330211;1257
8;GBP/CHF;-0.00118535111080445;1258
8;GBP/CHF;-0.0022758546411913;1259
8;GBP/CHF;-0.00152399380860464;1260
8;GBP/CHF;0.00108051103298774;1261
8;GBP/CHF;0.00070935311538487;1262
8;GBP/CHF;0.000187146455746323;1263
8;GBP/CHF;0.00116337285976154;1264
8;GBP/CHF;9.97741973116296E-05;1265
8;GBP/CHF;7.34888856330239E-05;1266
8;GBP/CHF;-0.000914366768057475;1267
8;GBP/CHF;-3.00886634986938E-05;1268
8;GBP/CHF;-1.95954839098329E-05;1269
8;GBP/CHF;0.000775489254124656;1270
8;GBP/CHF;-0.000881018144257534;1271
8;GBP/CHF;-0.000868377770471425;1272
8;GBP/CHF;-0.00239671990531443;1273
8;GBP/CHF;-0.00285788695998453;1274
8;GBP/CHF;-0.00329420297551022;1275
8;GBP/CHF;-0.00176977662734409;1276
8;GBP/CHF;-0.00339213522469493;1277
8;GBP/CHF;-0.00344427397089327;1278
8;GBP/CHF;-0.00383058894709073;1279
8;GBP/CHF;-0.00458989814865548;1280
8;GBP/CHF;-0.00456015371093257;1281
8;GBP/CHF;-0.000837204264437052;1282
8;GBP/CHF;0.000633467348224286;1283
8;GBP/CHF;-0.000928842446413076;1284
8;GBP/CHF;0.000834643621339634;1285
8;GBP/CHF;-0.000405759747032798;1286
8;GBP/CHF;-0.001256985015649;1287
8;GBP/CHF;-0.00171945753577538;1288
8;GBP/CHF;0.00141590878848524;1289
8;GBP/CHF;0.0014654057287118;1290
8;GBP/CHF;0.00167219607064289;1291
8;GBP/CHF;0.000604447072942603;1292
8;GBP/CHF;0.000672010475770884;1293
8;GBP/CHF;-5.39101725020822E-05;1294
8;GBP/CHF;-5.37844055358339E-05;1295
8;GBP/CHF;0.000428012706686426;1296
8;GBP/CHF;-0.000684544548566963;1297
8;GBP/CHF;-0.000776327085813947;1298
8;GBP/CHF;-0.00198181697260406;1299
8;GBP/CHF;-0.00181154418322729;1300
8;GBP/CHF;0.000122698976750166;1301
8;GBP/CHF;0.0016080094464617;1302
8;GBP/CHF;0.00047508050315766;1303
8;GBP/CHF;0.00274732566146451;1304
8;GBP/CHF;0.00164741235733205;1305
8;GBP/CHF;4.71718776930826E-05;1306
8;GBP/CHF;-0.000384258987336462;1307
8;GBP/CHF;-0.000368055095617494;1308
8;GBP/CHF;-0.00149472187980022;1309
8;GBP/CHF;0.000483936249019666;1310
8;GBP/CHF;0.000861957274921157;1311
8;GBP/CHF;0.00206494678252343;1312
8;GBP/CHF;0.00369962208495627;1313
8;GBP/CHF;0.00365961953245432;1314
8;GBP/CHF;0.00184298612174278;1315
8;GBP/CHF;0.00134532953531492;1316
8;GBP/CHF;4.27381820536538E-05;1317
8;GBP/CHF;-0.000564532073143012;1318
8;GBP/CHF;-0.000148828316138311;1319
8;GBP/CHF;-9.71374414064891E-05;1320
8;GBP/CHF;0.000177186280319372;1321
8;GBP/CHF;0.000556098602295908;1322
8;GBP/CHF;-0.000456517584583729;1323
8;GBP/CHF;-0.000541765861280326;1324
8;GBP/CHF;-0.00117603817574519;1325
8;GBP/CHF;-0.00109761258264005;1326
8;GBP/CHF;-0.000514704695731735;1327
8;GBP/CHF;0.000120237271830659;1328
8;GBP/CHF;-0.000771918130720647;1329
8;GBP/CHF;-0.000238452498506865;1330
8;GBP/CHF;0.00103901193894562;1331
8;GBP/CHF;0.000951031741471468;1332
8;GBP/CHF;0.000470900764815653;1333
8;GBP/CHF;0.00146516895040923;1334
8;GBP/CHF;0.000714506292669689;1335
8;GBP/CHF;-0.0011608949684973;1336
8;GBP/CHF;-0.00105520049720677;1337
8;GBP/CHF;0.000541564012876192;1338
8;GBP/CHF;3.98453999804312E-05;1339
8;GBP/CHF;0.000938086773768545;1340
8;GBP/CHF;0.00192004034673506;1341
8;GBP/CHF;0.000939560135499967;1342
8;GBP/CHF;-0.00139614062920471;1343
8;GBP/CHF;-0.00114539459473489;1344
8;GBP/CHF;-0.000852624105632211;1345
8;GBP/CHF;-0.0022069594351666;1346
8;GBP/CHF;-0.0014906868152456;1347
8;GBP/CHF;-0.00077628346632976;1348
8;GBP/CHF;-0.00180190464518268;1349
8;GBP/CHF;-0.00112327127520725;1350
8;GBP/CHF;0.000646996153819171;1351
8;GBP/CHF;-0.00168551470253809;1352
8;GBP/CHF;-4.03005074518653E-06;1353
8;GBP/CHF;0.000520905485010387;1354
8;GBP/CHF;-0.00122955484407056;1355
8;GBP/CHF;-0.00236773534935279;1356
8;GBP/CHF;-0.000816236501106653;1357
8;GBP/CHF;-0.00217323707395519;1358
8;GBP/CHF;-0.00218284494396007;1359
8;GBP/CHF;-0.000631852209518331;1360
8;GBP/CHF;-0.00010016920683166;1361
8;GBP/CHF;-0.000202204589897132;1362
8;GBP/CHF;0.000798290632946896;1363
8;GBP/CHF;0.000760954891119487;1364
8;GBP/CHF;0.000274904825338527;1365
8;GBP/CHF;0.000539508482314076;1366
8;GBP/CHF;5.02309608632883E-05;1367
8;GBP/CHF;-0.000514661352602018;1368
8;GBP/CHF;0.000228669648045461;1369
8;GBP/CHF;3.1123034152678E-05;1370
8;GBP/CHF;-0.000406862736327618;1371
8;GBP/CHF;0.000203509884396298;1372
8;GBP/CHF;-0.000149228428154472;1373
8;GBP/CHF;-0.000807600116311961;1374
8;GBP/CHF;0.000108216327072734;1375
8;GBP/CHF;0.00131760866849759;1376
8;GBP/CHF;0.00212041858309002;1377
8;GBP/CHF;0.00146843736337325;1378
8;GBP/CHF;0.0011615896836174;1379
8;GBP/CHF;0.000588752028701096;1380
8;GBP/CHF;-0.00124726091991482;1381
8;GBP/CHF;-0.00244613387140932;1382
8;GBP/CHF;-0.00160283821556368;1383
8;GBP/CHF;-0.000617862378310574;1384
8;GBP/CHF;-0.00106669803706575;1385
8;GBP/CHF;-0.000270703803433291;1386
8;GBP/CHF;0.000226699677774808;1387
8;GBP/CHF;-0.00145840794533062;1388
8;GBP/CHF;-0.00204972259813335;1389
8;GBP/CHF;-0.00155408761925019;1390
8;GBP/CHF;-0.000929946930865814;1391
8;GBP/CHF;-0.000614176813768714;1392
8;GBP/CHF;0.000967553428953901;1393
8;GBP/CHF;0.000881804346894275;1394
8;GBP/CHF;0.00108586701609826;1395
8;GBP/CHF;0.000710407940654756;1396
8;GBP/CHF;0.000432294454679766;1397
8;GBP/CHF;0.000254415745498155;1398
8;GBP/CHF;0.000911831932788007;1399
8;GBP/CHF;0.000963746235391558;1400
8;GBP/CHF;0.000593014244374602;1401
8;GBP/CHF;0.000554631149657705;1402
8;GBP/CHF;0.00062039547321791;1403
8;GBP/CHF;0.000196497615486531;1404
8;GBP/CHF;-0.000940648801558714;1405
8;GBP/CHF;6.89354547947954E-05;1406
8;GBP/CHF;0.000309868841353166;1407
8;GBP/CHF;0.000956004727501146;1408
8;GBP/CHF;0.00252100502309132;1409
8;GBP/CHF;0.00346546490724477;1410
8;GBP/CHF;0.0026967846987221;1411
8;GBP/CHF;0.00258465052930742;1412
8;GBP/CHF;0.0021734823588155;1413
8;GBP/CHF;0.000207208881726645;1414
