8;NZD/JPY;0.00346718454260319;5
8;NZD/JPY;0.000626217272722555;6
8;NZD/JPY;0.00113576868208766;7
8;NZD/JPY;7.41908568277452E-05;8
8;NZD/JPY;0.00187211026679372;9
8;NZD/JPY;0.000600625426044024;10
8;NZD/JPY;-0.000982950709127513;11
8;NZD/JPY;-0.0001730712757781;12
8;NZD/JPY;0.000941221738638453;13
8;NZD/JPY;0.000721419187594928;14
8;NZD/JPY;0.0012441971048932;15
8;NZD/JPY;0.000756722009367237;16
8;NZD/JPY;2.07764625950466E-05;17
8;NZD/JPY;-0.000566052281351457;18
8;NZD/JPY;-0.00119301392728331;19
8;NZD/JPY;-0.00104978639699715;20
8;NZD/JPY;-0.000617659286479161;21
8;NZD/JPY;-0.000825792701316661;22
8;NZD/JPY;-0.00090205666121534;23
8;NZD/JPY;5.55394854596297E-05;24
8;NZD/JPY;-0.000222199099340277;25
8;NZD/JPY;0.000832351898469648;26
8;NZD/JPY;0.00210973636535969;27
8;NZD/JPY;0.00254954090485492;28
8;NZD/JPY;0.00140877315337126;29
8;NZD/JPY;0.00197490932333999;30
8;NZD/JPY;0.0010310012935792;31
8;NZD/JPY;-0.000224899622092325;32
8;NZD/JPY;-0.000853154338109588;33
8;NZD/JPY;-4.59521867519248E-06;34
8;NZD/JPY;-0.0016324553726032;35
8;NZD/JPY;-0.00236907765623966;36
8;NZD/JPY;-0.00249538247146964;37
8;NZD/JPY;-0.00201970448302334;38
8;NZD/JPY;-0.0025039486873096;39
8;NZD/JPY;0.000334944610315357;40
8;NZD/JPY;0.00215089372853511;41
8;NZD/JPY;0.0016116981011093;42
8;NZD/JPY;0.00161831563562382;43
8;NZD/JPY;0.00219582827547784;44
8;NZD/JPY;-4.61611254103135E-06;45
8;NZD/JPY;-0.000321968677595134;46
8;NZD/JPY;-0.000785701265838996;47
8;NZD/JPY;-0.00052718012442247;48
8;NZD/JPY;-0.0029487297549389;49
8;NZD/JPY;-0.00270247691237029;50
8;NZD/JPY;-0.00569632901687779;51
8;NZD/JPY;-0.00548571213820225;52
8;NZD/JPY;-0.00387835119656323;53
8;NZD/JPY;-0.00256897419394554;54
8;NZD/JPY;-0.00252615112006884;55
8;NZD/JPY;0.00135000099553715;56
8;NZD/JPY;0.00203388774162376;57
8;NZD/JPY;0.00142541883889814;58
8;NZD/JPY;0.0018554188237932;59
8;NZD/JPY;0.000132632281872739;60
8;NZD/JPY;-0.0025566411563707;61
8;NZD/JPY;-0.00325847636042097;62
8;NZD/JPY;-0.00399840508184689;63
8;NZD/JPY;-0.00309168242209898;64
8;NZD/JPY;-0.00219018519749894;65
8;NZD/JPY;-0.00357203860619916;66
8;NZD/JPY;-0.00169524126012599;67
8;NZD/JPY;-0.00215643936149294;68
8;NZD/JPY;-0.00410729579240575;69
8;NZD/JPY;-0.00455893992393704;70
8;NZD/JPY;-0.000271828207611488;71
8;NZD/JPY;-8.45364696872533E-05;72
8;NZD/JPY;0.00207751606554077;73
8;NZD/JPY;0.00170557640893712;74
8;NZD/JPY;0.00337052523694194;75
8;NZD/JPY;0.00266825023425868;76
8;NZD/JPY;0.00164085224098206;77
8;NZD/JPY;0.00155596450512635;78
8;NZD/JPY;0.00259442398343777;79
8;NZD/JPY;0.00240550054826712;80
8;NZD/JPY;0.00278916004015566;81
8;NZD/JPY;0.00330786367622031;82
8;NZD/JPY;0.000419677571437373;83
8;NZD/JPY;0.000697890422576229;84
8;NZD/JPY;0.000887845824149067;85
8;NZD/JPY;0.000931336379907561;86
8;NZD/JPY;0.000682305440237464;87
8;NZD/JPY;0.00175684851824344;88
8;NZD/JPY;0.00289595903855123;89
8;NZD/JPY;0.00202205222065676;90
8;NZD/JPY;0.000481647702075689;91
8;NZD/JPY;-0.000423225843030371;92
8;NZD/JPY;0.000384678653998137;93
8;NZD/JPY;-0.000891839753120418;94
8;NZD/JPY;-0.000446014809429223;95
8;NZD/JPY;-0.000293549595055359;96
8;NZD/JPY;0.000185859407215145;97
8;NZD/JPY;-0.000694836379636404;98
8;NZD/JPY;-0.000232390300965561;99
8;NZD/JPY;0.000617114250900346;100
8;NZD/JPY;0.000748287027843447;101
8;NZD/JPY;-0.000124671418410669;102
8;NZD/JPY;-0.000411936895684406;103
8;NZD/JPY;-0.000705866477034916;104
8;NZD/JPY;-0.000866376490546527;105
8;NZD/JPY;-0.00184645283819468;106
8;NZD/JPY;-0.00179396717926881;107
8;NZD/JPY;-5.89174511858089E-05;108
8;NZD/JPY;0.000244982599179239;109
8;NZD/JPY;0.000138778636011461;110
8;NZD/JPY;0.000768877938431132;111
8;NZD/JPY;0.00152318617027582;112
8;NZD/JPY;-0.00018865256315526;113
8;NZD/JPY;0.000322260124178269;114
8;NZD/JPY;0.000797870278016938;115
8;NZD/JPY;0.000613450549989291;116
8;NZD/JPY;0.000576440469864682;117
8;NZD/JPY;0.000701829478693031;118
8;NZD/JPY;0.000380397888644641;119
8;NZD/JPY;-0.00118857814817103;120
8;NZD/JPY;-0.000533430779331755;121
8;NZD/JPY;0.000143263958214657;122
8;NZD/JPY;0.00100604659601821;123
8;NZD/JPY;0.000372651262971813;124
8;NZD/JPY;0.00128223632097262;125
8;NZD/JPY;0.00172905663108043;126
8;NZD/JPY;-0.00110649700146671;127
8;NZD/JPY;-0.0016229603994175;128
8;NZD/JPY;-0.00112004331446433;129
8;NZD/JPY;-0.00150146092436246;130
8;NZD/JPY;-0.00112992668295635;131
8;NZD/JPY;0.00225126353659413;132
8;NZD/JPY;0.00227453707759585;133
8;NZD/JPY;0.00214767478800002;134
8;NZD/JPY;0.00324251759556447;135
8;NZD/JPY;0.0019958498233486;136
8;NZD/JPY;0.00236697391816386;137
8;NZD/JPY;0.00369848316652101;138
8;NZD/JPY;0.00338856091872225;139
8;NZD/JPY;0.00260525418968865;140
8;NZD/JPY;0.0027955063484789;141
8;NZD/JPY;0.00161748862638519;142
8;NZD/JPY;-0.000554677290598845;143
8;NZD/JPY;9.15950142525254E-05;144
8;NZD/JPY;0.000270106366807561;145
8;NZD/JPY;0.000747587503053169;146
8;NZD/JPY;0.000388633732235964;147
8;NZD/JPY;-0.000392871013104536;148
8;NZD/JPY;-0.000316180242728683;149
8;NZD/JPY;-0.000563516161551686;150
8;NZD/JPY;-7.07524299996728E-05;151
8;NZD/JPY;0.000950109727733043;152
8;NZD/JPY;0.00119688068572401;153
8;NZD/JPY;-0.000788040283651609;154
8;NZD/JPY;-0.000721599330402916;155
8;NZD/JPY;-0.00201205016696851;156
8;NZD/JPY;-0.00339502120487827;157
8;NZD/JPY;-0.00163431107271361;158
8;NZD/JPY;0.000576975418977573;159
8;NZD/JPY;0.00081333613911172;160
8;NZD/JPY;0.000317950439057446;161
8;NZD/JPY;0.00226211908229351;162
8;NZD/JPY;0.00162516675247796;163
8;NZD/JPY;0.000435650093150252;164
8;NZD/JPY;0.000640982166213928;165
8;NZD/JPY;0.00120270741269609;166
8;NZD/JPY;-0.00029510508462452;167
8;NZD/JPY;-0.00018068604743173;168
8;NZD/JPY;6.41209142722668E-05;169
8;NZD/JPY;-0.000526370296164693;170
8;NZD/JPY;0.000221847416897609;171
8;NZD/JPY;-6.4111371158515E-05;172
8;NZD/JPY;-0.000206043974267758;173
8;NZD/JPY;-9.61890821033165E-05;174
8;NZD/JPY;0.000174084350272243;175
8;NZD/JPY;-0.000281353516711802;176
8;NZD/JPY;0.000452918428095152;177
8;NZD/JPY;0.00082290532688665;178
8;NZD/JPY;0.00157214319851073;179
8;NZD/JPY;0.00157360812706241;180
8;NZD/JPY;0.00066043994085114;181
8;NZD/JPY;0.0022380366340505;182
8;NZD/JPY;0.00199966484714733;183
8;NZD/JPY;0.00119872781966093;184
8;NZD/JPY;0.0015523073910726;185
8;NZD/JPY;0.00317109486573545;186
8;NZD/JPY;0.00157315434712753;187
8;NZD/JPY;0.00134377492614623;188
8;NZD/JPY;0.0019693739602536;189
8;NZD/JPY;0.00174156134342173;190
8;NZD/JPY;0.00131607399926283;191
8;NZD/JPY;0.00113557922155497;192
8;NZD/JPY;0.000298141156651671;193
8;NZD/JPY;-0.000367223202397528;194
8;NZD/JPY;-0.00155230820324392;195
8;NZD/JPY;-0.00135425286737537;196
8;NZD/JPY;-0.00253934634503351;197
8;NZD/JPY;-0.00128088886260102;198
8;NZD/JPY;-0.000833226922871525;199
8;NZD/JPY;-0.000191507232764716;200
8;NZD/JPY;-0.000690722625966693;201
8;NZD/JPY;0.000826805870257194;202
8;NZD/JPY;0.000108181206153517;203
8;NZD/JPY;-0.000633414824098003;204
8;NZD/JPY;-3.15599639969813E-05;205
8;NZD/JPY;0.000499718886876785;206
8;NZD/JPY;-0.000946491304386023;207
8;NZD/JPY;-0.000932729014590421;208
8;NZD/JPY;0.00025270476393681;209
8;NZD/JPY;-0.00117350130632312;210
8;NZD/JPY;0.000150571109820498;211
8;NZD/JPY;0.000766552246600103;212
8;NZD/JPY;-0.000101892369899419;213
8;NZD/JPY;-0.00184166075559214;214
8;NZD/JPY;0.000104288291468272;215
8;NZD/JPY;-0.00186199019113021;216
8;NZD/JPY;-0.00180380969556472;217
8;NZD/JPY;-0.000880698717467688;218
8;NZD/JPY;0.000794922633147645;219
8;NZD/JPY;0.000568095396420817;220
8;NZD/JPY;-0.000481287903803304;221
8;NZD/JPY;-0.000933134743859983;222
8;NZD/JPY;-0.00078408232989741;223
8;NZD/JPY;-0.000999843016743952;224
8;NZD/JPY;-0.000983303972237303;225
8;NZD/JPY;0.000472217711853765;226
8;NZD/JPY;0.000796850085374085;227
8;NZD/JPY;0.000346834085779918;228
8;NZD/JPY;0.000127530691392713;229
8;NZD/JPY;-0.000400141092221284;230
8;NZD/JPY;-0.000681439403570134;231
8;NZD/JPY;0.000154448931643572;232
8;NZD/JPY;0.00051912597451858;233
8;NZD/JPY;-9.10850522404081E-05;234
8;NZD/JPY;0.000370612582959791;235
8;NZD/JPY;0.00014329499478567;236
8;NZD/JPY;0.000473958053167982;237
8;NZD/JPY;0.000957297806805028;238
8;NZD/JPY;0.000470917653455898;239
8;NZD/JPY;-0.000691758756357893;240
8;NZD/JPY;0.000669621948995654;241
8;NZD/JPY;-0.000685219679422014;242
8;NZD/JPY;-0.00181640663587956;243
8;NZD/JPY;-0.000796886371077719;244
8;NZD/JPY;-0.000127690628197372;245
8;NZD/JPY;-0.00144874607905886;246
8;NZD/JPY;-0.000904355309517721;247
8;NZD/JPY;1.59852935384746E-05;248
8;NZD/JPY;-0.000626071572596827;249
8;NZD/JPY;-0.000490999544361785;250
8;NZD/JPY;-0.000324389841414965;251
8;NZD/JPY;6.61998442357747E-05;252
8;NZD/JPY;0.000517688934673214;253
8;NZD/JPY;0.000705903242879961;254
8;NZD/JPY;0.00092162907896925;255
8;NZD/JPY;0.00115125616386722;256
8;NZD/JPY;0.00112205769161945;257
8;NZD/JPY;0.000970186339780948;258
8;NZD/JPY;0.00119593376302616;259
8;NZD/JPY;0.0013926116597231;260
8;NZD/JPY;0.00105197771301491;261
8;NZD/JPY;0.000826695475689958;262
8;NZD/JPY;0.000330649711257505;263
8;NZD/JPY;0.000832467382937501;264
8;NZD/JPY;0.000474083660670166;265
8;NZD/JPY;0.00119263357642398;266
8;NZD/JPY;0.00121906942024887;267
8;NZD/JPY;0.000461090094154359;268
8;NZD/JPY;-0.000637612885304892;269
8;NZD/JPY;-0.00112608835841879;270
8;NZD/JPY;-0.00198336784727054;271
8;NZD/JPY;-0.00211613507786801;272
8;NZD/JPY;-0.001345555584412;273
8;NZD/JPY;-0.00111276672619424;274
8;NZD/JPY;-0.000569978869655472;275
8;NZD/JPY;-0.00113604977135628;276
8;NZD/JPY;-0.00053653467361387;277
8;NZD/JPY;-0.000188738253397336;278
8;NZD/JPY;0.000375398971504435;279
8;NZD/JPY;0.000340820095428427;280
8;NZD/JPY;0.00152387754771742;281
8;NZD/JPY;0.0012074480614443;282
8;NZD/JPY;0.000658672349680258;283
8;NZD/JPY;0.000685274099062805;284
8;NZD/JPY;0.000233693921619559;285
8;NZD/JPY;-0.00030157881057944;286
8;NZD/JPY;0.000316541623461579;287
8;NZD/JPY;-0.00136974369297583;288
8;NZD/JPY;-0.00108344718553279;289
8;NZD/JPY;-0.0012282396359489;290
8;NZD/JPY;-0.00114696959927967;291
8;NZD/JPY;-0.00187259847129664;292
8;NZD/JPY;3.19612812587763E-05;293
8;NZD/JPY;-0.000849044959784037;294
8;NZD/JPY;-0.000180321052142565;295
8;NZD/JPY;-0.00139015886877258;296
8;NZD/JPY;-0.00203768817258834;297
8;NZD/JPY;-0.00207664740513818;298
8;NZD/JPY;-0.00224257563537332;299
8;NZD/JPY;-0.00208661615519785;300
8;NZD/JPY;-0.000356537085134706;301
8;NZD/JPY;0.000648626837880352;302
8;NZD/JPY;0.000925107219624685;303
8;NZD/JPY;0.00161718497282452;304
8;NZD/JPY;0.00088183462861252;305
8;NZD/JPY;0.000480600867084697;306
8;NZD/JPY;-2.7558331845916E-05;307
8;NZD/JPY;-7.11870447095775E-05;308
8;NZD/JPY;-2.2944068097963E-06;309
8;NZD/JPY;0.000424562831196742;310
8;NZD/JPY;0.000142348760457687;311
8;NZD/JPY;0.000185945090727716;312
8;NZD/JPY;0.000676400591982346;313
8;NZD/JPY;-0.00120128774290189;314
8;NZD/JPY;-0.00190031200980357;315
8;NZD/JPY;-0.00198825302545735;316
8;NZD/JPY;-0.00231013674723131;317
8;NZD/JPY;-0.00328407782693361;318
8;NZD/JPY;-0.00072610469515183;319
8;NZD/JPY;-0.000333549600149607;320
8;NZD/JPY;0.000125136147571769;321
8;NZD/JPY;0.000762223415095896;322
8;NZD/JPY;0.000914706520827374;323
8;NZD/JPY;0.000709946343294934;324
8;NZD/JPY;0.000463113252822919;325
8;NZD/JPY;0.000684544094009874;326
8;NZD/JPY;-0.00030315132705332;327
8;NZD/JPY;0.000381823031129949;328
8;NZD/JPY;-0.000608040233671833;329
8;NZD/JPY;9.25133566323884E-06;330
8;NZD/JPY;-0.00032810377283923;331
8;NZD/JPY;0.000358640732401006;332
8;NZD/JPY;0.000809825125461238;333
8;NZD/JPY;0.00117510914587565;334
8;NZD/JPY;0.00154129583628538;335
8;NZD/JPY;0.00144699424978042;336
8;NZD/JPY;0.00168048870831633;337
8;NZD/JPY;0.00104262591444385;338
8;NZD/JPY;0.000381749724954654;339
8;NZD/JPY;-0.000229634332592703;340
8;NZD/JPY;-0.000119418070123446;341
8;NZD/JPY;-0.000321193071614083;342
8;NZD/JPY;-0.000176450716961731;343
8;NZD/JPY;0.000955771677817067;344
8;NZD/JPY;0.000493388276956449;345
8;NZD/JPY;0.00161983108589535;346
8;NZD/JPY;0.00318669224809739;347
8;NZD/JPY;0.00266901392214263;348
8;NZD/JPY;0.00174160610160066;349
8;NZD/JPY;0.00229029706915656;350
8;NZD/JPY;0.00120179153123723;351
8;NZD/JPY;-0.000398118119154786;352
8;NZD/JPY;-6.33512833931491E-05;353
8;NZD/JPY;0.000360085022958855;354
8;NZD/JPY;0.000181190205473404;355
8;NZD/JPY;0.000201483980388441;356
8;NZD/JPY;0.000298662860668959;357
8;NZD/JPY;0.000203557754462333;358
8;NZD/JPY;0.000454275981390629;359
8;NZD/JPY;0.000682517386287843;360
8;NZD/JPY;0.000990877620031332;361
8;NZD/JPY;0.000580211156629388;362
8;NZD/JPY;0.000638729404741618;363
8;NZD/JPY;0.000338340857520792;364
8;NZD/JPY;0.000360656944014314;365
8;NZD/JPY;-0.000175697451297612;366
8;NZD/JPY;0.000288350034742074;367
8;NZD/JPY;0.000629957211302108;368
8;NZD/JPY;-5.18417926639032E-05;369
8;NZD/JPY;-0.000252391555844314;370
8;NZD/JPY;4.50653449405407E-05;371
8;NZD/JPY;-0.000328932620442962;372
8;NZD/JPY;-0.00159447854328834;373
8;NZD/JPY;-0.000722674679702715;374
8;NZD/JPY;0.00042797628674923;375
8;NZD/JPY;0.00036015766626418;376
8;NZD/JPY;0.00119597950952052;377
8;NZD/JPY;0.00166859296107501;378
8;NZD/JPY;0.00167172684793459;379
8;NZD/JPY;-4.95082928918569E-05;380
8;NZD/JPY;-0.000168743154819816;381
8;NZD/JPY;-0.000554386910539537;382
8;NZD/JPY;-0.00104688117185346;383
8;NZD/JPY;-0.00109563427486377;384
8;NZD/JPY;-0.000191397270871143;385
8;NZD/JPY;0.000146252291709264;386
8;NZD/JPY;0.000114594512709914;387
8;NZD/JPY;0.000835695027608673;388
8;NZD/JPY;0.000776787444637583;389
8;NZD/JPY;0.00100896256230745;390
8;NZD/JPY;0.00072966151709504;391
8;NZD/JPY;0.00060558530063387;392
8;NZD/JPY;0.0012570836135472;393
8;NZD/JPY;0.000820785382163532;394
8;NZD/JPY;-0.000251202778311333;395
8;NZD/JPY;-0.000208523704826121;396
8;NZD/JPY;-0.000289106453824921;397
8;NZD/JPY;-0.000951609732818888;398
8;NZD/JPY;-0.000201520376203738;399
8;NZD/JPY;-0.000123474116451621;400
8;NZD/JPY;0.000291424331688714;401
8;NZD/JPY;7.62391676739043E-05;402
8;NZD/JPY;0.00021310604040762;403
8;NZD/JPY;0.000478838486565574;404
8;NZD/JPY;0.00106386207903329;405
8;NZD/JPY;0.000699923007318977;406
8;NZD/JPY;0.000615574508735945;407
8;NZD/JPY;5.82842031518423E-05;408
8;NZD/JPY;-0.000563985871250169;409
8;NZD/JPY;-0.000261521218802415;410
8;NZD/JPY;-0.000906117834852624;411
8;NZD/JPY;-0.000413905117383675;412
8;NZD/JPY;0.000441063881117372;413
8;NZD/JPY;0.000347084299815765;414
8;NZD/JPY;6.03814096936507E-05;415
8;NZD/JPY;0.00025994983939223;416
8;NZD/JPY;-0.000515782087735006;417
8;NZD/JPY;-0.00160773291941955;418
8;NZD/JPY;-0.00200344574180098;419
8;NZD/JPY;-0.00196614228433744;420
8;NZD/JPY;-0.00166638583410334;421
8;NZD/JPY;-0.00197672879117448;422
8;NZD/JPY;-0.00157531030356249;423
8;NZD/JPY;-0.0017978465330599;424
8;NZD/JPY;-0.00117767297585529;425
8;NZD/JPY;-0.00141639639037922;426
8;NZD/JPY;7.02872146856249E-05;427
8;NZD/JPY;0.000156728249200261;428
8;NZD/JPY;0.000850997336131148;429
8;NZD/JPY;-7.95160888558891E-05;430
8;NZD/JPY;2.27414861806603E-05;431
8;NZD/JPY;-0.000783624408984847;432
8;NZD/JPY;-0.000227182395075721;433
8;NZD/JPY;-9.08244590421808E-06;434
8;NZD/JPY;0.00037458508637124;435
8;NZD/JPY;-0.00121345201400916;436
8;NZD/JPY;-0.00174404094926388;437
8;NZD/JPY;-0.00129302685804069;438
8;NZD/JPY;-0.00174922577134656;439
8;NZD/JPY;-0.00230398898126137;440
8;NZD/JPY;-0.000942527185107229;441
8;NZD/JPY;-0.000234305036790469;442
8;NZD/JPY;-0.00114261114505845;443
8;NZD/JPY;-0.000626316090011812;444
8;NZD/JPY;-0.000287001742560691;445
8;NZD/JPY;-0.000554747065454983;446
8;NZD/JPY;-0.000610019751833794;447
8;NZD/JPY;-0.000165738235165032;448
8;NZD/JPY;-0.000227611085544187;449
8;NZD/JPY;0.00018372855400133;450
8;NZD/JPY;0.00119504871452736;451
8;NZD/JPY;0.00144720093926425;452
8;NZD/JPY;0.000850253483757069;453
8;NZD/JPY;0.00103938054789668;454
8;NZD/JPY;0.000534149776189354;455
8;NZD/JPY;-0.000277441847633671;456
8;NZD/JPY;-0.000249640744460552;457
8;NZD/JPY;0.00013524743344707;458
8;NZD/JPY;-0.000123616472396043;459
8;NZD/JPY;6.18050513379511E-05;460
8;NZD/JPY;0.000559075598628568;461
8;NZD/JPY;-0.000783004542002796;462
8;NZD/JPY;-0.0015920756788621;463
8;NZD/JPY;-0.00172946204396119;464
8;NZD/JPY;-0.00197573928206725;465
8;NZD/JPY;-0.00204915348263536;466
8;NZD/JPY;-0.000920093170712189;467
8;NZD/JPY;0.000143160623088731;468
8;NZD/JPY;-0.000596815118035551;469
8;NZD/JPY;-0.00133351607509838;470
8;NZD/JPY;-0.000469817901326515;471
8;NZD/JPY;-0.000187303821622551;472
8;NZD/JPY;-0.000337283790981367;473
8;NZD/JPY;0.00022227884387594;474
8;NZD/JPY;0.00108835281425812;475
8;NZD/JPY;-0.000412868654958921;476
8;NZD/JPY;-0.000579206891930396;477
8;NZD/JPY;-0.000776061251622877;478
8;NZD/JPY;-6.01761313601967E-05;479
8;NZD/JPY;0.000556965018115829;480
8;NZD/JPY;0.00159110932728402;481
8;NZD/JPY;0.0017073091278865;482
8;NZD/JPY;0.00191499548642858;483
8;NZD/JPY;0.00121390123760086;484
8;NZD/JPY;0.000803819796713374;485
8;NZD/JPY;-0.000230481154864866;486
8;NZD/JPY;-0.000246301197606223;487
8;NZD/JPY;-0.000160993568950915;488
8;NZD/JPY;-4.60214461969058E-05;489
8;NZD/JPY;-0.000478678340485013;490
8;NZD/JPY;-0.000300023134961378;491
8;NZD/JPY;-1.842723546703E-05;492
8;NZD/JPY;-0.00056450024515335;493
8;NZD/JPY;-0.000382387271961993;494
8;NZD/JPY;6.68075775218902E-05;495
8;NZD/JPY;0.000525897268725833;496
8;NZD/JPY;0.000278530738063657;497
8;NZD/JPY;0.00114576576748303;498
8;NZD/JPY;0.00103490140650073;499
8;NZD/JPY;0.00110026061191975;500
8;NZD/JPY;0.000969737865111532;501
8;NZD/JPY;0.000248278747731674;502
8;NZD/JPY;-0.000376596051384054;503
8;NZD/JPY;-0.000889692431739405;504
8;NZD/JPY;-0.00182943890282092;505
8;NZD/JPY;-0.00161114859436621;506
8;NZD/JPY;-0.000616666579969089;507
8;NZD/JPY;-0.000492480716469756;508
8;NZD/JPY;0.000428098119628841;509
8;NZD/JPY;0.00112955579178595;510
8;NZD/JPY;0.000821005961327059;511
8;NZD/JPY;0.000593690750516373;512
8;NZD/JPY;0.000223377513908613;513
8;NZD/JPY;-0.000324441933353391;514
8;NZD/JPY;0.000252699321465403;515
8;NZD/JPY;0.00020472596689035;516
8;NZD/JPY;-9.42285058655347E-05;517
8;NZD/JPY;0.000971204489179138;518
8;NZD/JPY;0.00120765827095214;519
8;NZD/JPY;0.000893369942650437;520
8;NZD/JPY;0.00121026339471027;521
8;NZD/JPY;0.000725104052628978;522
8;NZD/JPY;9.15960629703361E-05;523
8;NZD/JPY;-0.000192369363981222;524
8;NZD/JPY;-0.000716670200222071;525
8;NZD/JPY;-0.000576712226779088;526
8;NZD/JPY;4.58090449978246E-06;527
8;NZD/JPY;0.000132739823385277;528
8;NZD/JPY;0.000151162931053446;529
8;NZD/JPY;2.98170267242942E-05;530
8;NZD/JPY;0.000249655038973823;531
8;NZD/JPY;0.000283811358880498;532
8;NZD/JPY;0.000109787061607267;533
8;NZD/JPY;0.000363696768054641;534
8;NZD/JPY;0.00125287621502679;535
8;NZD/JPY;0.000877044127045422;536
8;NZD/JPY;0.000447785250224089;537
8;NZD/JPY;0.000303887186103312;538
8;NZD/JPY;0.000141639829555481;539
8;NZD/JPY;0.000564425650847769;540
8;NZD/JPY;-0.000465450773067447;541
8;NZD/JPY;-0.00030831602782903;542
8;NZD/JPY;-0.000319894046194722;543
8;NZD/JPY;0.000130128820703845;544
8;NZD/JPY;-0.000537078028339078;545
8;NZD/JPY;-0.000269726656955733;546
8;NZD/JPY;-0.000146330874338418;547
8;NZD/JPY;-0.00033414971268176;548
8;NZD/JPY;-0.000296908777935677;549
8;NZD/JPY;-0.000410607500939727;550
8;NZD/JPY;9.83323538963145E-05;551
8;NZD/JPY;0.000509408915926268;552
8;NZD/JPY;0.00100305811026825;553
8;NZD/JPY;0.000629835531134159;554
8;NZD/JPY;0.000205409124526229;555
8;NZD/JPY;0.000916961951131581;556
8;NZD/JPY;0.00106260382501399;557
8;NZD/JPY;0.00167497943404512;558
8;NZD/JPY;0.0019972848073497;559
8;NZD/JPY;0.00244859375410502;560
8;NZD/JPY;0.00125682419974958;561
8;NZD/JPY;0.00131641921967822;562
8;NZD/JPY;4.29380958603993E-05;563
8;NZD/JPY;-0.000521765941838546;564
8;NZD/JPY;-0.00126589854666532;565
8;NZD/JPY;-0.000847602941171278;566
8;NZD/JPY;-0.00217151984797356;567
8;NZD/JPY;-0.00191402056811166;568
8;NZD/JPY;-0.00163507212487071;569
8;NZD/JPY;-0.000815766535939044;570
8;NZD/JPY;0.000115793958109039;571
8;NZD/JPY;-0.00196276474657578;572
8;NZD/JPY;-0.00338671384787602;573
8;NZD/JPY;-0.00321577313117389;574
8;NZD/JPY;-0.00376721302079022;575
8;NZD/JPY;-0.0046662736402587;576
8;NZD/JPY;-0.00207056753615182;577
8;NZD/JPY;-0.00265108726589671;578
8;NZD/JPY;-0.00269678540332425;579
8;NZD/JPY;-0.00289331742005119;580
8;NZD/JPY;-0.0020269418181895;581
8;NZD/JPY;-0.00144234760536253;582
8;NZD/JPY;0.00131708936271779;583
8;NZD/JPY;0.000588646129403182;584
8;NZD/JPY;0.000955821575580885;585
8;NZD/JPY;-0.000957541868715773;586
8;NZD/JPY;0.000710804260114271;587
8;NZD/JPY;-0.00103513111632126;588
8;NZD/JPY;0.000488829100623876;589
8;NZD/JPY;0.000404903447152894;590
8;NZD/JPY;0.00102559502123072;591
8;NZD/JPY;-0.00197025130656362;592
8;NZD/JPY;2.34785875551536E-05;593
8;NZD/JPY;-0.00117849304537387;594
8;NZD/JPY;-0.000658091778040613;595
8;NZD/JPY;-0.000194834552764357;596
8;NZD/JPY;-7.3084336600424E-05;597
8;NZD/JPY;-0.00154843132379818;598
8;NZD/JPY;-0.00157352026883608;599
8;NZD/JPY;-0.00169379741089036;600
8;NZD/JPY;0.000754806334260469;601
8;NZD/JPY;0.00228592673202687;602
8;NZD/JPY;0.00088527579193869;603
8;NZD/JPY;0.00070218233098483;604
8;NZD/JPY;6.15006154907184E-05;605
8;NZD/JPY;-0.00243163374091246;606
8;NZD/JPY;-0.00412414883982463;607
8;NZD/JPY;-0.00136614490391405;608
8;NZD/JPY;-0.000605101272315811;609
8;NZD/JPY;-0.000819984085385765;610
8;NZD/JPY;-0.000137409830207612;611
8;NZD/JPY;0.000254472627989072;612
8;NZD/JPY;-0.00072942920517507;613
8;NZD/JPY;-0.00108239244462056;614
8;NZD/JPY;-0.00012827822560624;615
8;NZD/JPY;8.76688973088002E-05;616
8;NZD/JPY;0.000242280314664371;617
8;NZD/JPY;0.000817161504516062;618
8;NZD/JPY;0.00118889061004369;619
8;NZD/JPY;0.000915148944942734;620
8;NZD/JPY;0.00053702104053127;621
8;NZD/JPY;0.00162422799543756;622
8;NZD/JPY;0.00154911393879266;623
8;NZD/JPY;0.0013746406793476;624
8;NZD/JPY;0.00128737594364647;625
8;NZD/JPY;0.001224772416968;626
8;NZD/JPY;0.000120051555153256;627
8;NZD/JPY;0.000535613926585837;628
8;NZD/JPY;0.000190242456023852;629
8;NZD/JPY;0.000324073057779414;630
8;NZD/JPY;-0.00246660027623868;631
8;NZD/JPY;-0.00166358462378291;632
8;NZD/JPY;-0.00110097200958712;633
8;NZD/JPY;-0.00129534131559789;634
8;NZD/JPY;-0.00102332096100619;635
8;NZD/JPY;0.00191873525386964;636
8;NZD/JPY;0.00152704977855557;637
8;NZD/JPY;0.000442999379951841;638
8;NZD/JPY;0.000672269540540977;639
8;NZD/JPY;0.000696897630301309;640
8;NZD/JPY;0.000622991211772118;641
8;NZD/JPY;0.0016159477183502;642
8;NZD/JPY;0.00160353447142504;643
8;NZD/JPY;0.00198470349960343;644
8;NZD/JPY;0.00231567637208899;645
8;NZD/JPY;-0.00126210124734903;646
8;NZD/JPY;-0.00149353284583015;647
8;NZD/JPY;-0.000600990800140475;648
8;NZD/JPY;-0.000399106228145281;649
8;NZD/JPY;0.00310287459182505;650
8;NZD/JPY;0.00585648398248562;651
8;NZD/JPY;0.00636481563940982;652
8;NZD/JPY;0.00539286866256516;653
8;NZD/JPY;0.00597712037810591;654
8;NZD/JPY;0.00107678002516378;655
8;NZD/JPY;0.00147187207248242;656
8;NZD/JPY;0.000882571804691047;657
8;NZD/JPY;0.00237946969118149;658
8;NZD/JPY;0.00194509284094199;659
8;NZD/JPY;0.000998583634772091;660
8;NZD/JPY;0.00131639149773741;661
8;NZD/JPY;0.00121285176015962;662
8;NZD/JPY;-0.000351735657662882;663
8;NZD/JPY;-0.00105143125032527;664
8;NZD/JPY;0.000490653527186438;665
8;NZD/JPY;0.000918597539855654;666
8;NZD/JPY;0.000536193350651537;667
8;NZD/JPY;0.00074557612205828;668
8;NZD/JPY;0.00104020318014688;669
8;NZD/JPY;0.00101591095530365;670
8;NZD/JPY;0.00129733581735839;671
8;NZD/JPY;0.00283049409386223;672
8;NZD/JPY;0.00349904736005955;673
8;NZD/JPY;0.00356560116428795;674
8;NZD/JPY;0.004173511529923;675
8;NZD/JPY;0.00328403672998;676
8;NZD/JPY;0.00230915575785251;677
8;NZD/JPY;0.00219938169153738;678
8;NZD/JPY;0.000994632804298014;679
8;NZD/JPY;0.000998712531570816;680
8;NZD/JPY;0.00234982793234125;681
8;NZD/JPY;0.00323657703275443;682
8;NZD/JPY;0.00130680983738642;683
8;NZD/JPY;0.00256486470819985;684
8;NZD/JPY;0.00236593845007532;685
8;NZD/JPY;0.00160530327447033;686
8;NZD/JPY;-0.00029797254664225;687
8;NZD/JPY;0.000548489018991898;688
8;NZD/JPY;-1.30029148246534E-05;689
8;NZD/JPY;0.00015789161453122;690
8;NZD/JPY;-0.000215889485557121;691
8;NZD/JPY;0.000746253426998335;692
8;NZD/JPY;0.0011785944979294;693
8;NZD/JPY;0.00138438749599072;694
8;NZD/JPY;0.000250640137380197;695
8;NZD/JPY;0.000269825463878128;696
8;NZD/JPY;3.444156244048E-05;697
8;NZD/JPY;0.000318279637064;698
8;NZD/JPY;0.000273152098896372;699
8;NZD/JPY;0.000967200079830456;700
8;NZD/JPY;-0.00109884443796535;701
8;NZD/JPY;-0.00177064052745544;702
8;NZD/JPY;-0.00183272643893742;703
8;NZD/JPY;-0.00160119973514752;704
8;NZD/JPY;-0.000779425891461195;705
8;NZD/JPY;0.000921880013531547;706
8;NZD/JPY;0.00171036390033758;707
8;NZD/JPY;0.000956235731124137;708
8;NZD/JPY;0.000692117052775205;709
8;NZD/JPY;-0.000105736190673178;710
8;NZD/JPY;0.00118397039267251;711
8;NZD/JPY;-0.000614565678698797;712
8;NZD/JPY;0.000129454032158155;713
8;NZD/JPY;0.00131489517096663;714
8;NZD/JPY;0.000788437289147894;715
8;NZD/JPY;0.000523016213605984;716
8;NZD/JPY;0.000866315317908006;717
8;NZD/JPY;0.000527736050606096;718
8;NZD/JPY;-0.000943869567342189;719
8;NZD/JPY;0.000159033770817629;720
8;NZD/JPY;-0.00114211192608708;721
8;NZD/JPY;-0.000490882327079403;722
8;NZD/JPY;0.000631450604542614;723
8;NZD/JPY;0.000810836626057033;724
8;NZD/JPY;0.000208271845762465;725
8;NZD/JPY;0.00185796672021705;726
8;NZD/JPY;0.00122495413282679;727
8;NZD/JPY;-0.00141169967854323;728
8;NZD/JPY;-0.00103509540966159;729
8;NZD/JPY;-0.00187796831539195;730
8;NZD/JPY;-0.00444745547935999;731
8;NZD/JPY;-0.00280479246172894;732
8;NZD/JPY;-0.00179836453097724;733
8;NZD/JPY;-0.00209076251190069;734
8;NZD/JPY;-0.00130399809945624;735
8;NZD/JPY;0.00040308317699372;736
8;NZD/JPY;0.000672415361441561;737
8;NZD/JPY;0.00287310906610177;738
8;NZD/JPY;0.00199580804509916;739
8;NZD/JPY;0.00184483131166613;740
8;NZD/JPY;0.000456571564735668;741
8;NZD/JPY;-0.00158486842248652;742
8;NZD/JPY;-0.00297773323885071;743
8;NZD/JPY;-0.00230782229084425;744
8;NZD/JPY;-0.00311349636295831;745
8;NZD/JPY;-0.00254613464664891;746
8;NZD/JPY;-0.000949528114292413;747
8;NZD/JPY;-0.00198291510970318;748
8;NZD/JPY;-0.00199262102312554;749
8;NZD/JPY;-0.00073644665662956;750
8;NZD/JPY;0.00102015852614914;751
8;NZD/JPY;0.00121127685108906;752
8;NZD/JPY;0.0027879815811269;753
8;NZD/JPY;0.00396126061956519;754
8;NZD/JPY;0.00408744709586309;755
8;NZD/JPY;0.00271468368337964;756
8;NZD/JPY;0.0016692902610786;757
8;NZD/JPY;0.000821302993426961;758
8;NZD/JPY;0.000524733480662046;759
8;NZD/JPY;0.000174709233492003;760
8;NZD/JPY;0.000510982625349043;761
8;NZD/JPY;0.00116607095019107;762
8;NZD/JPY;0.00122459042009187;763
8;NZD/JPY;0.000706105960346366;764
8;NZD/JPY;0.000364026142360701;765
8;NZD/JPY;0.000393664920450818;766
8;NZD/JPY;-0.000550934892626428;767
8;NZD/JPY;-2.79439187501479E-05;768
8;NZD/JPY;0.000182578776621515;769
8;NZD/JPY;0.00100462811459886;770
8;NZD/JPY;0.000356425958827448;771
8;NZD/JPY;0.00152212801101806;772
8;NZD/JPY;0.00180615186552406;773
8;NZD/JPY;0.00143121348825482;774
8;NZD/JPY;0.000303827860814284;775
8;NZD/JPY;0.000858393384531921;776
8;NZD/JPY;7.91168855371346E-05;777
8;NZD/JPY;-0.000351818083547162;778
8;NZD/JPY;-0.000366988239866142;779
8;NZD/JPY;-0.000329524617704789;780
8;NZD/JPY;-0.000519733581614147;781
8;NZD/JPY;-0.00155383927661253;782
8;NZD/JPY;-0.00318585286617015;783
8;NZD/JPY;-0.00369652465685857;784
8;NZD/JPY;-0.00279920896383573;785
8;NZD/JPY;-0.00313185949071;786
8;NZD/JPY;-0.00162247244655997;787
8;NZD/JPY;0.000318497280458803;788
8;NZD/JPY;-0.00013056961456082;789
8;NZD/JPY;0.000728369238064064;790
8;NZD/JPY;0.000603849453025619;791
8;NZD/JPY;0.00124722972272438;792
8;NZD/JPY;0.00224750492230119;793
8;NZD/JPY;0.00322180124241925;794
8;NZD/JPY;0.00235759960284207;795
8;NZD/JPY;0.00263078056193436;796
8;NZD/JPY;0.000674500555796383;797
8;NZD/JPY;-0.00146964693782117;798
8;NZD/JPY;-0.00153100918582489;799
8;NZD/JPY;-0.00304036796777752;800
8;NZD/JPY;-0.00325420959782167;801
8;NZD/JPY;-0.00194779711827911;802
8;NZD/JPY;-0.00239071736258838;803
8;NZD/JPY;-0.00318534196316398;804
8;NZD/JPY;-0.00360835941421451;805
8;NZD/JPY;-0.00342530108997203;806
8;NZD/JPY;-0.00332515928110493;807
8;NZD/JPY;-0.00112713345129452;808
8;NZD/JPY;-0.000815336466069487;809
8;NZD/JPY;0.00126276541075424;810
8;NZD/JPY;0.00200612764071486;811
8;NZD/JPY;0.00180962881937409;812
8;NZD/JPY;0.00106601542755036;813
8;NZD/JPY;0.00115061471041966;814
8;NZD/JPY;0.000745533151420877;815
8;NZD/JPY;0.00014893990525363;816
8;NZD/JPY;-6.78674839169859E-05;817
8;NZD/JPY;-0.00124167553655347;818
8;NZD/JPY;-0.00136213370074275;819
8;NZD/JPY;-0.00263048635119623;820
8;NZD/JPY;-0.00375048974721338;821
8;NZD/JPY;-0.00473039559221455;822
8;NZD/JPY;-0.0043593191835786;823
8;NZD/JPY;-0.00375398340817688;824
8;NZD/JPY;-0.00249032538707321;825
8;NZD/JPY;-0.00271779933495752;826
8;NZD/JPY;-0.00215043716329307;827
8;NZD/JPY;-0.00455749552276973;828
8;NZD/JPY;-0.00237258747691482;829
8;NZD/JPY;-0.00283804971401581;830
8;NZD/JPY;-0.000688663790508673;831
8;NZD/JPY;-0.00147625648222052;832
8;NZD/JPY;0.00143269711392326;833
8;NZD/JPY;-0.000523489009721307;834
8;NZD/JPY;0.00057765385498264;835
8;NZD/JPY;-0.000777591812132978;836
8;NZD/JPY;-0.00348912336314242;837
8;NZD/JPY;-0.00350367542878807;838
8;NZD/JPY;-0.00393791885379876;839
8;NZD/JPY;-0.00461749812116167;840
8;NZD/JPY;-0.00453195598374281;841
8;NZD/JPY;-0.00196112046897912;842
8;NZD/JPY;-0.00250347725917935;843
8;NZD/JPY;-0.00145098904345999;844
8;NZD/JPY;-0.00101349797214585;845
8;NZD/JPY;5.12599464576621E-05;846
8;NZD/JPY;-0.00217256265879635;847
8;NZD/JPY;0.000783367366008091;848
8;NZD/JPY;0.00200573578834229;849
8;NZD/JPY;0.00373029441458101;850
8;NZD/JPY;0.00147853957421206;851
8;NZD/JPY;0.00460938486674432;852
8;NZD/JPY;0.00280560366153464;853
8;NZD/JPY;0.000904251631433618;854
8;NZD/JPY;-0.000482033034524252;855
8;NZD/JPY;0.00135746866753262;856
8;NZD/JPY;0.00326212253637094;857
8;NZD/JPY;0.00180379097096293;858
8;NZD/JPY;0.00257917224822821;859
8;NZD/JPY;0.00219188416427332;860
8;NZD/JPY;0.00146463798479685;861
8;NZD/JPY;0.00117089031960872;862
8;NZD/JPY;0.0019984006212677;863
8;NZD/JPY;0.00167630744122879;864
8;NZD/JPY;0.00169986480592854;865
8;NZD/JPY;0.00249255469431713;866
8;NZD/JPY;0.000929545213124934;867
8;NZD/JPY;-0.0002719547161243;868
8;NZD/JPY;-0.00107584982394723;869
8;NZD/JPY;-0.000849258176290243;870
8;NZD/JPY;-0.000923153219813357;871
8;NZD/JPY;-4.51334824653356E-05;872
8;NZD/JPY;0.00113296813060603;873
8;NZD/JPY;0.00210999110594022;874
8;NZD/JPY;0.00130852130612683;875
8;NZD/JPY;0.000652742830917273;876
8;NZD/JPY;0.000977116304207815;877
8;NZD/JPY;0.00164613679484461;878
8;NZD/JPY;0.00191219943337285;879
8;NZD/JPY;0.00191568916073428;880
8;NZD/JPY;0.00217319092393465;881
8;NZD/JPY;0.0011890468374496;882
8;NZD/JPY;0.000486971524916235;883
8;NZD/JPY;-0.000619740784585678;884
8;NZD/JPY;-0.000783303928608615;885
8;NZD/JPY;-0.000267848214759931;886
8;NZD/JPY;-0.000426884964631526;887
8;NZD/JPY;-5.1321815958211E-05;888
8;NZD/JPY;-0.000232339957321111;889
8;NZD/JPY;0.000256976097475056;890
8;NZD/JPY;-3.12723374475678E-05;891
8;NZD/JPY;-0.000986880997583408;892
8;NZD/JPY;-0.000970897412373211;893
8;NZD/JPY;-0.00124447536721461;894
8;NZD/JPY;0.000272257660235668;895
8;NZD/JPY;0.000116129755928762;896
8;NZD/JPY;0.00220255461361799;897
8;NZD/JPY;0.00181047217757409;898
8;NZD/JPY;0.0025656563080609;899
8;NZD/JPY;0.000647909057906108;900
8;NZD/JPY;0.00104436553980926;901
8;NZD/JPY;0.00113316007113687;902
8;NZD/JPY;0.000944475144784331;903
8;NZD/JPY;0.000117658162043119;904
8;NZD/JPY;0.000887184979792415;905
8;NZD/JPY;0.000335088371931878;906
8;NZD/JPY;-0.000281027900082266;907
8;NZD/JPY;-0.000128328525416598;908
8;NZD/JPY;0.000704499105666478;909
8;NZD/JPY;0.00020349707016691;910
8;NZD/JPY;0.00105264564806888;911
8;NZD/JPY;0.00101602665804554;912
8;NZD/JPY;-0.000392133096359649;913
8;NZD/JPY;-0.00130461291066697;914
8;NZD/JPY;-0.00125746825639955;915
8;NZD/JPY;-0.00215321705242464;916
8;NZD/JPY;-0.00311739606225267;917
8;NZD/JPY;-0.0028926285587911;918
8;NZD/JPY;-0.00188311409411926;919
8;NZD/JPY;-0.00163742167691707;920
8;NZD/JPY;-0.00129731151839561;921
8;NZD/JPY;-0.00118954452342669;922
8;NZD/JPY;-0.0017649532910873;923
8;NZD/JPY;-0.00175588204795946;924
8;NZD/JPY;-0.00271446287750427;925
8;NZD/JPY;-0.00328057942935245;926
8;NZD/JPY;-0.000416889816026135;927
8;NZD/JPY;0.00337390752646852;928
8;NZD/JPY;0.00344524191639015;929
8;NZD/JPY;0.00424729426224481;930
8;NZD/JPY;0.0040376216009564;931
8;NZD/JPY;0.00032232077886833;932
8;NZD/JPY;-0.00189039231761044;933
8;NZD/JPY;-0.000906676556706299;934
8;NZD/JPY;-0.000514846694036445;935
8;NZD/JPY;0.000194397132864796;936
8;NZD/JPY;0.00227299348894028;937
8;NZD/JPY;-0.000243481819662862;938
8;NZD/JPY;-0.00146695255462182;939
8;NZD/JPY;-0.00272320921430317;940
8;NZD/JPY;-0.00118944636050057;941
8;NZD/JPY;0.000553687431488042;942
8;NZD/JPY;0.00196194443922902;943
8;NZD/JPY;0.00102777113745694;944
8;NZD/JPY;0.00298414135878792;945
8;NZD/JPY;0.00201631286064119;946
8;NZD/JPY;0.00174439955519095;947
8;NZD/JPY;0.00286546114027185;948
8;NZD/JPY;0.00443459440534971;949
8;NZD/JPY;0.00336368953110688;950
8;NZD/JPY;0.00377195079171473;951
8;NZD/JPY;0.00190382693040009;952
8;NZD/JPY;0.00143715820946291;953
8;NZD/JPY;0.000368251567180048;954
8;NZD/JPY;0.000107357849286206;955
8;NZD/JPY;-0.00117330634427644;956
8;NZD/JPY;-0.002393110330525;957
8;NZD/JPY;-0.00246152215445574;958
8;NZD/JPY;-0.00241692787380391;959
8;NZD/JPY;-0.0019457376187912;960
8;NZD/JPY;-0.00214765090459849;961
8;NZD/JPY;-0.00128176475993995;962
8;NZD/JPY;-0.000849512475578789;963
8;NZD/JPY;-0.000512687059087901;964
8;NZD/JPY;-0.000449500590551953;965
8;NZD/JPY;-0.000324257166927791;966
8;NZD/JPY;-0.000698570200078951;967
8;NZD/JPY;-0.000453958982561426;968
8;NZD/JPY;-0.00147881989519902;969
8;NZD/JPY;-0.00205662494411875;970
8;NZD/JPY;-0.00166955938560966;971
8;NZD/JPY;-0.00177066593535638;972
8;NZD/JPY;-0.000843892528484891;973
8;NZD/JPY;0.000592394319150836;974
8;NZD/JPY;0.00120801765075709;975
8;NZD/JPY;0.00138262007742839;976
8;NZD/JPY;0.00304804355384743;977
8;NZD/JPY;0.00240615775638706;978
8;NZD/JPY;0.00199669618803801;979
8;NZD/JPY;0.00148823247404348;980
8;NZD/JPY;0.000373607420672695;981
8;NZD/JPY;-0.00017280149950111;982
8;NZD/JPY;-0.000305279400930673;983
8;NZD/JPY;-0.000484569794347976;984
8;NZD/JPY;0.000758696130494333;985
8;NZD/JPY;0.00194346940111019;986
8;NZD/JPY;0.000955183454877796;987
8;NZD/JPY;0.00152175845814788;988
8;NZD/JPY;0.00131819838305308;989
8;NZD/JPY;0.000961867610015975;990
8;NZD/JPY;-4.40063369142613E-06;991
8;NZD/JPY;-0.000220701854221522;992
8;NZD/JPY;-0.00113470793785803;993
8;NZD/JPY;-0.00238216655219769;994
8;NZD/JPY;-0.00375496141773367;995
8;NZD/JPY;-0.00297710640420424;996
8;NZD/JPY;-0.00276608669317613;997
8;NZD/JPY;-0.00146366456878435;998
8;NZD/JPY;-0.000227298074604334;999
8;NZD/JPY;0.000450415486651853;1000
9;NZD/JPY;0.000295943630661515;1001
1;NZD/JPY;89.852;1001
8;NZD/JPY;0.000626585789982982;1001
9;NZD/JPY;0.000251170102726404;1002
8;NZD/JPY;0.00243236467684304;1002
9;NZD/JPY;0.00136649073548658;1003
8;NZD/JPY;0.00175511647008735;1003
9;NZD/JPY;0.000831073547779799;1004
8;NZD/JPY;0.00353166152458315;1004
9;NZD/JPY;0.00167251713350061;1005
8;NZD/JPY;0.00283956206186337;1005
9;NZD/JPY;0.000378482557650474;1006
8;NZD/JPY;0.00355706151152402;1006
9;NZD/JPY;0.0014039422245454;1007
8;NZD/JPY;0.00223478300428092;1007
9;NZD/JPY;0.000571572629443456;1008
8;NZD/JPY;0.00196500820493954;1008
9;NZD/JPY;0.000680497845613501;1009
8;NZD/JPY;0.000533806199693931;1009
9;NZD/JPY;0.000197380713017241;1010
8;NZD/JPY;0.000767082196159297;1010
9;NZD/JPY;8.88458740804952E-05;1011
8;NZD/JPY;-0.000319572803623755;1011
9;NZD/JPY;-0.000231132115310375;1012
8;NZD/JPY;0.000415164576043863;1012
9;NZD/JPY;0.000640867809237467;1013
0;NZD/JPY;91.85;1013
8;NZD/JPY;0.000628231653262158;1013
9;NZD/JPY;0.000535134270501855;1014
1;NZD/JPY;91.792;1014
8;NZD/JPY;0.000495338725398202;1014
9;NZD/JPY;9.10602246765357E-05;1015
8;NZD/JPY;0.00164909412285636;1015
9;NZD/JPY;0.00106281178162901;1016
8;NZD/JPY;0.00157756885165557;1016
9;NZD/JPY;0.000216322286168487;1017
0;NZD/JPY;91.115;1017
8;NZD/JPY;1.52790889372187E-05;1017
9;NZD/JPY;-0.00048942069263065;1018
8;NZD/JPY;-0.00259544623131041;1018
9;NZD/JPY;-0.00139732944652413;1019
8;NZD/JPY;-0.00218035368384413;1019
9;NZD/JPY;-0.000123115818491497;1020
8;NZD/JPY;-0.00340897453175869;1020
9;NZD/JPY;-0.000868666263171001;1021
8;NZD/JPY;-0.00358102006365611;1021
9;NZD/JPY;-0.00105433816110495;1022
8;NZD/JPY;-0.00268071074003192;1022
9;NZD/JPY;-0.000419152333148611;1023
8;NZD/JPY;-0.000488206526143469;1023
9;NZD/JPY;-4.92776369076029E-05;1024
8;NZD/JPY;-0.000280014818173495;1024
9;NZD/JPY;0.000323368104499547;1025
1;NZD/JPY;91.093;1025
8;NZD/JPY;0.000975230467112688;1025
9;NZD/JPY;0.000902341105968896;1026
8;NZD/JPY;0.00104385867940004;1026
9;NZD/JPY;8.31737467584701E-06;1027
8;NZD/JPY;0.00113819652068467;1027
9;NZD/JPY;0.000458705180541432;1028
8;NZD/JPY;0.00310760863511147;1028
9;NZD/JPY;0.0016289694547352;1029
8;NZD/JPY;0.00243203417875182;1029
9;NZD/JPY;0.000397893145359418;1030
8;NZD/JPY;0.00131549901069965;1030
9;NZD/JPY;0.000116837186062682;1031
8;NZD/JPY;0.00229576910886222;1031
9;NZD/JPY;0.00086653645190786;1032
0;NZD/JPY;90.035;1032
8;NZD/JPY;-0.00104309901630827;1032
9;NZD/JPY;-0.000976429542727144;1033
8;NZD/JPY;-0.00295505416964248;1033
9;NZD/JPY;-0.000222448706260911;1034
8;NZD/JPY;-0.0017910044587458;1034
9;NZD/JPY;0.000626319929777586;1035
1;NZD/JPY;90.811;1035
8;NZD/JPY;-0.00194896777888897;1035
9;NZD/JPY;-0.000267434702553856;1036
8;NZD/JPY;-0.00241466601333816;1036
9;NZD/JPY;-0.000118913541035214;1037
8;NZD/JPY;-0.000210159574684384;1037
9;NZD/JPY;-0.000614380847249438;1038
8;NZD/JPY;-0.000272026138748882;1038
9;NZD/JPY;7.11550986510429E-06;1039
8;NZD/JPY;-0.00128854767521057;1039
9;NZD/JPY;-0.000295497936576469;1040
8;NZD/JPY;-0.000602333669093582;1040
9;NZD/JPY;0.000171251240230983;1041
8;NZD/JPY;-0.000637522806218375;1041
9;NZD/JPY;-7.21514552577902E-05;1042
8;NZD/JPY;-0.00011734296029795;1042
9;NZD/JPY;-0.000294591815976334;1043
0;NZD/JPY;90.646;1043
8;NZD/JPY;0.00056133874061527;1043
9;NZD/JPY;0.000678568541681715;1044
1;NZD/JPY;89.933;1044
0;NZD/JPY;89.933;1044
8;NZD/JPY;-0.000985234598274322;1044
9;NZD/JPY;-0.000951424340375089;1045
8;NZD/JPY;-0.00143924600853191;1045
9;NZD/JPY;-0.000311539282159373;1046
8;NZD/JPY;-0.00182894945417854;1046
9;NZD/JPY;-0.000607330612777401;1047
8;NZD/JPY;-0.00212179368554296;1047
9;NZD/JPY;-0.000919861892685527;1048
8;NZD/JPY;-0.00271741197619046;1048
9;NZD/JPY;-0.000495002424381728;1049
8;NZD/JPY;-0.00174714576521991;1049
9;NZD/JPY;-0.000825013190014171;1050
8;NZD/JPY;-0.001763780397508;1050
9;NZD/JPY;-0.00049725936393067;1051
8;NZD/JPY;-0.000927505503610593;1051
9;NZD/JPY;0.000144591447051195;1052
1;NZD/JPY;89.711;1052
8;NZD/JPY;0.000766263063761706;1052
9;NZD/JPY;0.000845401426597076;1053
0;NZD/JPY;88.72;1053
8;NZD/JPY;-0.001094688571558;1053
9;NZD/JPY;-0.00100563889889077;1054
8;NZD/JPY;-0.0012696311420013;1054
9;NZD/JPY;-0.000681864460945239;1055
8;NZD/JPY;-0.00191317773788795;1055
9;NZD/JPY;-0.000832851630396884;1056
8;NZD/JPY;-0.00245905199025987;1056
9;NZD/JPY;-0.000537122973763293;1057
8;NZD/JPY;-0.00300358902749803;1057
9;NZD/JPY;-0.000334311846551144;1058
8;NZD/JPY;-0.0012840012734966;1058
9;NZD/JPY;-0.000292360918823164;1059
8;NZD/JPY;0.000714596433199229;1059
9;NZD/JPY;0.000932673418205845;1060
1;NZD/JPY;88.97;1060
8;NZD/JPY;0.00163680891010214;1060
9;NZD/JPY;0.00057759468287648;1061
8;NZD/JPY;0.00217883786086172;1061
9;NZD/JPY;0.000931818434022466;1062
8;NZD/JPY;0.00303257340385517;1062
9;NZD/JPY;0.00151050770113418;1063
8;NZD/JPY;0.00229590051474571;1063
9;NZD/JPY;0.000100694302960009;1064
8;NZD/JPY;0.00111972198521331;1064
9;NZD/JPY;0.000354280546792766;1065
8;NZD/JPY;0.000787654383239303;1065
9;NZD/JPY;0.000113670099656642;1066
8;NZD/JPY;-0.000188524696104396;1066
9;NZD/JPY;-0.000385877593143532;1067
8;NZD/JPY;-0.000754962310790415;1067
9;NZD/JPY;0.000313170868461043;1068
8;NZD/JPY;-0.00094218109302175;1068
9;NZD/JPY;-0.000785199221637574;1069
8;NZD/JPY;-0.00133135506924983;1069
9;NZD/JPY;-0.000539502578082781;1070
8;NZD/JPY;-0.00147912376728905;1070
9;NZD/JPY;-0.0005561397264484;1071
8;NZD/JPY;-0.00144450518356883;1071
9;NZD/JPY;-0.000653517288548182;1072
8;NZD/JPY;-0.00122785842202983;1072
9;NZD/JPY;0.000301154968146735;1073
8;NZD/JPY;-0.0006644337314032;1073
9;NZD/JPY;-0.00041841566249633;1074
8;NZD/JPY;-2.25262007873834E-06;1074
9;NZD/JPY;0.00025887017892188;1075
0;NZD/JPY;88.835;1075
8;NZD/JPY;0.000380941762346853;1075
9;NZD/JPY;0.000194702268760132;1076
1;NZD/JPY;88.483;1076
0;NZD/JPY;88.483;1076
8;NZD/JPY;7.91429954645042E-05;1076
9;NZD/JPY;-0.000435694105480398;1077
8;NZD/JPY;-0.000751197891870094;1077
9;NZD/JPY;-8.71333527636494E-05;1078
8;NZD/JPY;-6.31797469038367E-05;1078
9;NZD/JPY;0.000268684641853978;1079
1;NZD/JPY;88.622;1079
8;NZD/JPY;-0.000417171839952565;1079
9;NZD/JPY;-7.41532787251549E-05;1080
0;NZD/JPY;89.009;1080
8;NZD/JPY;0.000386960457279698;1080
9;NZD/JPY;0.000722468778546821;1081
1;NZD/JPY;89.081;1081
8;NZD/JPY;0.00133841557603863;1081
9;NZD/JPY;0.000536691069940146;1082
8;NZD/JPY;0.00052816336036134;1082
9;NZD/JPY;-0.000291863783557605;1083
8;NZD/JPY;0.000266122433013148;1083
9;NZD/JPY;0.000153482790937049;1084
8;NZD/JPY;0.000568041316868172;1084
9;NZD/JPY;0.000394672868745595;1085
8;NZD/JPY;-0.000366693952727726;1085
9;NZD/JPY;-7.62103842393776E-05;1086
8;NZD/JPY;-0.00035738578506007;1086
9;NZD/JPY;0.00010337599299179;1087
0;NZD/JPY;89.231;1087
8;NZD/JPY;0.00108803433522904;1087
9;NZD/JPY;0.000819578401438884;1088
1;NZD/JPY;88.944;1088
8;NZD/JPY;0.000409767004008718;1088
9;NZD/JPY;-0.000260636002613759;1089
8;NZD/JPY;0.000512555638758166;1089
9;NZD/JPY;0.00045330477154373;1090
8;NZD/JPY;0.000613776723177987;1090
9;NZD/JPY;0.000255420048563529;1091
8;NZD/JPY;0.00116644565719513;1091
9;NZD/JPY;0.000856996969711539;1092
8;NZD/JPY;0.000838950865233821;1092
9;NZD/JPY;0.000551166087515293;1093
8;NZD/JPY;0.00155709063121367;1093
9;NZD/JPY;0.000536170825011133;1094
8;NZD/JPY;-0.000667930431947155;1094
9;NZD/JPY;-0.000878989411513689;1095
0;NZD/JPY;88.545;1095
8;NZD/JPY;-0.000375236739457833;1095
9;NZD/JPY;0.000339986366953264;1096
1;NZD/JPY;88.24;1096
0;NZD/JPY;88.24;1096
8;NZD/JPY;-0.00269306719288967;1096
9;NZD/JPY;-0.00125655023525392;1097
8;NZD/JPY;-0.00325001806316281;1097
9;NZD/JPY;-0.000705152594942296;1098
8;NZD/JPY;-0.00343720300103419;1098
9;NZD/JPY;-0.000706820209809809;1099
8;NZD/JPY;-0.00152864105582117;1099
9;NZD/JPY;-0.00022653445937314;1100
8;NZD/JPY;-0.00106437206482258;1100
9;NZD/JPY;0.000378544282792451;1101
1;NZD/JPY;88.696;1101
8;NZD/JPY;0.00101979316365988;1101
9;NZD/JPY;0.000670633234532202;1102
8;NZD/JPY;0.00107718157175406;1102
9;NZD/JPY;0.00025174038770119;1103
8;NZD/JPY;0.00167308233198105;1103
9;NZD/JPY;0.00083937037797765;1104
8;NZD/JPY;0.00164349492994716;1104
9;NZD/JPY;0.000507472556644677;1105
8;NZD/JPY;0.0011273351532323;1105
9;NZD/JPY;0.000564284029616013;1106
8;NZD/JPY;5.4122927027525E-05;1106
9;NZD/JPY;-0.000313716307320284;1107
8;NZD/JPY;0.00059493671967525;1107
9;NZD/JPY;0.000517022170241737;1108
8;NZD/JPY;-0.000739856030603991;1108
9;NZD/JPY;-0.000673961558572658;1109
8;NZD/JPY;-0.000453042167720802;1109
9;NZD/JPY;0.000170645474198211;1110
8;NZD/JPY;-0.000716249245171012;1110
9;NZD/JPY;-0.000106388768015075;1111
0;NZD/JPY;88.85;1111
8;NZD/JPY;0.00029966602989227;1111
9;NZD/JPY;0.000469956297926272;1112
1;NZD/JPY;88.485;1112
8;NZD/JPY;-0.000942802178957325;1112
9;NZD/JPY;-0.000706316268588415;1113
0;NZD/JPY;88.345;1113
8;NZD/JPY;-8.13706444025896E-05;1113
9;NZD/JPY;6.21170503915894E-05;1114
1;NZD/JPY;88.53;1114
8;NZD/JPY;-0.000282261070554493;1114
9;NZD/JPY;6.90598906936046E-05;1115
0;NZD/JPY;88.77;1115
8;NZD/JPY;0.000243542215885209;1115
9;NZD/JPY;0.000511314181449112;1116
1;NZD/JPY;88.863;1116
8;NZD/JPY;1.57594655371307E-05;1116
9;NZD/JPY;0.000233522230404409;1117
8;NZD/JPY;-0.000180948408122448;1117
9;NZD/JPY;-0.000595764169948568;1118
8;NZD/JPY;0.000311741182447606;1118
9;NZD/JPY;0.000523795692561182;1119
0;NZD/JPY;88.884;1119
8;NZD/JPY;0.000793830819815568;1119
9;NZD/JPY;0.000701150110402642;1120
1;NZD/JPY;88.556;1120
0;NZD/JPY;88.556;1120
8;NZD/JPY;-0.000469309000218989;1120
9;NZD/JPY;-0.000513053783238706;1121
8;NZD/JPY;-0.00128282298533836;1121
9;NZD/JPY;-0.000660551007303753;1122
8;NZD/JPY;-0.00419378318346896;1122
9;NZD/JPY;-0.00147164909473964;1123
8;NZD/JPY;-0.00443691740141027;1123
9;NZD/JPY;-0.000296646457109865;1124
8;NZD/JPY;-0.0056079400156665;1124
9;NZD/JPY;-0.00120250946495494;1125
8;NZD/JPY;-0.00424178076485363;1125
9;NZD/JPY;-7.20515224096737E-07;1126
8;NZD/JPY;-0.00451408846750298;1126
9;NZD/JPY;-0.00105874268311442;1127
8;NZD/JPY;-0.00116573811306392;1127
9;NZD/JPY;-0.000641048435192744;1128
8;NZD/JPY;-0.00116424060226558;1128
9;NZD/JPY;-5.28174721482796E-05;1129
8;NZD/JPY;-0.00055166693917788;1129
9;NZD/JPY;-5.73525936794642E-05;1130
8;NZD/JPY;-0.000610073612498076;1130
9;NZD/JPY;0.000310549832646967;1131
1;NZD/JPY;86.37;1131
8;NZD/JPY;0.000106575230731889;1131
9;NZD/JPY;-1.93812130991088E-05;1132
8;NZD/JPY;0.000392427895392938;1132
9;NZD/JPY;-4.94770968772004E-05;1133
8;NZD/JPY;4.41006657506084E-05;1133
9;NZD/JPY;3.73925348154509E-06;1134
8;NZD/JPY;5.10582995717872E-05;1134
9;NZD/JPY;8.88319164272444E-05;1135
0;NZD/JPY;85.817;1135
8;NZD/JPY;-0.00108376192739487;1135
9;NZD/JPY;-0.000619451537547835;1136
8;NZD/JPY;-0.00111722402092581;1136
9;NZD/JPY;-0.000383565197052246;1137
8;NZD/JPY;-0.00261517940109093;1137
9;NZD/JPY;-0.00140895387568623;1138
8;NZD/JPY;-0.00277397605560052;1138
9;NZD/JPY;-0.000736509484199347;1139
8;NZD/JPY;-0.00213933229548821;1139
9;NZD/JPY;5.67397970024191E-05;1140
1;NZD/JPY;85.11;1140
8;NZD/JPY;-0.00200658847080316;1140
9;NZD/JPY;-0.000650924385437526;1141
0;NZD/JPY;84.669;1141
8;NZD/JPY;-0.00193559335287904;1141
9;NZD/JPY;-0.000420920933565232;1142
8;NZD/JPY;-0.0011904446261434;1142
9;NZD/JPY;-0.000894398338010798;1143
8;NZD/JPY;-0.000749735641620893;1143
9;NZD/JPY;2.10424203418305E-05;1144
1;NZD/JPY;84.941;1144
8;NZD/JPY;-0.000817900923656236;1144
9;NZD/JPY;0.00027132829835153;1145
8;NZD/JPY;-0.000810194470973603;1145
9;NZD/JPY;-0.000420718201067622;1146
8;NZD/JPY;-0.000654888688792674;1146
9;NZD/JPY;-6.05036534429827E-05;1147
8;NZD/JPY;0.00036141813264063;1147
9;NZD/JPY;0.000129185454193938;1148
8;NZD/JPY;0.000134593479657344;1148
9;NZD/JPY;7.00454756418271E-05;1149
0;NZD/JPY;85.024;1149
8;NZD/JPY;0.000207141698718115;1149
9;NZD/JPY;0.000558537717971633;1150
1;NZD/JPY;85.159;1150
8;NZD/JPY;0.000918286069483088;1150
9;NZD/JPY;0.000519250265747472;1151
8;NZD/JPY;0.00126778462983962;1151
9;NZD/JPY;0.000675661993379868;1152
8;NZD/JPY;0.00135246103731868;1152
9;NZD/JPY;0.000461434561503044;1153
8;NZD/JPY;0.00133394211822297;1153
9;NZD/JPY;0.000387608861081745;1154
8;NZD/JPY;0.000952908049346741;1154
9;NZD/JPY;0.000528292606417454;1155
8;NZD/JPY;-0.000133948246936211;1155
9;NZD/JPY;-0.000479312519603566;1156
8;NZD/JPY;-0.00106732118878775;1156
9;NZD/JPY;-0.00059327935887749;1157
0;NZD/JPY;83.875;1157
8;NZD/JPY;-0.00160751190493181;1157
9;NZD/JPY;-0.000709781530156099;1158
8;NZD/JPY;-0.0039977174979487;1158
9;NZD/JPY;-0.00172960240912754;1159
8;NZD/JPY;-0.00343620631219155;1159
9;NZD/JPY;-5.1314596360753E-05;1160
8;NZD/JPY;-0.00267891785823832;1160
9;NZD/JPY;-0.000429052740506397;1161
8;NZD/JPY;-0.00240699621426867;1161
9;NZD/JPY;-0.000530322005392498;1162
8;NZD/JPY;-0.00339847551745197;1162
9;NZD/JPY;-0.00133304921452574;1163
8;NZD/JPY;-0.00208481752189475;1163
9;NZD/JPY;-0.0010836797106115;1164
8;NZD/JPY;-0.00223249219064157;1164
9;NZD/JPY;3.6464759558161E-05;1165
1;NZD/JPY;83.28;1165
8;NZD/JPY;-0.00164588324054791;1165
9;NZD/JPY;0.000109686111843673;1166
8;NZD/JPY;-0.00184070229268454;1166
9;NZD/JPY;-0.000650194287955203;1167
0;NZD/JPY;82.447;1167
8;NZD/JPY;-0.00105313502084363;1167
9;NZD/JPY;-0.000656788624793578;1168
8;NZD/JPY;-0.000748316255239086;1168
9;NZD/JPY;-0.000668302777995154;1169
8;NZD/JPY;-0.000554792067647676;1169
9;NZD/JPY;0.000484273078062148;1170
1;NZD/JPY;82.712;1170
8;NZD/JPY;-0.00132314348431718;1170
9;NZD/JPY;-0.000452297479051792;1171
0;NZD/JPY;82.245;1171
8;NZD/JPY;-0.00130930992298902;1171
9;NZD/JPY;-0.000614177709886207;1172
8;NZD/JPY;-0.00177170573810526;1172
9;NZD/JPY;-0.0010850478617499;1173
8;NZD/JPY;-0.00147575187396512;1173
9;NZD/JPY;-0.000682546810638334;1174
8;NZD/JPY;-0.00184181016388342;1174
9;NZD/JPY;-3.89347841456262E-05;1175
8;NZD/JPY;-0.00146588366159355;1175
9;NZD/JPY;-0.000179568930805613;1176
8;NZD/JPY;-0.00169155297752576;1176
9;NZD/JPY;-0.000809577881288952;1177
8;NZD/JPY;-0.00168180333355475;1177
9;NZD/JPY;-0.00104414644496057;1178
8;NZD/JPY;-0.00112506501067618;1178
9;NZD/JPY;-0.000176881755198531;1179
8;NZD/JPY;-0.00100201834818305;1179
9;NZD/JPY;0.000271261782148048;1180
1;NZD/JPY;81.02;1180
0;NZD/JPY;80.974;1180
8;NZD/JPY;-0.00271485729572586;1180
9;NZD/JPY;-0.00137281392857767;1181
8;NZD/JPY;-0.00139807537583083;1181
9;NZD/JPY;0.00024105760168269;1182
1;NZD/JPY;81.174;1182
8;NZD/JPY;-0.000497206547458621;1182
9;NZD/JPY;-0.000165422219558213;1183
0;NZD/JPY;81.526;1183
8;NZD/JPY;0.000334012897831327;1183
9;NZD/JPY;0.000780015419301724;1184
1;NZD/JPY;81.535;1184
8;NZD/JPY;-0.000274597341295471;1184
9;NZD/JPY;9.36564219347519E-05;1185
8;NZD/JPY;0.00263445724347951;1185
9;NZD/JPY;0.00145500711748629;1186
8;NZD/JPY;0.00303872574068706;1186
9;NZD/JPY;0.00141459811647778;1187
8;NZD/JPY;0.00255407544472695;1187
9;NZD/JPY;0.000174167634689733;1188
8;NZD/JPY;0.00168608278037844;1188
9;NZD/JPY;0.000432477692605426;1189
8;NZD/JPY;0.00270979119126116;1189
9;NZD/JPY;0.00133163734405339;1190
8;NZD/JPY;0.00114447787353576;1190
9;NZD/JPY;0.000175398387273567;1191
8;NZD/JPY;0.000159936034112881;1191
9;NZD/JPY;0.000120894689259193;1192
8;NZD/JPY;0.000701963910052799;1192
9;NZD/JPY;8.0879290968996E-05;1193
8;NZD/JPY;0.00133628896182557;1193
9;NZD/JPY;0.000811470311069706;1194
8;NZD/JPY;2.66229405431091E-05;1194
9;NZD/JPY;-0.000113674708944881;1195
8;NZD/JPY;0.000336506824650936;1195
9;NZD/JPY;0.000221951176166966;1196
8;NZD/JPY;-0.00184947659183989;1196
9;NZD/JPY;-0.00119515989234549;1197
0;NZD/JPY;80.616;1197
8;NZD/JPY;-0.00266052251348294;1197
9;NZD/JPY;-0.00106527880898478;1198
8;NZD/JPY;-0.00465845330645487;1198
9;NZD/JPY;-0.00168595077434244;1199
8;NZD/JPY;-0.00381392076640188;1199
9;NZD/JPY;-0.000269920396024818;1200
8;NZD/JPY;-0.00421176261727871;1200
9;NZD/JPY;-0.00100085934736682;1201
8;NZD/JPY;-0.00206672560531326;1201
9;NZD/JPY;-0.000401993603455377;1202
8;NZD/JPY;-0.00121258797305675;1202
9;NZD/JPY;-0.000315192122349625;1203
8;NZD/JPY;6.43158408036183E-05;1203
9;NZD/JPY;4.40495364866239E-06;1204
1;NZD/JPY;81.767;1204
8;NZD/JPY;0.0016214313104664;1204
9;NZD/JPY;0.00123776406269944;1205
8;NZD/JPY;0.00162137449288098;1205
9;NZD/JPY;8.36454521971586E-05;1206
8;NZD/JPY;0.00195667895498566;1206
9;NZD/JPY;0.000629874394585834;1207
8;NZD/JPY;0.00293742205263863;1207
9;NZD/JPY;0.0011745803170804;1208
8;NZD/JPY;0.00311910075747592;1208
9;NZD/JPY;0.000754440330029184;1209
8;NZD/JPY;0.000781441775581787;1209
9;NZD/JPY;0.000132819305278046;1210
8;NZD/JPY;0.000565245162716758;1210
9;NZD/JPY;-0.000147332858194656;1211
8;NZD/JPY;-0.000575673904837748;1211
9;NZD/JPY;-0.000618138287418495;1212
8;NZD/JPY;-7.30829430581094E-06;1212
9;NZD/JPY;0.000781597717032655;1213
0;NZD/JPY;82.62;1213
8;NZD/JPY;0.00113151039960321;1213
9;NZD/JPY;0.000980892367456004;1214
1;NZD/JPY;82.315;1214
8;NZD/JPY;0.000576793599946697;1214
9;NZD/JPY;-0.00036637962433792;1215
0;NZD/JPY;81.35;1215
8;NZD/JPY;0.000288124675940558;1215
9;NZD/JPY;-0.000469441860720807;1216
8;NZD/JPY;-4.17088356772472E-05;1216
9;NZD/JPY;-0.000689018914590503;1217
8;NZD/JPY;-0.00151123133079576;1217
9;NZD/JPY;-0.000393959892496554;1218
8;NZD/JPY;-0.00291701816154026;1218
9;NZD/JPY;-0.000811312032230817;1219
8;NZD/JPY;-0.00203960023351482;1219
9;NZD/JPY;-0.000347065801462388;1220
8;NZD/JPY;-0.000525284169020984;1220
9;NZD/JPY;0.000424625762883107;1221
1;NZD/JPY;81.708;1221
8;NZD/JPY;0.000428940131205485;1221
9;NZD/JPY;5.0143014696757E-05;1222
8;NZD/JPY;0.00228928159660831;1222
9;NZD/JPY;0.0014214504648293;1223
8;NZD/JPY;0.00286132100839453;1223
9;NZD/JPY;0.000974727095381987;1224
8;NZD/JPY;0.00362991668959864;1224
9;NZD/JPY;0.00146358922848808;1225
8;NZD/JPY;0.0022937453828884;1225
9;NZD/JPY;0.000120214796887949;1226
8;NZD/JPY;0.00257142055182207;1226
9;NZD/JPY;0.000696451879001787;1227
8;NZD/JPY;0.000164946462394336;1227
9;NZD/JPY;-0.000321088339507871;1228
8;NZD/JPY;-0.000783824630813358;1228
9;NZD/JPY;-0.000544050845269656;1229
8;NZD/JPY;-0.00247199745920101;1229
9;NZD/JPY;-0.00110988003046483;1230
8;NZD/JPY;-0.00179774307624618;1230
9;NZD/JPY;-0.000376705028530657;1231
8;NZD/JPY;-0.00303962400507613;1231
9;NZD/JPY;-0.00140155318213038;1232
8;NZD/JPY;-0.000981978808755232;1232
9;NZD/JPY;0.000565860573431817;1233
8;NZD/JPY;-0.00159408131955226;1233
9;NZD/JPY;-0.00105766238519406;1234
8;NZD/JPY;-0.000268685922188672;1234
9;NZD/JPY;0.000370965885823079;1235
0;NZD/JPY;81.867;1235
8;NZD/JPY;-0.000280835470480205;1235
9;NZD/JPY;2.13666461463182E-05;1236
1;NZD/JPY;81.393;1236
0;NZD/JPY;81.393;1236
8;NZD/JPY;-0.000316842449460766;1236
9;NZD/JPY;-0.000713808033726007;1237
8;NZD/JPY;-0.000795918919512435;1237
9;NZD/JPY;0.000515419596108964;1238
1;NZD/JPY;81.701;1238
0;NZD/JPY;81.167;1238
8;NZD/JPY;0.000178837202702243;1238
9;NZD/JPY;-7.75764949418325E-06;1239
8;NZD/JPY;-0.00147441007766454;1239
9;NZD/JPY;-0.000959287994733556;1240
8;NZD/JPY;-0.00136090810584461;1240
9;NZD/JPY;-0.000142049078886708;1241
8;NZD/JPY;2.45807446738564E-06;1241
9;NZD/JPY;0.000218537204125594;1242
1;NZD/JPY;81.435;1242
8;NZD/JPY;-0.000826118240521668;1242
9;NZD/JPY;-3.11288551296366E-05;1243
0;NZD/JPY;81.55;1243
8;NZD/JPY;-0.000370100412600146;1243
9;NZD/JPY;0.000188988101520914;1244
1;NZD/JPY;81.562;1244
8;NZD/JPY;0.000781490986096138;1244
9;NZD/JPY;0.000314164780953008;1245
8;NZD/JPY;0.00083235751865325;1245
9;NZD/JPY;0.000441305947921868;1246
8;NZD/JPY;0.00102728406842707;1246
9;NZD/JPY;0.000621516685163463;1247
8;NZD/JPY;0.00121714909765709;1247
9;NZD/JPY;0.00062745455191395;1248
8;NZD/JPY;0.00144708526684559;1248
9;NZD/JPY;0.000800581744569437;1249
8;NZD/JPY;0.00130548447241976;1249
9;NZD/JPY;0.000354467132030108;1250
8;NZD/JPY;0.00141610797324902;1250
9;NZD/JPY;0.00067486650507547;1251
8;NZD/JPY;0.00151289784628607;1251
9;NZD/JPY;0.000813525348812292;1252
8;NZD/JPY;0.000331776176007293;1252
9;NZD/JPY;-0.000386006478566688;1253
8;NZD/JPY;-0.00125827299228593;1253
9;NZD/JPY;-0.000901179163934522;1254
0;NZD/JPY;80.984;1254
8;NZD/JPY;-0.000336556714829817;1254
9;NZD/JPY;0.000548829554216411;1255
1;NZD/JPY;81.679;1255
8;NZD/JPY;-0.00134996271030054;1255
9;NZD/JPY;-0.000728982432313821;1256
0;NZD/JPY;82.195;1256
8;NZD/JPY;-0.000578470616921022;1256
9;NZD/JPY;0.000631923948760225;1257
1;NZD/JPY;82.17;1257
8;NZD/JPY;0.00022655990729334;1257
9;NZD/JPY;6.31703179804372E-05;1258
8;NZD/JPY;0.000938957380980078;1258
9;NZD/JPY;-1.12651146962095E-05;1259
8;NZD/JPY;-0.000635635191792182;1259
9;NZD/JPY;-0.000647626262081575;1260
8;NZD/JPY;-0.000276976102996246;1260
9;NZD/JPY;-0.000300440286051988;1261
8;NZD/JPY;-0.00243914421634949;1261
9;NZD/JPY;-0.00116323623310076;1262
8;NZD/JPY;-0.00198685232812693;1262
9;NZD/JPY;-0.000177720115419592;1263
8;NZD/JPY;-0.00161410701523552;1263
9;NZD/JPY;-0.000363158094696216;1264
8;NZD/JPY;-0.00048541927995716;1264
9;NZD/JPY;0.000215265744793245;1265
0;NZD/JPY;81.808;1265
8;NZD/JPY;0.00059514741965567;1265
9;NZD/JPY;0.000727942263456208;1266
1;NZD/JPY;81.868;1266
8;NZD/JPY;0.0016782697573029;1266
9;NZD/JPY;0.00064445452089698;1267
8;NZD/JPY;0.00103748538769091;1267
9;NZD/JPY;0.000166365272491403;1268
8;NZD/JPY;0.00126007060354344;1268
9;NZD/JPY;0.000549731685211185;1269
8;NZD/JPY;0.00115522373170193;1269
9;NZD/JPY;0.00056699220901611;1270
8;NZD/JPY;0.00030057371239205;1270
9;NZD/JPY;6.46736071307928E-05;1271
8;NZD/JPY;-0.00102884665615617;1271
9;NZD/JPY;-0.000871279239507173;1272
8;NZD/JPY;1.95697109954986E-05;1272
9;NZD/JPY;0.000625530779382183;1273
0;NZD/JPY;81.825;1273
8;NZD/JPY;-9.53306341036749E-05;1273
9;NZD/JPY;0.000135471804362984;1274
1;NZD/JPY;81.952;1274
8;NZD/JPY;-4.1492003785445E-05;1274
9;NZD/JPY;0.000314356100744308;1275
0;NZD/JPY;81.335;1275
8;NZD/JPY;-0.000400865416578385;1275
9;NZD/JPY;-0.000343312177807604;1276
8;NZD/JPY;-0.000108090848073402;1276
9;NZD/JPY;-0.000515939296540045;1277
8;NZD/JPY;0.000229800783135609;1277
9;NZD/JPY;0.000790139310215473;1278
1;NZD/JPY;80.679;1278
0;NZD/JPY;80.679;1278
8;NZD/JPY;-0.00281925422651555;1278
9;NZD/JPY;-0.00135565193616952;1279
8;NZD/JPY;-0.00557148743573001;1279
9;NZD/JPY;-0.00179578454091424;1280
8;NZD/JPY;-0.0114882539298139;1280
9;NZD/JPY;-0.00216068464478601;1281
8;NZD/JPY;-0.0115417121830293;1281
9;NZD/JPY;-0.00169204663129969;1282
8;NZD/JPY;-0.00943516910347924;1282
9;NZD/JPY;7.55725033231007E-05;1283
1;NZD/JPY;78.185;1283
8;NZD/JPY;-0.00628703792114958;1283
9;NZD/JPY;-0.000370664233542093;1284
8;NZD/JPY;-0.00768557892841874;1284
9;NZD/JPY;-0.00158938478808221;1285
8;NZD/JPY;0.000646805991733156;1285
9;NZD/JPY;0.001166049647825;1286
8;NZD/JPY;-0.000905374425373031;1286
9;NZD/JPY;-0.000899415265412039;1287
8;NZD/JPY;-0.00188113765298308;1287
9;NZD/JPY;0.00102998705352861;1288
0;NZD/JPY;78.08;1288
8;NZD/JPY;-0.000276547300355017;1288
9;NZD/JPY;0.0012486637270946;1289
1;NZD/JPY;78.295;1289
8;NZD/JPY;0.00411746980700511;1289
9;NZD/JPY;0.00131613328567142;1290
8;NZD/JPY;0.00248488667266286;1290
9;NZD/JPY;0.000871111142420675;1291
8;NZD/JPY;0.0044276143569306;1291
9;NZD/JPY;0.00054516344035659;1292
8;NZD/JPY;0.00211919787448227;1292
9;NZD/JPY;0.000480945486384233;1293
8;NZD/JPY;0.000749375864723869;1293
9;NZD/JPY;0.000566211436096064;1294
8;NZD/JPY;-0.00141283544473785;1294
9;NZD/JPY;-0.00106160074421335;1295
8;NZD/JPY;-0.00369741985783255;1295
9;NZD/JPY;-0.00159797523828084;1296
8;NZD/JPY;-0.00332709131041142;1296
9;NZD/JPY;-0.000679235255878313;1297
8;NZD/JPY;-0.00438657180369323;1297
9;NZD/JPY;-0.0014949099189523;1298
8;NZD/JPY;-0.00585420283685882;1298
9;NZD/JPY;-0.00184181877901741;1299
8;NZD/JPY;-0.00543048110231864;1299
9;NZD/JPY;-0.00184064853327591;1300
8;NZD/JPY;-0.00194287839059457;1300
9;NZD/JPY;0.000371451793684548;1301
8;NZD/JPY;-0.00209935195978163;1301
9;NZD/JPY;-0.00071022728764775;1302
0;NZD/JPY;76.857;1302
8;NZD/JPY;0.000918366298339817;1302
9;NZD/JPY;0.00104897522750904;1303
1;NZD/JPY;76.495;1303
8;NZD/JPY;0.00100947413681121;1303
9;NZD/JPY;-0.000446184871322357;1304
8;NZD/JPY;0.00330924125726555;1304
9;NZD/JPY;0.00137527600464916;1305
8;NZD/JPY;0.00148497414228232;1305
9;NZD/JPY;6.94990238090501E-05;1306
0;NZD/JPY;75.363;1306
8;NZD/JPY;-0.000399879117204125;1306
9;NZD/JPY;-0.000964384130334728;1307
8;NZD/JPY;-0.00554509777276726;1307
9;NZD/JPY;-0.00181781834886767;1308
8;NZD/JPY;-0.00403947395421656;1308
9;NZD/JPY;-7.72043802519634E-06;1309
8;NZD/JPY;-0.00523274173708661;1309
9;NZD/JPY;-0.00072483015312523;1310
8;NZD/JPY;-0.00588110536913266;1310
9;NZD/JPY;-0.00144083192796293;1311
8;NZD/JPY;-0.00290457959505421;1311
9;NZD/JPY;0.000267688868370057;1312
1;NZD/JPY;75.602;1312
8;NZD/JPY;0.00225134103272291;1312
9;NZD/JPY;0.0014324079738093;1313
8;NZD/JPY;0.00272221234043038;1313
9;NZD/JPY;0.00125838140497193;1314
8;NZD/JPY;0.00430214983716228;1314
9;NZD/JPY;0.00177224846441908;1315
8;NZD/JPY;0.00584463611391612;1315
9;NZD/JPY;0.00174621796091923;1316
8;NZD/JPY;0.00668962197060085;1316
9;NZD/JPY;0.00230985084061364;1317
8;NZD/JPY;-0.000739666402893754;1317
9;NZD/JPY;-0.000343428393620587;1318
8;NZD/JPY;0.00112624587971915;1318
9;NZD/JPY;0.00187165866386532;1319
8;NZD/JPY;-0.00110564104676645;1319
9;NZD/JPY;-0.000113697383531694;1320
8;NZD/JPY;-0.00161651917816057;1320
9;NZD/JPY;0.000274705562174328;1321
8;NZD/JPY;-0.00380084349216709;1321
9;NZD/JPY;-0.000648393075091457;1322
8;NZD/JPY;0.0022712511354524;1322
9;NZD/JPY;0.000700508002053679;1323
0;NZD/JPY;76.378;1323
8;NZD/JPY;-0.000102124318935281;1323
9;NZD/JPY;0.000399683690204582;1324
1;NZD/JPY;75.967;1324
8;NZD/JPY;-0.000486634245281003;1324
9;NZD/JPY;-0.000705275349553816;1325
8;NZD/JPY;-0.000728818713868385;1325
9;NZD/JPY;-0.000225174534676991;1326
0;NZD/JPY;76.334;1326
8;NZD/JPY;0.000969453658766167;1326
9;NZD/JPY;0.00100536789277475;1327
1;NZD/JPY;75.464;1327
0;NZD/JPY;75.464;1327
8;NZD/JPY;-0.00189975043158155;1327
9;NZD/JPY;-0.00119290783458775;1328
8;NZD/JPY;-0.00115843370988805;1328
9;NZD/JPY;0.000667170226366993;1329
1;NZD/JPY;76.43;1329
8;NZD/JPY;0.00122876958575608;1329
9;NZD/JPY;0.00123164608273276;1330
8;NZD/JPY;0.0018445159697893;1330
9;NZD/JPY;0.000970998133394126;1331
8;NZD/JPY;0.000722060223389058;1331
9;NZD/JPY;0.000412697352910529;1332
8;NZD/JPY;0.00291084579682029;1332
9;NZD/JPY;0.000674974589320385;1333
8;NZD/JPY;0.00240392545312271;1333
9;NZD/JPY;0.00114694251542146;1334
8;NZD/JPY;-1.04703819096053E-05;1334
9;NZD/JPY;-0.000591955847452775;1335
8;NZD/JPY;-0.000245652119579194;1335
9;NZD/JPY;0.000175792344141585;1336
8;NZD/JPY;-0.000509880846444226;1336
9;NZD/JPY;-0.000220903590390454;1337
0;NZD/JPY;76.89;1337
8;NZD/JPY;0.000834355758609576;1337
9;NZD/JPY;0.000993787652040509;1338
1;NZD/JPY;76.591;1338
8;NZD/JPY;-0.000704042448024958;1338
9;NZD/JPY;-0.000647014583869556;1339
8;NZD/JPY;-0.000212143255860637;1339
9;NZD/JPY;-0.000459596887845581;1340
0;NZD/JPY;75.894;1340
8;NZD/JPY;-0.00131965191991826;1340
9;NZD/JPY;-0.000894718868548556;1341
8;NZD/JPY;-0.00040621922277393;1341
9;NZD/JPY;0.000380729721785965;1342
1;NZD/JPY;75.971;1342
0;NZD/JPY;75.841;1342
8;NZD/JPY;-0.00240558350230767;1342
9;NZD/JPY;-0.00106207503844905;1343
8;NZD/JPY;-0.00280412842660418;1343
9;NZD/JPY;-0.00134063039323653;1344
8;NZD/JPY;-0.00220807470477724;1344
9;NZD/JPY;-0.000501136394378413;1345
8;NZD/JPY;-0.00184844932510082;1345
9;NZD/JPY;-0.000764570936303333;1346
8;NZD/JPY;-0.00332514354868101;1346
9;NZD/JPY;-0.00131068463416452;1347
8;NZD/JPY;-0.00115412615509581;1347
9;NZD/JPY;0.000520132798297235;1348
1;NZD/JPY;75.502;1348
8;NZD/JPY;-6.09372417365225E-05;1348
9;NZD/JPY;-7.90275054844821E-05;1349
8;NZD/JPY;0.000656007148210058;1349
9;NZD/JPY;0.000631713652383214;1350
8;NZD/JPY;0.00220611355801655;1350
9;NZD/JPY;0.00119653359784923;1351
8;NZD/JPY;0.00346151553476763;1351
9;NZD/JPY;0.00121028949291773;1352
8;NZD/JPY;0.0035414953135951;1352
9;NZD/JPY;0.0017077171244484;1353
8;NZD/JPY;0.00327214799512252;1353
9;NZD/JPY;0.000588797366459958;1354
8;NZD/JPY;0.00263399885049301;1354
9;NZD/JPY;0.000701078193374199;1355
8;NZD/JPY;-0.000239248630174858;1355
9;NZD/JPY;-0.000841274695481572;1356
8;NZD/JPY;-0.0020103849460188;1356
9;NZD/JPY;-0.00111831398965966;1357
8;NZD/JPY;-0.00236630294473677;1357
9;NZD/JPY;0.000277037489467587;1358
8;NZD/JPY;-0.00126308776956136;1358
9;NZD/JPY;0.000379790570135601;1359
8;NZD/JPY;-0.00147013322828843;1359
9;NZD/JPY;-0.000289767255530331;1360
0;NZD/JPY;76.618;1360
8;NZD/JPY;0.00149389380341886;1360
9;NZD/JPY;0.00111679750109518;1361
1;NZD/JPY;76.565;1361
8;NZD/JPY;0.00266472445107697;1361
9;NZD/JPY;0.000599393950686298;1362
8;NZD/JPY;0.00162591861184255;1362
9;NZD/JPY;0.00053140565760839;1363
8;NZD/JPY;0.00233682860863859;1363
9;NZD/JPY;0.00137597165097738;1364
8;NZD/JPY;0.00125108372467811;1364
9;NZD/JPY;-0.00038705548157508;1365
8;NZD/JPY;0.000198345398201784;1365
9;NZD/JPY;0.000127329305070294;1366
0;NZD/JPY;76.949;1366
8;NZD/JPY;0.00100611438409608;1366
9;NZD/JPY;0.000749796070608467;1367
1;NZD/JPY;76.805;1367
0;NZD/JPY;76.805;1367
8;NZD/JPY;0.000552940454706044;1367
9;NZD/JPY;-6.69656295486468E-05;1368
8;NZD/JPY;0.000727278234466798;1368
9;NZD/JPY;0.00104877750984859;1369
1;NZD/JPY;78.163;1369
8;NZD/JPY;0.00381707250269798;1369
9;NZD/JPY;0.00172854564106973;1370
8;NZD/JPY;0.00416388614211141;1370
9;NZD/JPY;0.00121622461874766;1371
8;NZD/JPY;0.00336705684967769;1371
9;NZD/JPY;0.000630363618188301;1372
8;NZD/JPY;0.00324492036967582;1372
9;NZD/JPY;0.000368526972971;1373
8;NZD/JPY;0.00282946751950781;1373
9;NZD/JPY;0.00135140096545928;1374
8;NZD/JPY;0.00139026738836352;1374
9;NZD/JPY;0.000675762889800668;1375
8;NZD/JPY;0.00286625070472645;1375
9;NZD/JPY;0.00153960390717621;1376
8;NZD/JPY;0.002918648331586;1376
9;NZD/JPY;0.000600353218186368;1377
8;NZD/JPY;0.00293064173472716;1377
9;NZD/JPY;0.000343855403619519;1378
8;NZD/JPY;0.00145929548321667;1378
9;NZD/JPY;0.000126785766190779;1379
8;NZD/JPY;0.00248842696060553;1379
9;NZD/JPY;0.00129759944229555;1380
8;NZD/JPY;0.00140536370969264;1380
9;NZD/JPY;0.000873039808671886;1381
8;NZD/JPY;0.0030603657435617;1381
9;NZD/JPY;0.00153486963444378;1382
8;NZD/JPY;0.00344512355305582;1382
9;NZD/JPY;0.000760741213472697;1383
8;NZD/JPY;0.00294434876036023;1383
9;NZD/JPY;0.000195821631856274;1384
8;NZD/JPY;0.00304227217566556;1384
9;NZD/JPY;0.00151539086989982;1385
8;NZD/JPY;0.00209712543172731;1385
9;NZD/JPY;0.000346923936494422;1386
8;NZD/JPY;-0.000345193760453927;1386
9;NZD/JPY;-0.000662976116690243;1387
8;NZD/JPY;-0.00135993948474717;1387
9;NZD/JPY;-0.00100999141318558;1388
8;NZD/JPY;-0.000376603324876082;1388
9;NZD/JPY;8.31529043562031E-05;1389
8;NZD/JPY;-0.00329601077105255;1389
9;NZD/JPY;-0.00149920217208408;1390
8;NZD/JPY;-0.00071398543735292;1390
9;NZD/JPY;0.000710311261788739;1391
0;NZD/JPY;80.671;1391
8;NZD/JPY;0.000449379809321621;1391
9;NZD/JPY;0.000232281264081385;1392
1;NZD/JPY;80.941;1392
8;NZD/JPY;0.00219966799276432;1392
9;NZD/JPY;0.000903793432946618;1393
8;NZD/JPY;0.00309150435140107;1393
9;NZD/JPY;0.00133969206337088;1394
8;NZD/JPY;0.00363202488361698;1394
9;NZD/JPY;0.000213048158081442;1395
8;NZD/JPY;0.00216875249402975;1395
9;NZD/JPY;0.00121023993339062;1396
8;NZD/JPY;0.00153662576365957;1396
9;NZD/JPY;0.000192884670892243;1397
8;NZD/JPY;0.000922353879589683;1397
9;NZD/JPY;0.000299283078367266;1398
8;NZD/JPY;-0.000783213650541974;1398
9;NZD/JPY;-0.000560307245012989;1399
8;NZD/JPY;0.000500502612700746;1399
9;NZD/JPY;0.000479918266905758;1400
0;NZD/JPY;81.309;1400
8;NZD/JPY;-0.000299949654854674;1400
9;NZD/JPY;9.99284193297863E-05;1401
1;NZD/JPY;81.369;1401
8;NZD/JPY;0.000189406765153916;1401
9;NZD/JPY;0.0002246160191062;1402
8;NZD/JPY;0.00119713830101293;1402
9;NZD/JPY;0.00100866083287746;1403
8;NZD/JPY;-0.000370507701367757;1403
9;NZD/JPY;-0.000806745750611708;1404
0;NZD/JPY;80.675;1404
8;NZD/JPY;-0.000767291185294701;1404
9;NZD/JPY;6.51747288223222E-05;1405
1;NZD/JPY;80.534;1405
0;NZD/JPY;80.534;1405
8;NZD/JPY;-0.0019184799382879;1405
9;NZD/JPY;-0.000872782269725778;1406
8;NZD/JPY;-0.00153268802593293;1406
9;NZD/JPY;0.000218782125383874;1407
1;NZD/JPY;80.579;1407
8;NZD/JPY;-0.0029989411559623;1407
9;NZD/JPY;-0.000815153619415321;1408
8;NZD/JPY;-4.69799904491069E-05;1408
9;NZD/JPY;0.000583683024742574;1409
0;NZD/JPY;81.816;1409
8;NZD/JPY;0.00217331980863669;1409
9;NZD/JPY;0.00139522857015325;1410
1;NZD/JPY;82.139;1410
8;NZD/JPY;0.00393081070860859;1410
9;NZD/JPY;0.00138071366078382;1411
8;NZD/JPY;0.00399336281578592;1411
9;NZD/JPY;0.00129572023507413;1412
8;NZD/JPY;0.00305518722063691;1412
9;NZD/JPY;-5.51806111343938E-05;1413
8;NZD/JPY;0.0024015676106713;1413
9;NZD/JPY;0.000647006243402678;1414
8;NZD/JPY;0.000327388296901852;1414
9;NZD/JPY;0.000340389667672958;1415
