8;NZD/USD;0.0373466542988121;5
8;NZD/USD;0.00223720588345374;6
8;NZD/USD;0.00198208036600523;7
8;NZD/USD;0.00129131363553154;8
8;NZD/USD;0.00248429282569472;9
8;NZD/USD;0.000885224746374361;10
8;NZD/USD;-0.000770378836147848;11
8;NZD/USD;0.000336095926860353;12
8;NZD/USD;0.00029012492545748;13
8;NZD/USD;-0.000313990765537146;14
8;NZD/USD;0.000103745078958864;15
8;NZD/USD;-0.000137966929716522;16
8;NZD/USD;-0.000406287926903167;17
8;NZD/USD;-0.000665493593079515;18
8;NZD/USD;-0.000738611404024726;19
8;NZD/USD;-0.00128734519072394;20
8;NZD/USD;0.000729901355131001;21
8;NZD/USD;0.000973226178590636;22
8;NZD/USD;0.00169685845802028;23
8;NZD/USD;0.00286648288705015;24
8;NZD/USD;0.00329372188995012;25
8;NZD/USD;0.00212373537728688;26
8;NZD/USD;0.00277044550531549;27
8;NZD/USD;0.00106432957663552;28
8;NZD/USD;-0.000363858434988882;29
8;NZD/USD;-0.0006386075660572;30
8;NZD/USD;-0.00114185484044072;31
8;NZD/USD;-0.00241902770922698;32
8;NZD/USD;-0.000932179184686914;33
8;NZD/USD;-2.63575643595709E-05;34
8;NZD/USD;-0.00137018119831884;35
8;NZD/USD;-0.00176021390577474;36
8;NZD/USD;-0.0015377913087128;37
8;NZD/USD;-0.00197450220006472;38
8;NZD/USD;-0.00200130513394165;39
8;NZD/USD;0.000517925936999582;40
8;NZD/USD;0.00137573703619854;41
8;NZD/USD;0.00152576665817561;42
8;NZD/USD;0.0015922285176605;43
8;NZD/USD;0.00156950532124882;44
8;NZD/USD;-9.62359706185036E-06;45
8;NZD/USD;-0.000269574257964235;46
8;NZD/USD;-0.000928075911300459;47
8;NZD/USD;0.00055993836402734;48
8;NZD/USD;-0.00106186629412012;49
8;NZD/USD;-0.00101548160969284;50
8;NZD/USD;-0.00125152922921288;51
8;NZD/USD;-0.00111940590734357;52
8;NZD/USD;-0.00199940164168754;53
8;NZD/USD;-0.000725593665704321;54
8;NZD/USD;-0.00118114637671971;55
8;NZD/USD;0.000513155946805252;56
8;NZD/USD;0.000700967882453837;57
8;NZD/USD;0.000331801552254942;58
8;NZD/USD;0.000513025557478337;59
8;NZD/USD;0.000970651876720794;60
8;NZD/USD;-0.00158241730292356;61
8;NZD/USD;-0.00241396730049266;62
8;NZD/USD;-0.00295709390432404;63
8;NZD/USD;-0.00232638494377741;64
8;NZD/USD;-0.0026929787305841;65
8;NZD/USD;-0.00299997032481265;66
8;NZD/USD;-0.00148322831576889;67
8;NZD/USD;-0.00100454471259299;68
8;NZD/USD;-0.00120170561778728;69
8;NZD/USD;-0.0019576817180441;70
8;NZD/USD;0.00149579007130437;71
8;NZD/USD;0.0015836797367568;72
8;NZD/USD;0.00290863427982067;73
8;NZD/USD;0.00173159134307816;74
8;NZD/USD;0.00333429100030935;75
8;NZD/USD;0.00191798189811266;76
8;NZD/USD;0.0014423931458823;77
8;NZD/USD;0.00125617281508295;78
8;NZD/USD;0.00101433540822275;79
8;NZD/USD;0.000605828824038605;80
8;NZD/USD;0.00134018059468636;81
8;NZD/USD;0.0013354630713447;82
8;NZD/USD;-0.000232209401538991;83
8;NZD/USD;0.000748325316479401;84
8;NZD/USD;0.000843637614545578;85
8;NZD/USD;0.000882077924641928;86
8;NZD/USD;0.000913436186232178;87
8;NZD/USD;0.00108856613356834;88
8;NZD/USD;0.00194604841710751;89
8;NZD/USD;0.00125641732552991;90
8;NZD/USD;1.6832486709295E-05;91
8;NZD/USD;8.8951396741056E-05;92
8;NZD/USD;0.0011137944506924;93
8;NZD/USD;-0.000265892185164095;94
8;NZD/USD;0.000899470829174856;95
8;NZD/USD;0.000882918900315666;96
8;NZD/USD;0.00134148305067593;97
8;NZD/USD;6.94066338166843E-05;98
8;NZD/USD;0.000304189853910551;99
8;NZD/USD;0.000145932148028736;100
8;NZD/USD;-0.000534564187238308;101
8;NZD/USD;-0.00174809728628773;102
8;NZD/USD;-0.00150119298489014;103
8;NZD/USD;-0.00100775221013652;104
8;NZD/USD;-0.00113196536960051;105
8;NZD/USD;-0.00143575288667605;106
8;NZD/USD;-0.000719008640047964;107
8;NZD/USD;-3.61674554167273E-05;108
8;NZD/USD;-0.000272002449026355;109
8;NZD/USD;-0.000416503806972049;110
8;NZD/USD;6.76827137558332E-05;111
8;NZD/USD;7.4916776796283E-05;112
8;NZD/USD;-0.000132669988281187;113
8;NZD/USD;8.66958074479395E-05;114
8;NZD/USD;0.000767330502081214;115
8;NZD/USD;0.00128644143847289;116
8;NZD/USD;0.00131012196920773;117
8;NZD/USD;0.00095806836716489;118
8;NZD/USD;0.000593818239949019;119
8;NZD/USD;-0.000733592716886839;120
8;NZD/USD;-0.00047843749337132;121
8;NZD/USD;-0.000204141692045687;122
8;NZD/USD;0.00113744836372178;123
8;NZD/USD;0.000788227928991303;124
8;NZD/USD;0.00252614773768481;125
8;NZD/USD;0.00222139395870807;126
8;NZD/USD;0.000877530898558861;127
8;NZD/USD;-0.000200678501236506;128
8;NZD/USD;0.000229415374475785;129
8;NZD/USD;-0.0010496833303872;130
8;NZD/USD;-0.000643769704991959;131
8;NZD/USD;0.000697355772489162;132
8;NZD/USD;0.000596666273874815;133
8;NZD/USD;0.000586678534731441;134
8;NZD/USD;0.00145614646967658;135
8;NZD/USD;0.000876922648782058;136
8;NZD/USD;0.00115056240672445;137
8;NZD/USD;0.00202017129561615;138
8;NZD/USD;0.00176630374828133;139
8;NZD/USD;0.00154461014329973;140
8;NZD/USD;0.000948835899710687;141
8;NZD/USD;0.000799584713755667;142
8;NZD/USD;-0.000604858224935769;143
8;NZD/USD;-0.00022673061637974;144
8;NZD/USD;-0.000474177047608438;145
8;NZD/USD;0.000996166119653014;146
8;NZD/USD;0.000370320244022741;147
8;NZD/USD;0.000101725190414253;148
8;NZD/USD;0.000342358698345555;149
8;NZD/USD;0.000443542860974584;150
8;NZD/USD;0.000653541574779072;151
8;NZD/USD;0.0020910687929002;152
8;NZD/USD;0.00260351198109213;153
8;NZD/USD;0.00137297620456399;154
8;NZD/USD;0.00118189905440975;155
8;NZD/USD;0.000651412945679364;156
8;NZD/USD;-0.000965457047180792;157
8;NZD/USD;-0.000523615582107162;158
8;NZD/USD;0.000879009258215529;159
8;NZD/USD;0.000540449182169935;160
8;NZD/USD;-4.67934772027842E-05;161
8;NZD/USD;0.00224166391944752;162
8;NZD/USD;0.00183596540970237;163
8;NZD/USD;0.000566034817407673;164
8;NZD/USD;0.0013853776398491;165
8;NZD/USD;-0.000332548875811423;166
8;NZD/USD;-0.00223932061339418;167
8;NZD/USD;-0.00202096088582003;168
8;NZD/USD;-0.00159035885255929;169
8;NZD/USD;-0.00159342974176164;170
8;NZD/USD;0.000330208914537718;171
8;NZD/USD;0.000114788376728628;172
8;NZD/USD;-0.000511383241113292;173
8;NZD/USD;0.000257744072412007;174
8;NZD/USD;-0.000168470322918592;175
8;NZD/USD;0.000191785962867372;176
8;NZD/USD;0.000353321842821956;177
8;NZD/USD;0.00130401908788623;178
8;NZD/USD;0.0014488843893842;179
8;NZD/USD;0.00142749454339532;180
8;NZD/USD;0.00107247613694866;181
8;NZD/USD;0.00266365615470074;182
8;NZD/USD;0.00235692572815736;183
8;NZD/USD;0.00143615543794451;184
8;NZD/USD;0.00185307537820163;185
8;NZD/USD;0.00121010175134008;186
8;NZD/USD;1.84542277613222E-05;187
8;NZD/USD;-0.000316198301383855;188
8;NZD/USD;0.000373560345190957;189
8;NZD/USD;-0.000311115526903949;190
8;NZD/USD;0.000574663300182667;191
8;NZD/USD;-5.07532242555461E-05;192
8;NZD/USD;-0.00100731382287382;193
8;NZD/USD;-0.00195157377993174;194
8;NZD/USD;-0.0027097885317606;195
8;NZD/USD;-0.0024462229566824;196
8;NZD/USD;-0.00329874647287144;197
8;NZD/USD;-0.00185416500564963;198
8;NZD/USD;-0.00100986168647197;199
8;NZD/USD;-0.000358005793266001;200
8;NZD/USD;0.000247138125685776;201
8;NZD/USD;0.00196533103541674;202
8;NZD/USD;0.00168694674124903;203
8;NZD/USD;0.0010121880388097;204
8;NZD/USD;0.00158625462663315;205
8;NZD/USD;0.00164753223109392;206
8;NZD/USD;0.0013818619763594;207
8;NZD/USD;0.00134307953007602;208
8;NZD/USD;0.00231981183859521;209
8;NZD/USD;0.00119534727750809;210
8;NZD/USD;0.00146667554205316;211
8;NZD/USD;0.00153496927536316;212
8;NZD/USD;0.000932520699551304;213
8;NZD/USD;-0.000684123601873805;214
8;NZD/USD;0.00033692574834117;215
8;NZD/USD;-0.000783805442832433;216
8;NZD/USD;-0.0012399295759051;217
8;NZD/USD;-0.00121659361315441;218
8;NZD/USD;-3.92294868541227E-05;219
8;NZD/USD;0.000221231312958497;220
8;NZD/USD;-0.000927979504177042;221
8;NZD/USD;-0.00125230016016659;222
8;NZD/USD;-0.00133336146070463;223
8;NZD/USD;-0.00177566710319148;224
8;NZD/USD;-0.00175350433880784;225
8;NZD/USD;-0.000328825564994757;226
8;NZD/USD;-4.63606863457285E-05;227
8;NZD/USD;-0.00033065556489549;228
8;NZD/USD;-0.000335574458555553;229
8;NZD/USD;-0.00059803298833197;230
8;NZD/USD;-0.00111321206555784;231
8;NZD/USD;-0.000880572515840457;232
8;NZD/USD;-8.62465849811938E-05;233
8;NZD/USD;-0.000331465995572193;234
8;NZD/USD;-0.000174860851053627;235
8;NZD/USD;1.1652227617904E-05;236
8;NZD/USD;0.0003908114067037;237
8;NZD/USD;0.000788817971652639;238
8;NZD/USD;0.000587858357562575;239
8;NZD/USD;0.000123584178162656;240
8;NZD/USD;0.000688604977048002;241
8;NZD/USD;-0.000244167622310904;242
8;NZD/USD;-0.00124631315270143;243
8;NZD/USD;-0.000380044297407384;244
8;NZD/USD;-0.00012125169424224;245
8;NZD/USD;-0.000723563696715701;246
8;NZD/USD;-0.000358652587466569;247
8;NZD/USD;0.00025455249493944;248
8;NZD/USD;-0.000926317445386099;249
8;NZD/USD;-0.000996108824912579;250
8;NZD/USD;-0.00131420959977471;251
8;NZD/USD;-0.000859653724934504;252
8;NZD/USD;-0.000186795880720205;253
8;NZD/USD;0.000601659111950489;254
8;NZD/USD;0.00166440999570846;255
8;NZD/USD;0.00195182722052245;256
8;NZD/USD;0.00189195008101238;257
8;NZD/USD;0.00151964566976007;258
8;NZD/USD;0.00168064303679128;259
8;NZD/USD;0.000767995746395084;260
8;NZD/USD;0.000830040258875431;261
8;NZD/USD;0.000782290699165429;262
8;NZD/USD;0.000775145442193149;263
8;NZD/USD;0.001213266415192;264
8;NZD/USD;0.0011015876121597;265
8;NZD/USD;0.00181955536128839;266
8;NZD/USD;0.00244965210378136;267
8;NZD/USD;0.00110774261665992;268
8;NZD/USD;0.000402792059591406;269
8;NZD/USD;-0.00031115496604348;270
8;NZD/USD;-0.00172702702283481;271
8;NZD/USD;-0.0025744282617191;272
8;NZD/USD;-0.00121169212264104;273
8;NZD/USD;-0.00122007147551393;274
8;NZD/USD;-0.000521982442659117;275
8;NZD/USD;-0.00088307527331473;276
8;NZD/USD;-0.000683025189058748;277
8;NZD/USD;-0.000664240986895499;278
8;NZD/USD;-0.000634884388786246;279
8;NZD/USD;-0.00060915986570366;280
8;NZD/USD;0.00039218656507111;281
8;NZD/USD;0.000572047659160463;282
8;NZD/USD;9.27288954995714E-06;283
8;NZD/USD;0.000660330417216041;284
8;NZD/USD;0.00108731124234271;285
8;NZD/USD;0.000758979067089838;286
8;NZD/USD;0.000676468007669909;287
8;NZD/USD;0.00019463143211474;288
8;NZD/USD;0.000166475922628304;289
8;NZD/USD;-0.000874010038534948;290
8;NZD/USD;-0.000603709452158079;291
8;NZD/USD;-0.000926392831343439;292
8;NZD/USD;6.25198997826035E-05;293
8;NZD/USD;-0.000441927770783461;294
8;NZD/USD;1.3903049407735E-05;295
8;NZD/USD;-0.00117562662800766;296
8;NZD/USD;-0.0014968111700774;297
8;NZD/USD;-0.00178368090181842;298
8;NZD/USD;-0.00158833426874469;299
8;NZD/USD;-0.00203312241817915;300
8;NZD/USD;-0.000438560856899612;301
8;NZD/USD;9.56284967809841E-05;302
8;NZD/USD;-2.3360665338283E-05;303
8;NZD/USD;-2.80193801169935E-05;304
8;NZD/USD;0.000339123855582673;305
8;NZD/USD;-0.000406760782610215;306
8;NZD/USD;-0.000862307010315756;307
8;NZD/USD;-0.000392867708905588;308
8;NZD/USD;-0.000210270567473627;309
8;NZD/USD;5.14030704481734E-05;310
8;NZD/USD;0.000392748311505264;311
8;NZD/USD;-0.000131190558984052;312
8;NZD/USD;0.000542328838454528;313
8;NZD/USD;-0.00107583217240796;314
8;NZD/USD;-0.001660909199364;315
8;NZD/USD;-0.00191490075592668;316
8;NZD/USD;-0.00120582119339887;317
8;NZD/USD;-0.00247814270347129;318
8;NZD/USD;-0.000557768816998014;319
8;NZD/USD;-3.29823074227445E-05;320
8;NZD/USD;4.00813416802472E-05;321
8;NZD/USD;0.000134339707735969;322
8;NZD/USD;9.45201936352474E-05;323
8;NZD/USD;-0.00040813211216615;324
8;NZD/USD;-0.00113412474449951;325
8;NZD/USD;-0.000438974486791137;326
8;NZD/USD;-0.0013640795435679;327
8;NZD/USD;-0.000738444899400013;328
8;NZD/USD;-0.00125080359358367;329
8;NZD/USD;-0.000467331501887655;330
8;NZD/USD;-0.000975796545134221;331
8;NZD/USD;0.000151761267848813;332
8;NZD/USD;0.00106183847720586;333
8;NZD/USD;0.00158114817081081;334
8;NZD/USD;0.002377453081247;335
8;NZD/USD;0.00176572889516827;336
8;NZD/USD;0.00149954948731467;337
8;NZD/USD;0.00100930110270649;338
8;NZD/USD;0.000197945157076261;339
8;NZD/USD;-0.000665292031095898;340
8;NZD/USD;0.000402019636835404;341
8;NZD/USD;0.000178722615599275;342
8;NZD/USD;0.000110267166053083;343
8;NZD/USD;0.00142459604291769;344
8;NZD/USD;0.00154814058808695;345
8;NZD/USD;0.00210964780586238;346
8;NZD/USD;0.00378364806209904;347
8;NZD/USD;0.00360973220091043;348
8;NZD/USD;0.0028513863126786;349
8;NZD/USD;0.00253544143188934;350
8;NZD/USD;0.00106156377541897;351
8;NZD/USD;-0.0002076939240028;352
8;NZD/USD;-0.000244321289790786;353
8;NZD/USD;0.000142890072913754;354
8;NZD/USD;5.07514680278415E-05;355
8;NZD/USD;0.000249506218033751;356
8;NZD/USD;-0.000113168549092395;357
8;NZD/USD;-0.000281569913915218;358
8;NZD/USD;-0.000329722980622872;359
8;NZD/USD;0.000142957614544268;360
8;NZD/USD;0.00125435550268348;361
8;NZD/USD;0.00136299279647841;362
8;NZD/USD;0.00127083952778072;363
8;NZD/USD;0.000941611569793371;364
8;NZD/USD;0.000848721006391761;365
8;NZD/USD;-0.000636551671137461;366
8;NZD/USD;-0.000300808911049289;367
8;NZD/USD;0.000572915268076215;368
8;NZD/USD;-9.18748205733953E-06;369
8;NZD/USD;-0.000174510062621201;370
8;NZD/USD;0.000365632916804635;371
8;NZD/USD;-0.000420972878462922;372
8;NZD/USD;-0.00167753445200159;373
8;NZD/USD;-0.000745591180026925;374
8;NZD/USD;0.000678814104076122;375
8;NZD/USD;0.000658291446475411;376
8;NZD/USD;0.00187945458267605;377
8;NZD/USD;0.00218034588838574;378
8;NZD/USD;0.00218972339784654;379
8;NZD/USD;0.000596643468224082;380
8;NZD/USD;0.000667543627095154;381
8;NZD/USD;0.000120871418159606;382
8;NZD/USD;-0.000495946408551495;383
8;NZD/USD;-0.000388043810885085;384
8;NZD/USD;2.51068467842491E-05;385
8;NZD/USD;-8.90294097098954E-05;386
8;NZD/USD;-3.87621204092867E-05;387
8;NZD/USD;0.000486815656175952;388
8;NZD/USD;0.000360677166221094;389
8;NZD/USD;0.000127767831950042;390
8;NZD/USD;0.000109569031228384;391
8;NZD/USD;-0.00019848853760918;392
8;NZD/USD;-2.2827532286954E-06;393
8;NZD/USD;-0.000564130169552868;394
8;NZD/USD;-0.000740360742622994;395
8;NZD/USD;-0.000658316403100136;396
8;NZD/USD;-0.000669925459898896;397
8;NZD/USD;-0.000663100255300723;398
8;NZD/USD;0.000497978647749922;399
8;NZD/USD;0.000251664450145883;400
8;NZD/USD;0.000802034721392784;401
8;NZD/USD;0.00123066070902084;402
8;NZD/USD;0.00136268452270031;403
8;NZD/USD;0.000840093440451994;404
8;NZD/USD;0.00127631397324833;405
8;NZD/USD;0.00123671891651583;406
8;NZD/USD;0.000654479103286472;407
8;NZD/USD;0.000454442367755282;408
8;NZD/USD;0.000145348843606542;409
8;NZD/USD;0.000426657145477687;410
8;NZD/USD;-0.000512855705718598;411
8;NZD/USD;-0.000115741400637296;412
8;NZD/USD;3.85800281469087E-05;413
8;NZD/USD;-0.000195336914895262;414
8;NZD/USD;-0.000281309952343577;415
8;NZD/USD;-0.000197777857042532;416
8;NZD/USD;-0.00101959755632467;417
8;NZD/USD;-0.00199775888809892;418
8;NZD/USD;-0.00223951151685963;419
8;NZD/USD;-0.00227402306002858;420
8;NZD/USD;-0.00181180733559225;421
8;NZD/USD;-0.00172554133868685;422
8;NZD/USD;-0.000836023679706934;423
8;NZD/USD;-0.000865941796334435;424
8;NZD/USD;-0.000602507067139268;425
8;NZD/USD;-0.000878667313232664;426
8;NZD/USD;0.000333434974067504;427
8;NZD/USD;0.000243818316568058;428
8;NZD/USD;0.000606092495350336;429
8;NZD/USD;-0.000140539238692183;430
8;NZD/USD;-0.000256045061988326;431
8;NZD/USD;-0.00114057579696876;432
8;NZD/USD;-0.000700050224816748;433
8;NZD/USD;-7.13451443962331E-05;434
8;NZD/USD;0.000228038376609514;435
8;NZD/USD;-0.00123406444914524;436
8;NZD/USD;-0.00157520402720364;437
8;NZD/USD;-0.00194485737963787;438
8;NZD/USD;-0.00252956811915103;439
8;NZD/USD;-0.00308314065584115;440
8;NZD/USD;-0.00152937670421112;441
8;NZD/USD;-0.000826187066704813;442
8;NZD/USD;-0.00125714566106459;443
8;NZD/USD;-0.000723970010164127;444
8;NZD/USD;-0.00014967959910942;445
8;NZD/USD;-0.000719766794275122;446
8;NZD/USD;-0.00132338931401208;447
8;NZD/USD;-0.000553964956765589;448
8;NZD/USD;-0.00090278785979493;449
8;NZD/USD;-0.00189940308652225;450
8;NZD/USD;-0.000654018203645579;451
8;NZD/USD;2.35420136663097E-06;452
8;NZD/USD;-0.00048009060048234;453
8;NZD/USD;-0.000138710119055526;454
8;NZD/USD;0.000431769418879797;455
8;NZD/USD;0.000484837310997104;456
8;NZD/USD;0.000310511583055453;457
8;NZD/USD;0.00048479167115139;458
8;NZD/USD;0.000451043228190144;459
8;NZD/USD;0.000834936799086943;460
8;NZD/USD;0.000335872024821621;461
8;NZD/USD;-0.00116927689572309;462
8;NZD/USD;-0.00162609237402441;463
8;NZD/USD;-0.00180794055999034;464
8;NZD/USD;-0.00154797528396035;465
8;NZD/USD;-0.00122170488229076;466
8;NZD/USD;2.83698003950569E-05;467
8;NZD/USD;0.00119548624155542;468
8;NZD/USD;0.000139654065997799;469
8;NZD/USD;-8.04352979850985E-05;470
8;NZD/USD;-7.08361618682474E-06;471
8;NZD/USD;5.90908289423591E-05;472
8;NZD/USD;-0.000424453381029892;473
8;NZD/USD;0.000222298446695477;474
8;NZD/USD;4.25874226754605E-05;475
8;NZD/USD;-0.00113424763670257;476
8;NZD/USD;-0.000705501506904178;477
8;NZD/USD;-0.00113629944055329;478
8;NZD/USD;-0.000674752491145818;479
8;NZD/USD;7.09588918933831E-05;480
8;NZD/USD;0.00132541726708932;481
8;NZD/USD;0.00121767776764783;482
8;NZD/USD;0.00159137293788165;483
8;NZD/USD;0.00111625116827463;484
8;NZD/USD;0.000724702620623733;485
8;NZD/USD;0.000193343801530358;486
8;NZD/USD;-0.000132049004407897;487
8;NZD/USD;-0.000197935828399689;488
8;NZD/USD;-0.000129751412648546;489
8;NZD/USD;-0.00069396158423559;490
8;NZD/USD;-0.00108703625590645;491
8;NZD/USD;-0.000879402856507642;492
8;NZD/USD;-0.00150029691789549;493
8;NZD/USD;-0.00182541420090249;494
8;NZD/USD;-0.00136423749383096;495
8;NZD/USD;-0.00161543503270837;496
8;NZD/USD;-0.00159846713795567;497
8;NZD/USD;-0.000456577768917741;498
8;NZD/USD;-5.24002908831757E-05;499
8;NZD/USD;0.000342526932832386;500
8;NZD/USD;0.000453352615974797;501
8;NZD/USD;-0.000480605650637226;502
8;NZD/USD;-0.00102634096797762;503
8;NZD/USD;-0.00110838016280669;504
8;NZD/USD;-0.0024485905012414;505
8;NZD/USD;-0.00146156290650953;506
8;NZD/USD;-0.000467365530579223;507
8;NZD/USD;-0.000447987538253334;508
8;NZD/USD;0.000564512645748534;509
8;NZD/USD;0.00129737443769637;510
8;NZD/USD;0.000857660957612108;511
8;NZD/USD;0.00129634512694413;512
8;NZD/USD;0.000825720536009044;513
8;NZD/USD;2.62732055480093E-05;514
8;NZD/USD;0.000575244606829067;515
8;NZD/USD;-4.54260185449934E-05;516
8;NZD/USD;-0.000879258825920902;517
8;NZD/USD;0.000257787361146246;518
8;NZD/USD;0.000148020825168459;519
8;NZD/USD;-0.000133519311612312;520
8;NZD/USD;-0.000373362161921333;521
8;NZD/USD;-0.00106842349875885;522
8;NZD/USD;-0.00200659755370256;523
8;NZD/USD;-0.00152844402548491;524
8;NZD/USD;-0.00171985346486988;525
8;NZD/USD;-0.000686312825524331;526
8;NZD/USD;0.000322328532092682;527
8;NZD/USD;0.000187847712675185;528
8;NZD/USD;-0.00104160623141626;529
8;NZD/USD;-0.000672310040002181;530
8;NZD/USD;0.000132166269971287;531
8;NZD/USD;-0.000168315770300656;532
8;NZD/USD;0.000293459750050454;533
8;NZD/USD;0.000260910566433645;534
8;NZD/USD;-0.000396250250426548;535
8;NZD/USD;-0.00168382434038652;536
8;NZD/USD;-0.00172010820389938;537
8;NZD/USD;-0.00159030731431038;538
8;NZD/USD;-0.00170933958418431;539
8;NZD/USD;-0.000634667393052808;540
8;NZD/USD;-0.00145395065258533;541
8;NZD/USD;-0.00130230187815868;542
8;NZD/USD;-0.00170077121207014;543
8;NZD/USD;-0.000775828339082927;544
8;NZD/USD;-0.00132425021289109;545
8;NZD/USD;-0.00102261968825935;546
8;NZD/USD;-0.00103570719988028;547
8;NZD/USD;-0.00116159714855864;548
8;NZD/USD;-0.000423337549395134;549
8;NZD/USD;-0.000337330040003063;550
8;NZD/USD;0.000350432309813981;551
8;NZD/USD;0.00123342371249513;552
8;NZD/USD;0.0012764098177473;553
8;NZD/USD;0.000464888880714845;554
8;NZD/USD;-0.000617465941790807;555
8;NZD/USD;-0.00176574444527716;556
8;NZD/USD;-0.00191210732537905;557
8;NZD/USD;-0.00116338492469279;558
8;NZD/USD;-0.00083021713401638;559
8;NZD/USD;-0.000331571170312041;560
8;NZD/USD;0.000508203061159511;561
8;NZD/USD;0.000595201934672321;562
8;NZD/USD;-0.00032942456497607;563
8;NZD/USD;-0.000653860444980552;564
8;NZD/USD;-0.000625339029321986;565
8;NZD/USD;9.11425472872031E-05;566
8;NZD/USD;-0.00196199770637271;567
8;NZD/USD;-0.0012934324623798;568
8;NZD/USD;-0.00103183354231328;569
8;NZD/USD;-0.00113998466371963;570
8;NZD/USD;-0.00150050452614857;571
8;NZD/USD;-0.00291035044163433;572
8;NZD/USD;-0.00364607422532599;573
8;NZD/USD;-0.00337434379296865;574
8;NZD/USD;-0.00386864100442712;575
8;NZD/USD;-0.00465659782114722;576
8;NZD/USD;-0.00218100254874444;577
8;NZD/USD;-0.0043261878848379;578
8;NZD/USD;-0.00412223189131793;579
8;NZD/USD;-0.00368209528519672;580
8;NZD/USD;-0.00220646806089319;581
8;NZD/USD;-0.00192487378479657;582
8;NZD/USD;0.00121270106787318;583
8;NZD/USD;-0.000226235643379327;584
8;NZD/USD;0.00113762881926385;585
8;NZD/USD;-0.000208109880230248;586
8;NZD/USD;0.00225532212575298;587
8;NZD/USD;0.00182568168565239;588
8;NZD/USD;0.00293396302777243;589
8;NZD/USD;0.00140346081030045;590
8;NZD/USD;-0.000267520714862193;591
8;NZD/USD;-0.00377657533467593;592
8;NZD/USD;-0.00239771529458449;593
8;NZD/USD;-0.00221500884430558;594
8;NZD/USD;-0.00086898489844271;595
8;NZD/USD;0.0020155755312465;596
8;NZD/USD;0.00268657110863593;597
8;NZD/USD;0.000945664590766721;598
8;NZD/USD;0.000184456953907943;599
8;NZD/USD;-0.000831740365327294;600
8;NZD/USD;0.00140422732071403;601
8;NZD/USD;0.00352853548901247;602
8;NZD/USD;0.0010022782591115;603
8;NZD/USD;0.00126864620706411;604
8;NZD/USD;0.000678448413314585;605
8;NZD/USD;-0.00182257347600271;606
8;NZD/USD;-0.00358727901647276;607
8;NZD/USD;-0.000109419633374391;608
8;NZD/USD;0.000221251619962474;609
8;NZD/USD;0.00106550002841712;610
8;NZD/USD;0.000952758810551069;611
8;NZD/USD;0.000612128259517893;612
8;NZD/USD;-0.000706304559451947;613
8;NZD/USD;-0.000812455353043207;614
8;NZD/USD;0.00171375014663853;615
8;NZD/USD;0.00239989743466242;616
8;NZD/USD;0.00256827389776004;617
8;NZD/USD;0.00331850608529788;618
8;NZD/USD;0.00266942722818159;619
8;NZD/USD;0.000279588219707668;620
8;NZD/USD;-0.000792568515528891;621
8;NZD/USD;-0.000720340295369383;622
8;NZD/USD;-0.000498057081148296;623
8;NZD/USD;0.000563288567187231;624
8;NZD/USD;0.000379714322537163;625
8;NZD/USD;0.00150946008258358;626
8;NZD/USD;0.000981640299875482;627
8;NZD/USD;0.000638696998541417;628
8;NZD/USD;3.01314485008049E-05;629
8;NZD/USD;-0.000475385216492556;630
8;NZD/USD;-0.00357986407660537;631
8;NZD/USD;-0.00267937883255194;632
8;NZD/USD;-0.00323193852380844;633
8;NZD/USD;-0.00353099343645898;634
8;NZD/USD;-0.00273837949308402;635
8;NZD/USD;0.000241848772175463;636
8;NZD/USD;-0.000226608723216383;637
8;NZD/USD;0.000708046482320381;638
8;NZD/USD;0.00150715462654206;639
8;NZD/USD;0.00144992685905167;640
8;NZD/USD;0.00103283338178662;641
8;NZD/USD;0.00196723728727861;642
8;NZD/USD;0.00141114166653352;643
8;NZD/USD;0.00130950742109901;644
8;NZD/USD;0.00182663495986198;645
8;NZD/USD;-0.00308379243517299;646
8;NZD/USD;-0.00364292103677414;647
8;NZD/USD;-0.00210643133830734;648
8;NZD/USD;-0.00250768702975941;649
8;NZD/USD;-0.00255537196741754;650
8;NZD/USD;-4.37026422556778E-05;651
8;NZD/USD;-0.000244208121341265;652
8;NZD/USD;-0.00151609002983427;653
8;NZD/USD;-0.00291717083719397;654
8;NZD/USD;-0.00336043202077459;655
8;NZD/USD;-0.00117583691359708;656
8;NZD/USD;8.22928866838541E-05;657
8;NZD/USD;0.00105888859194414;658
8;NZD/USD;0.00154227823635377;659
8;NZD/USD;-0.000401369971117397;660
8;NZD/USD;-0.000587927204479651;661
8;NZD/USD;-0.000847693626280101;662
8;NZD/USD;-0.00245708077152303;663
8;NZD/USD;-0.00240628892073553;664
8;NZD/USD;-0.000836397442208127;665
8;NZD/USD;0.000391280531630449;666
8;NZD/USD;0.000412701015693022;667
8;NZD/USD;0.00199883177266975;668
8;NZD/USD;0.00200252633479775;669
8;NZD/USD;0.00182155105308873;670
8;NZD/USD;-0.000129478336323363;671
8;NZD/USD;0.000599476871776122;672
8;NZD/USD;0.000468477215949452;673
8;NZD/USD;0.00246130186699624;674
8;NZD/USD;0.00358647400432941;675
8;NZD/USD;0.00361952044913366;676
8;NZD/USD;0.00236740533074696;677
8;NZD/USD;0.00212123971345973;678
8;NZD/USD;8.13545544343836E-05;679
8;NZD/USD;-0.00100579303714784;680
8;NZD/USD;0.000817477876839558;681
8;NZD/USD;0.00134609080576552;682
8;NZD/USD;0.00101952197355061;683
8;NZD/USD;0.00145370459308097;684
8;NZD/USD;0.00178964172119907;685
8;NZD/USD;0.00125775459033077;686
8;NZD/USD;0.00013360811725007;687
8;NZD/USD;-0.00104482369663173;688
8;NZD/USD;-0.00158592255411185;689
8;NZD/USD;-0.00163946767770704;690
8;NZD/USD;-0.00266119775390946;691
8;NZD/USD;-0.00255139143544511;692
8;NZD/USD;-0.000915542332116529;693
8;NZD/USD;-9.66761241522935E-05;694
8;NZD/USD;0.000462539598251472;695
8;NZD/USD;0.00122601459861836;696
8;NZD/USD;0.001350763505155;697
8;NZD/USD;0.000654748138978009;698
8;NZD/USD;1.52677583188453E-05;699
8;NZD/USD;-0.000556703355852261;700
8;NZD/USD;-0.00175485522635106;701
8;NZD/USD;-0.0018695771702276;702
8;NZD/USD;-0.00165623462004876;703
8;NZD/USD;-0.000507003411620721;704
8;NZD/USD;0.000790108174751937;705
8;NZD/USD;0.00146810227322079;706
8;NZD/USD;0.00257060855490145;707
8;NZD/USD;0.000927756573224405;708
8;NZD/USD;0.000453561157566494;709
8;NZD/USD;-0.00128711048861091;710
8;NZD/USD;-0.000618041961646506;711
8;NZD/USD;-0.00317032452382358;712
8;NZD/USD;-0.00140605742719731;713
8;NZD/USD;0.000602306754647428;714
8;NZD/USD;0.000649677961874666;715
8;NZD/USD;0.000292727058869158;716
8;NZD/USD;0.000412818013118554;717
8;NZD/USD;-0.000248553871442607;718
8;NZD/USD;-0.00249725562423938;719
8;NZD/USD;-0.00207102064070163;720
8;NZD/USD;-0.00288220803994693;721
8;NZD/USD;-0.00179334170392534;722
8;NZD/USD;-0.000225759718169912;723
8;NZD/USD;-0.000149083017865844;724
8;NZD/USD;-0.000664187303518619;725
8;NZD/USD;-0.000692775670066972;726
8;NZD/USD;-0.00160364141684377;727
8;NZD/USD;-0.00415503700831336;728
8;NZD/USD;-0.00288520083249937;729
8;NZD/USD;-0.00268686910859494;730
8;NZD/USD;-0.00157279499273901;731
8;NZD/USD;0.00158813373407148;732
8;NZD/USD;0.00154811860378829;733
8;NZD/USD;0.000960307893726747;734
8;NZD/USD;0.00182115079463381;735
8;NZD/USD;0.00387960188522562;736
8;NZD/USD;0.00242009915117407;737
8;NZD/USD;0.00274291784523954;738
8;NZD/USD;0.00213563298988201;739
8;NZD/USD;0.00185860808740109;740
8;NZD/USD;-0.00112948241456779;741
8;NZD/USD;-0.00199149620638961;742
8;NZD/USD;-0.000961676297783941;743
8;NZD/USD;-0.00125744442659743;744
8;NZD/USD;-0.00139298024984442;745
8;NZD/USD;-0.000510355592491393;746
8;NZD/USD;0.000705449940347367;747
8;NZD/USD;0.000748655033267675;748
8;NZD/USD;-0.00031818923445466;749
8;NZD/USD;-0.000139574561740111;750
8;NZD/USD;-0.00139853465343622;751
8;NZD/USD;-0.00129954302981061;752
8;NZD/USD;-0.000975605412230611;753
8;NZD/USD;0.00135717939585933;754
8;NZD/USD;0.00110873604734914;755
8;NZD/USD;0.00162552015588856;756
8;NZD/USD;0.000354085318475132;757
8;NZD/USD;-0.000312477870538685;758
8;NZD/USD;-0.00101314335538782;759
8;NZD/USD;-0.00147105029868534;760
8;NZD/USD;-0.000712773854983492;761
8;NZD/USD;-0.000885094612233299;762
8;NZD/USD;-0.000693842846802235;763
8;NZD/USD;-0.000186171601590114;764
8;NZD/USD;-0.000194367252756163;765
8;NZD/USD;1.03482175218729E-05;766
8;NZD/USD;0.000448212842473491;767
8;NZD/USD;0.000440403276320337;768
8;NZD/USD;0.000325686663247408;769
8;NZD/USD;0.00107571628795073;770
8;NZD/USD;0.000397999795369327;771
8;NZD/USD;0.0012383620998935;772
8;NZD/USD;0.00159030678560635;773
8;NZD/USD;0.00090448336495126;774
8;NZD/USD;0.00140827554852402;775
8;NZD/USD;0.00251433642187259;776
8;NZD/USD;0.00140959359461887;777
8;NZD/USD;0.00112641739562968;778
8;NZD/USD;0.000838973681449502;779
8;NZD/USD;-0.0004640462538555;780
8;NZD/USD;-0.00229499995713939;781
8;NZD/USD;-0.00275667807976313;782
8;NZD/USD;-0.00444241872893674;783
8;NZD/USD;-0.00448956702016708;784
8;NZD/USD;-0.00234171434185476;785
8;NZD/USD;-0.00144948802542458;786
8;NZD/USD;8.80179156549115E-05;787
8;NZD/USD;0.00311822438131984;788
8;NZD/USD;0.00270994874625246;789
8;NZD/USD;0.00159596296992;790
8;NZD/USD;0.000562923942430491;791
8;NZD/USD;0.00106865163069292;792
8;NZD/USD;0.000426132878448427;793
8;NZD/USD;0.00154136899347145;794
8;NZD/USD;0.00115601318581671;795
8;NZD/USD;0.00265821404817244;796
8;NZD/USD;0.00137002652332876;797
8;NZD/USD;0.00115828218321754;798
8;NZD/USD;0.000754761323277499;799
8;NZD/USD;-0.00113282731886477;800
8;NZD/USD;-0.00141606225008072;801
8;NZD/USD;-0.000909738961995863;802
8;NZD/USD;-0.00284501279672566;803
8;NZD/USD;-0.0023245472972343;804
8;NZD/USD;-0.000932125755294723;805
8;NZD/USD;-0.000978098017032587;806
8;NZD/USD;-0.00194347933058887;807
8;NZD/USD;0.000279098660136982;808
8;NZD/USD;0.000760697405599586;809
8;NZD/USD;0.00287020490810506;810
8;NZD/USD;0.00266749428162156;811
8;NZD/USD;0.00144457203831549;812
8;NZD/USD;0.0011998130706205;813
8;NZD/USD;0.000642401590424012;814
8;NZD/USD;-0.00163690722843997;815
8;NZD/USD;-0.00194442769505678;816
8;NZD/USD;-0.00111804981540741;817
8;NZD/USD;-0.00250561867826729;818
8;NZD/USD;-0.00387788264238699;819
8;NZD/USD;-0.00286004122523276;820
8;NZD/USD;-0.00375729833545811;821
8;NZD/USD;-0.00402257547733087;822
8;NZD/USD;-0.00377590014053261;823
8;NZD/USD;-0.00252963013234807;824
8;NZD/USD;-0.00426426148040086;825
8;NZD/USD;-0.003478809350313;826
8;NZD/USD;-0.0021301379300971;827
8;NZD/USD;-0.00357870666585834;828
8;NZD/USD;-0.00277143157420884;829
8;NZD/USD;-0.00234328457750659;830
8;NZD/USD;-0.00124936731652568;831
8;NZD/USD;-0.00182943643367506;832
8;NZD/USD;0.00130365416251598;833
8;NZD/USD;0.000139621684621115;834
8;NZD/USD;0.00105438944515088;835
8;NZD/USD;0.000574713039146287;836
8;NZD/USD;-0.00270762013254173;837
8;NZD/USD;-0.00386570407121939;838
8;NZD/USD;-0.00442089412388167;839
8;NZD/USD;-0.00482487577033349;840
8;NZD/USD;-0.00484233894300075;841
8;NZD/USD;-0.00175859678046598;842
8;NZD/USD;-0.00162637083457292;843
8;NZD/USD;-0.00062112704689206;844
8;NZD/USD;0.000699565200066275;845
8;NZD/USD;0.000576132085647604;846
8;NZD/USD;-0.00179087909736198;847
8;NZD/USD;0.000198175153492143;848
8;NZD/USD;0.00187671324512895;849
8;NZD/USD;0.00325422437001482;850
8;NZD/USD;0.00159896073909596;851
8;NZD/USD;0.00449506546379463;852
8;NZD/USD;0.00320124729558938;853
8;NZD/USD;0.00118812499794254;854
8;NZD/USD;-0.000493684198525135;855
8;NZD/USD;0.00164289199663194;856
8;NZD/USD;0.000377530277169779;857
8;NZD/USD;-0.000985203612502914;858
8;NZD/USD;9.2144668757339E-05;859
8;NZD/USD;0.000434398589672456;860
8;NZD/USD;-0.000629037457593547;861
8;NZD/USD;0.00166186854711971;862
8;NZD/USD;0.00148004253536347;863
8;NZD/USD;0.000997319579813253;864
8;NZD/USD;-9.43542480280871E-05;865
8;NZD/USD;-0.000476467867512882;866
8;NZD/USD;-0.00156149485648336;867
8;NZD/USD;-0.00195128794389228;868
8;NZD/USD;-0.000453447609185419;869
8;NZD/USD;0.000358309575547523;870
8;NZD/USD;0.00157397158223634;871
8;NZD/USD;0.00254131655623747;872
8;NZD/USD;0.00386232310586218;873
8;NZD/USD;0.00276136656318177;874
8;NZD/USD;0.00204325240189515;875
8;NZD/USD;0.00129467639679667;876
8;NZD/USD;0.00117480913454475;877
8;NZD/USD;0.00105650958026478;878
8;NZD/USD;0.000877555955927144;879
8;NZD/USD;0.000757883887122707;880
8;NZD/USD;0.00107917525269823;881
8;NZD/USD;0.000903103956954324;882
8;NZD/USD;0.000955644089462607;883
8;NZD/USD;-0.000236295237198762;884
8;NZD/USD;-0.000465026882105467;885
8;NZD/USD;0.000270876805757508;886
8;NZD/USD;-0.00048557559888955;887
8;NZD/USD;-0.000679099785024664;888
8;NZD/USD;-0.000603952754702346;889
8;NZD/USD;0.000390695202681283;890
8;NZD/USD;-0.000193825479322446;891
8;NZD/USD;-0.0018468978410228;892
8;NZD/USD;-0.00115390829020104;893
8;NZD/USD;-0.000677957703004286;894
8;NZD/USD;0.000413782275390855;895
8;NZD/USD;0.00024689558524332;896
8;NZD/USD;0.00292523896420004;897
8;NZD/USD;0.00240421036749703;898
8;NZD/USD;0.00174892140319028;899
8;NZD/USD;-0.000296987750796577;900
8;NZD/USD;0.000286335485570037;901
8;NZD/USD;-4.22821808609357E-05;902
8;NZD/USD;-0.000740761184398395;903
8;NZD/USD;-0.000698266328996965;904
8;NZD/USD;-0.00035324670710504;905
8;NZD/USD;-0.00118778291493037;906
8;NZD/USD;-0.000643261862887469;907
8;NZD/USD;0.000307219722467982;908
8;NZD/USD;0.00106103859033034;909
8;NZD/USD;0.000954719044264632;910
8;NZD/USD;0.00197045928860232;911
8;NZD/USD;0.00117905541465205;912
8;NZD/USD;-0.000779562682400623;913
8;NZD/USD;-0.00217854618180911;914
8;NZD/USD;-0.00191668853567844;915
8;NZD/USD;-0.00290543988760068;916
8;NZD/USD;-0.00562144843313366;917
8;NZD/USD;-0.00445140367204971;918
8;NZD/USD;-0.00308332814438416;919
8;NZD/USD;-0.0034839721039726;920
8;NZD/USD;-0.00349793845781112;921
8;NZD/USD;-0.00224915983085565;922
8;NZD/USD;-0.00251771648788707;923
8;NZD/USD;-0.00204203190803845;924
8;NZD/USD;-0.00285525555091059;925
8;NZD/USD;-0.00340216230769325;926
8;NZD/USD;0.000208256283631372;927
8;NZD/USD;0.00366082440240521;928
8;NZD/USD;0.00307689998242646;929
8;NZD/USD;0.00415030206989242;930
8;NZD/USD;0.00431020437591176;931
8;NZD/USD;0.000721736228923242;932
8;NZD/USD;-0.00237476977671669;933
8;NZD/USD;-0.000858399470954992;934
8;NZD/USD;-0.000478569387672957;935
8;NZD/USD;0.000138291026761916;936
8;NZD/USD;0.00190928996670759;937
8;NZD/USD;-0.000202368272796723;938
8;NZD/USD;-0.00155008914544831;939
8;NZD/USD;-0.00275294968958907;940
8;NZD/USD;-0.000450475088681675;941
8;NZD/USD;0.00273822429714329;942
8;NZD/USD;0.0030708222480385;943
8;NZD/USD;0.00167488059856983;944
8;NZD/USD;0.0039297412088712;945
8;NZD/USD;0.00221811736262629;946
8;NZD/USD;0.00140019568788392;947
8;NZD/USD;0.00386656917677103;948
8;NZD/USD;0.00579487283184241;949
8;NZD/USD;0.00503577366582488;950
8;NZD/USD;0.00550143329746488;951
8;NZD/USD;0.00301662466107594;952
8;NZD/USD;0.00161351694723805;953
8;NZD/USD;0.000864897474908549;954
8;NZD/USD;0.000314659249675769;955
8;NZD/USD;-0.00051822315194408;956
8;NZD/USD;-0.00221599471508173;957
8;NZD/USD;-0.00029908312999503;958
8;NZD/USD;-0.001123251165352;959
8;NZD/USD;-0.00124579881363938;960
8;NZD/USD;-0.00225598006577998;961
8;NZD/USD;-0.000697398672568083;962
8;NZD/USD;-0.00187549596815427;963
8;NZD/USD;-0.00162630516421584;964
8;NZD/USD;-0.00197387889811822;965
8;NZD/USD;-0.00130560395579109;966
8;NZD/USD;-0.00243879486210047;967
8;NZD/USD;-0.00165527729862769;968
8;NZD/USD;-0.00196435042282071;969
8;NZD/USD;-0.0016737841838703;970
8;NZD/USD;-0.00100024278447946;971
8;NZD/USD;-0.000748768025441434;972
8;NZD/USD;-0.000125635700707847;973
8;NZD/USD;0.000948504001658225;974
8;NZD/USD;0.00152195725926476;975
8;NZD/USD;0.00136539364386599;976
8;NZD/USD;0.00409581527353316;977
8;NZD/USD;0.00351983640801342;978
8;NZD/USD;0.0032795225766304;979
8;NZD/USD;0.00256025100529232;980
8;NZD/USD;0.000611531830724128;981
8;NZD/USD;-0.0016187138721844;982
8;NZD/USD;-0.00283914144274265;983
8;NZD/USD;-0.00264701182453184;984
8;NZD/USD;-0.000584880476899535;985
8;NZD/USD;0.00116734166343746;986
8;NZD/USD;0.000488050957023937;987
8;NZD/USD;0.0016877065479541;988
8;NZD/USD;0.00125640400169855;989
8;NZD/USD;-0.000192699858503795;990
8;NZD/USD;-0.000912645672314661;991
8;NZD/USD;-0.000538515429639137;992
8;NZD/USD;-0.00100666464165157;993
8;NZD/USD;-0.00290457386423962;994
8;NZD/USD;-0.00337176410208246;995
8;NZD/USD;-0.00222894033883528;996
8;NZD/USD;-0.00205056063563218;997
8;NZD/USD;8.76220582629126E-05;998
8;NZD/USD;0.00174407268285597;999
8;NZD/USD;0.00181812141993772;1000
8;NZD/USD;0.0019928268973844;1001
8;NZD/USD;0.00364596546428726;1002
8;NZD/USD;0.00170231790857421;1003
8;NZD/USD;0.00399216956648773;1004
8;NZD/USD;0.00357955520224327;1005
8;NZD/USD;0.00426514752120167;1006
8;NZD/USD;0.00242547860485978;1007
8;NZD/USD;0.00272924006217508;1008
8;NZD/USD;0.00131926084801395;1009
8;NZD/USD;0.000417863823983747;1010
8;NZD/USD;-0.000992493228728593;1011
8;NZD/USD;-0.000604923281359982;1012
8;NZD/USD;-0.000376841272939916;1013
8;NZD/USD;-0.00110269059482178;1014
8;NZD/USD;0.00111610771670871;1015
8;NZD/USD;0.000430424655979915;1016
8;NZD/USD;-0.000504631501256203;1017
8;NZD/USD;-0.00330750792205521;1018
8;NZD/USD;-0.00223170065094048;1019
8;NZD/USD;-0.00335663066948966;1020
8;NZD/USD;-0.00255168052882484;1021
8;NZD/USD;-0.00103678174366929;1022
8;NZD/USD;0.0011156048363333;1023
8;NZD/USD;0.000555661983200756;1024
8;NZD/USD;0.00171020922161346;1025
8;NZD/USD;0.00130219925870409;1026
8;NZD/USD;0.00104201761989352;1027
8;NZD/USD;0.00331254312061234;1028
8;NZD/USD;0.00303791416243886;1029
8;NZD/USD;0.00165161018830978;1030
8;NZD/USD;0.00278362726733548;1031
8;NZD/USD;-0.000918371638066886;1032
8;NZD/USD;-0.00308123502138915;1033
8;NZD/USD;-0.00345649233461536;1034
8;NZD/USD;-0.00282169511660996;1035
8;NZD/USD;-0.00394599313314325;1036
8;NZD/USD;-0.00225868573574805;1037
8;NZD/USD;-0.00235710313463513;1038
8;NZD/USD;-0.00176553089715568;1039
8;NZD/USD;-0.00194068467882621;1040
8;NZD/USD;-0.0012222260259701;1041
8;NZD/USD;-3.99013108903994E-05;1042
8;NZD/USD;0.000973160509096551;1043
8;NZD/USD;-0.000700460809078566;1044
8;NZD/USD;-0.000604017036293666;1045
8;NZD/USD;-0.00070178308777511;1046
8;NZD/USD;-0.000909243975119144;1047
8;NZD/USD;-0.00191902810567667;1048
8;NZD/USD;-0.00140295086665118;1049
8;NZD/USD;-0.00172628283949146;1050
8;NZD/USD;-0.00188355036821684;1051
8;NZD/USD;0.000109541464849749;1052
8;NZD/USD;-0.00178127099608067;1053
8;NZD/USD;-0.00168092023028177;1054
8;NZD/USD;-0.00247203882806056;1055
8;NZD/USD;-0.00266277323518845;1056
8;NZD/USD;-0.003391395563544;1057
8;NZD/USD;-0.00131117873761421;1058
8;NZD/USD;0.000946075557904941;1059
8;NZD/USD;0.00201186330093775;1060
8;NZD/USD;0.00391420929673169;1061
8;NZD/USD;0.0044357008906472;1062
8;NZD/USD;0.0033886808480784;1063
8;NZD/USD;0.00220448488068859;1064
8;NZD/USD;0.00180768553037251;1065
8;NZD/USD;-0.000805702565196063;1066
8;NZD/USD;-0.00103629245308452;1067
8;NZD/USD;-0.00126537831563635;1068
8;NZD/USD;-0.00226112338581061;1069
8;NZD/USD;-0.00248507136314765;1070
8;NZD/USD;-0.00222510706616072;1071
8;NZD/USD;-0.00226704370703943;1072
8;NZD/USD;-0.00270458774402349;1073
8;NZD/USD;-0.00149184714678119;1074
8;NZD/USD;-0.00152506776792659;1075
8;NZD/USD;-0.002176098257756;1076
8;NZD/USD;-0.00279918881215483;1077
8;NZD/USD;-0.000774043293203644;1078
8;NZD/USD;-0.00111461893513782;1079
8;NZD/USD;0.000236849118057411;1080
8;NZD/USD;0.00223846817968888;1081
8;NZD/USD;0.000123236186042219;1082
8;NZD/USD;-0.00065920449183331;1083
8;NZD/USD;-0.000363798096684711;1084
8;NZD/USD;-0.00109402448562833;1085
8;NZD/USD;-0.00186866331754383;1086
8;NZD/USD;-0.000663632485161569;1087
8;NZD/USD;-0.00204610295250228;1088
8;NZD/USD;-0.00171573386178197;1089
8;NZD/USD;-0.00181653293049862;1090
8;NZD/USD;-0.00227067179999248;1091
8;NZD/USD;-0.00112109924102871;1092
8;NZD/USD;0.000630104571266844;1093
8;NZD/USD;-0.00260151807935243;1094
8;NZD/USD;-0.00171898585105105;1095
8;NZD/USD;-0.00267229800955323;1096
8;NZD/USD;-0.00364609400962647;1097
8;NZD/USD;-0.00441350275913129;1098
8;NZD/USD;-0.00148822746056;1099
8;NZD/USD;-0.00241194594921332;1100
8;NZD/USD;-0.000775750371792991;1101
8;NZD/USD;3.37543248530151E-05;1102
8;NZD/USD;0.00175809259704545;1103
8;NZD/USD;0.00181806680855496;1104
8;NZD/USD;0.00190452252235818;1105
8;NZD/USD;0.00133041918684383;1106
8;NZD/USD;0.00111909978906544;1107
8;NZD/USD;-0.000885539985854841;1108
8;NZD/USD;-0.00128889895358644;1109
8;NZD/USD;-0.00107765668038922;1110
8;NZD/USD;-0.000725862056354562;1111
8;NZD/USD;-0.00300113416445743;1112
8;NZD/USD;-0.00222831730417656;1113
8;NZD/USD;-0.00129725916259435;1114
8;NZD/USD;-0.000874782523545198;1115
8;NZD/USD;0.000216072138593161;1116
8;NZD/USD;0.00149069715867656;1117
8;NZD/USD;0.00264074932542431;1118
8;NZD/USD;0.00216957575698355;1119
8;NZD/USD;0.00337110187904737;1120
8;NZD/USD;0.00173134659344276;1121
8;NZD/USD;-0.00151057265291837;1122
8;NZD/USD;-0.00339477464610294;1123
8;NZD/USD;-0.00443733182369435;1124
8;NZD/USD;-0.00568756041171325;1125
8;NZD/USD;-0.00612357545464343;1126
8;NZD/USD;-0.00174536606548219;1127
8;NZD/USD;-0.000794082565064294;1128
8;NZD/USD;-0.000378082775213543;1129
8;NZD/USD;-0.00026539395628586;1130
8;NZD/USD;0.000569699003187376;1131
8;NZD/USD;-8.59334159383053E-06;1132
8;NZD/USD;-0.000117380136066133;1133
8;NZD/USD;0.000154756624283408;1134
8;NZD/USD;-0.00151634226177848;1135
8;NZD/USD;-0.00245059512357097;1136
8;NZD/USD;-0.00276319995006075;1137
8;NZD/USD;-0.00189618517545189;1138
8;NZD/USD;-0.00119242090701966;1139
8;NZD/USD;-0.000951778445990392;1140
8;NZD/USD;-0.000110001450160482;1141
8;NZD/USD;0.000211905939401212;1142
8;NZD/USD;-0.000628344020934554;1143
8;NZD/USD;-0.00122276803645282;1144
8;NZD/USD;-0.00125284982575726;1145
8;NZD/USD;-0.00113538500650621;1146
8;NZD/USD;-0.00122226644508559;1147
8;NZD/USD;-0.00137065569604163;1148
8;NZD/USD;-0.000997029875500975;1149
8;NZD/USD;-0.000154248012244035;1150
8;NZD/USD;-7.28146511119206E-05;1151
8;NZD/USD;0.00107424620889774;1152
8;NZD/USD;0.00124591044065752;1153
8;NZD/USD;0.00131862226134297;1154
8;NZD/USD;0.000421717125996238;1155
8;NZD/USD;0.000360900602900949;1156
8;NZD/USD;-0.00171454614692955;1157
8;NZD/USD;-0.00208573756444769;1158
8;NZD/USD;-0.00227379389700601;1159
8;NZD/USD;-0.000920197893021023;1160
8;NZD/USD;-0.00126308532847802;1161
8;NZD/USD;-0.000662922449629092;1162
8;NZD/USD;-0.00130328119034014;1163
8;NZD/USD;-0.00141924799815571;1164
8;NZD/USD;-0.00182079322454944;1165
8;NZD/USD;-0.002437762029983;1166
8;NZD/USD;-0.00282282436648177;1167
8;NZD/USD;-0.00299451752512989;1168
8;NZD/USD;-0.0017325613120028;1169
8;NZD/USD;-0.0020576160882119;1170
8;NZD/USD;-0.00150748879527712;1171
8;NZD/USD;-0.000683567451248255;1172
8;NZD/USD;0.000278441074606679;1173
8;NZD/USD;-0.00101389851541544;1174
8;NZD/USD;-0.000593078704545679;1175
8;NZD/USD;-0.000909378015664186;1176
8;NZD/USD;-0.00179009740002651;1177
8;NZD/USD;-0.000725355229632544;1178
8;NZD/USD;-0.000841854218314105;1179
8;NZD/USD;-0.001284560547874;1180
8;NZD/USD;0.00211449670576873;1181
8;NZD/USD;0.00250942063933816;1182
8;NZD/USD;0.00174895542572652;1183
8;NZD/USD;0.00187954738590948;1184
8;NZD/USD;0.00256685461594148;1185
8;NZD/USD;0.000302370105172492;1186
8;NZD/USD;-0.000456365827419253;1187
8;NZD/USD;-0.000277018668577842;1188
8;NZD/USD;-0.000732983553620082;1189
8;NZD/USD;-0.00155707682387502;1190
8;NZD/USD;-0.00213822969066298;1191
8;NZD/USD;-0.00046938202166877;1192
8;NZD/USD;-0.000113300936271976;1193
8;NZD/USD;2.68638673925678E-05;1194
8;NZD/USD;5.97675048526357E-05;1195
8;NZD/USD;-0.00230060653539564;1196
8;NZD/USD;-0.0033868928971611;1197
8;NZD/USD;-0.00552453656618246;1198
8;NZD/USD;-0.00495575975147917;1199
8;NZD/USD;-0.00523402277207661;1200
8;NZD/USD;-0.00223853955296246;1201
8;NZD/USD;-0.00137159454043795;1202
8;NZD/USD;-0.00026998838241349;1203
8;NZD/USD;0.00142980785323678;1204
8;NZD/USD;0.0014972874429297;1205
8;NZD/USD;0.00145865767108632;1206
8;NZD/USD;0.00232220564635608;1207
8;NZD/USD;0.00343949185012609;1208
8;NZD/USD;0.00124765712592294;1209
8;NZD/USD;0.00136525514221397;1210
8;NZD/USD;-0.000231210381540325;1211
8;NZD/USD;0.000499308037190232;1212
8;NZD/USD;0.00137438983025876;1213
8;NZD/USD;0.000563733067467372;1214
8;NZD/USD;6.65074524705366E-05;1215
8;NZD/USD;0.000237291257186908;1216
8;NZD/USD;-0.000969493218441982;1217
8;NZD/USD;-0.00287075436116866;1218
8;NZD/USD;-0.00109273394266311;1219
8;NZD/USD;0.000504132186476757;1220
8;NZD/USD;0.00146314409229781;1221
8;NZD/USD;0.00242998016141307;1222
8;NZD/USD;0.0032510253064122;1223
8;NZD/USD;0.00317109476377855;1224
8;NZD/USD;0.00160653081796315;1225
8;NZD/USD;0.00161126344932745;1226
8;NZD/USD;-0.000330310566942638;1227
8;NZD/USD;-0.00179389569470605;1228
8;NZD/USD;-0.00377131347545627;1229
8;NZD/USD;-0.00245250464561142;1230
8;NZD/USD;-0.00360413659366084;1231
8;NZD/USD;-0.000964016989417704;1232
8;NZD/USD;-0.00140848852190594;1233
8;NZD/USD;4.2498937686477E-05;1234
8;NZD/USD;-0.000136294461876258;1235
8;NZD/USD;0.00010362062891791;1236
8;NZD/USD;-0.000662437556887752;1237
8;NZD/USD;0.000212665785406756;1238
8;NZD/USD;-0.00163664290961308;1239
8;NZD/USD;-0.00203421520090916;1240
8;NZD/USD;-0.00141263391132985;1241
8;NZD/USD;-0.002322170261727;1242
8;NZD/USD;-0.00176588796754098;1243
8;NZD/USD;0.000278289634270285;1244
8;NZD/USD;0.00025999651901572;1245
8;NZD/USD;0.00110466242168644;1246
8;NZD/USD;0.00202502492424889;1247
8;NZD/USD;0.00230867851531723;1248
8;NZD/USD;0.00144635807150676;1249
8;NZD/USD;0.00176209912243575;1250
8;NZD/USD;0.00175305132039913;1251
8;NZD/USD;-0.000565186720495485;1252
8;NZD/USD;-0.00216781187345026;1253
8;NZD/USD;-0.00127224181500576;1254
8;NZD/USD;-0.00124921570545173;1255
8;NZD/USD;0.000667397093588732;1256
8;NZD/USD;0.00109246774228111;1257
8;NZD/USD;0.00144882859589853;1258
8;NZD/USD;0.000612782004470392;1259
8;NZD/USD;-0.000134199535336779;1260
8;NZD/USD;-0.00319705342873554;1261
8;NZD/USD;-0.0019463097978321;1262
8;NZD/USD;-0.00126523847851353;1263
8;NZD/USD;-0.000789954285541884;1264
8;NZD/USD;0.000691383530345173;1265
8;NZD/USD;0.00149244174588525;1266
8;NZD/USD;0.00107889263964299;1267
8;NZD/USD;0.00121356635305797;1268
8;NZD/USD;0.00134623214456022;1269
8;NZD/USD;0.00042218137577771;1270
8;NZD/USD;-0.000477955674105742;1271
8;NZD/USD;0.000540302958783262;1272
8;NZD/USD;0.000479733037059824;1273
8;NZD/USD;0.00132215383669733;1274
8;NZD/USD;0.000902116049592946;1275
8;NZD/USD;0.00185971654497072;1276
8;NZD/USD;0.00318467052880279;1277
8;NZD/USD;0.00093489924939181;1278
8;NZD/USD;-0.000425644475965806;1279
8;NZD/USD;-0.00360238310428531;1280
8;NZD/USD;-0.00492802921783646;1281
8;NZD/USD;-0.00549877364912012;1282
8;NZD/USD;-0.00323775442696729;1283
8;NZD/USD;-0.00460366655394413;1284
8;NZD/USD;-0.000360135840782564;1285
8;NZD/USD;-0.00124187362488577;1286
8;NZD/USD;-0.00243429487461002;1287
8;NZD/USD;-0.00118150554371748;1288
8;NZD/USD;0.000225613313475024;1289
8;NZD/USD;-0.000425610819390108;1290
8;NZD/USD;0.00165309421328799;1291
8;NZD/USD;4.03498018796654E-05;1292
8;NZD/USD;-0.00069244868082385;1293
8;NZD/USD;-0.00189936719171251;1294
8;NZD/USD;-0.00409858078413276;1295
8;NZD/USD;-0.0039112357587735;1296
8;NZD/USD;-0.00230361194532104;1297
8;NZD/USD;-0.0035806183417826;1298
8;NZD/USD;-0.00295608249515563;1299
8;NZD/USD;5.35656615804144E-05;1300
8;NZD/USD;-0.000255289007596726;1301
8;NZD/USD;-2.19775044764803E-05;1302
8;NZD/USD;0.000264641984361545;1303
8;NZD/USD;0.00244714856143644;1304
8;NZD/USD;0.00140333827993951;1305
8;NZD/USD;0.000887379913221519;1306
8;NZD/USD;-0.00291606601715792;1307
8;NZD/USD;-0.00198068410998192;1308
8;NZD/USD;-0.00369159702090188;1309
8;NZD/USD;-0.00462693504929397;1310
8;NZD/USD;-0.00323167099873585;1311
8;NZD/USD;0.000394665776244545;1312
8;NZD/USD;0.00174441337928332;1313
8;NZD/USD;0.00295870865518297;1314
8;NZD/USD;0.00365789380394551;1315
8;NZD/USD;0.00414951333448674;1316
8;NZD/USD;-0.000885901928085044;1317
8;NZD/USD;-0.000761111634895003;1318
8;NZD/USD;-0.00215147424028601;1319
8;NZD/USD;-0.0016002231612964;1320
8;NZD/USD;-0.00315959351490002;1321
8;NZD/USD;0.00157469856500465;1322
8;NZD/USD;-1.64365049348802E-17;1323
8;NZD/USD;0.000453037204936537;1324
8;NZD/USD;0.000519028695440598;1325
8;NZD/USD;0.0013039052434863;1326
8;NZD/USD;-0.00011093590566446;1327
8;NZD/USD;-0.000319835400465503;1328
8;NZD/USD;0.000786414069590778;1329
8;NZD/USD;0.0012854284100008;1330
8;NZD/USD;0.000315203923338184;1331
8;NZD/USD;0.00136182839844842;1332
8;NZD/USD;0.00141479486570555;1333
8;NZD/USD;-0.000748443591523287;1334
8;NZD/USD;5.33806435536637E-05;1335
8;NZD/USD;0.0015029761430458;1336
8;NZD/USD;0.00198342518090105;1337
8;NZD/USD;0.000794580318548164;1338
8;NZD/USD;0.0010571099309994;1339
8;NZD/USD;-0.00195292792797103;1340
8;NZD/USD;-0.0022318502725158;1341
8;NZD/USD;-0.00282597015166213;1342
8;NZD/USD;-0.0028728415281765;1343
8;NZD/USD;-0.00218346234602431;1344
8;NZD/USD;-0.00147012690200309;1345
8;NZD/USD;-0.00268908939859122;1346
8;NZD/USD;-0.00138033342597467;1347
8;NZD/USD;0.000123971871891702;1348
8;NZD/USD;0.00156565255609115;1349
8;NZD/USD;0.00211585034018446;1350
8;NZD/USD;0.00248351515633682;1351
8;NZD/USD;0.00266638986679114;1352
8;NZD/USD;0.00249796007626787;1353
8;NZD/USD;0.00142501605556567;1354
8;NZD/USD;0.000495538046154144;1355
8;NZD/USD;-0.000551348617493113;1356
8;NZD/USD;-0.000865918082957583;1357
8;NZD/USD;-0.000226088072810919;1358
8;NZD/USD;-0.000800911910095319;1359
8;NZD/USD;0.00118806629125388;1360
8;NZD/USD;0.00268845398680155;1361
8;NZD/USD;0.00156535657957638;1362
8;NZD/USD;0.00162091163373331;1363
8;NZD/USD;0.00173907327384022;1364
8;NZD/USD;0.000519521456353303;1365
8;NZD/USD;0.000581459371373447;1366
8;NZD/USD;0.00133871605982824;1367
8;NZD/USD;0.0010010124261819;1368
8;NZD/USD;0.00284066203284976;1369
8;NZD/USD;0.00325215458702784;1370
8;NZD/USD;0.00268210678222464;1371
8;NZD/USD;0.00198372263719566;1372
8;NZD/USD;0.00258493481325989;1373
8;NZD/USD;0.00124186862685714;1374
8;NZD/USD;0.00346625956751524;1375
8;NZD/USD;0.00388894787494026;1376
8;NZD/USD;0.00331055520992531;1377
8;NZD/USD;0.00208899855887969;1378
8;NZD/USD;0.00300059480149688;1379
8;NZD/USD;0.00153848070445868;1380
8;NZD/USD;0.0027122314185978;1381
8;NZD/USD;0.00285096174035568;1382
8;NZD/USD;0.00229513678015887;1383
8;NZD/USD;0.00265336417390536;1384
8;NZD/USD;0.00206473466306745;1385
8;NZD/USD;-0.000247493415607495;1386
8;NZD/USD;-0.000370608471635768;1387
8;NZD/USD;0.000272338939407916;1388
8;NZD/USD;-0.0025660548793477;1389
8;NZD/USD;-0.000136591744478357;1390
8;NZD/USD;0.00185321255278033;1391
8;NZD/USD;0.00363735319405575;1392
8;NZD/USD;0.00549547518486172;1393
8;NZD/USD;0.00613271323281897;1394
8;NZD/USD;0.00305975017066999;1395
8;NZD/USD;0.00167209793635887;1396
8;NZD/USD;-0.000329285935672112;1397
8;NZD/USD;-0.00232664554386242;1398
8;NZD/USD;-0.00133556422852107;1399
8;NZD/USD;-0.00103236631786781;1400
8;NZD/USD;-0.000460785740441148;1401
8;NZD/USD;0.00109454250427613;1402
8;NZD/USD;-0.00121056808467807;1403
8;NZD/USD;-0.00152213124084768;1404
8;NZD/USD;-0.0025121460586183;1405
8;NZD/USD;-0.00219814899213032;1406
8;NZD/USD;-0.00334937116347623;1407
8;NZD/USD;0.000124346813177621;1408
8;NZD/USD;0.00101309409030454;1409
8;NZD/USD;0.00223555340014566;1410
8;NZD/USD;0.00328238484557154;1411
8;NZD/USD;0.000852246599648861;1412
8;NZD/USD;-0.00029322695535341;1413
8;NZD/USD;-0.000448318257595907;1414
