8;USD/JPY;-0.0327793536312594;5
8;USD/JPY;-0.00164156478505898;6
8;USD/JPY;-0.000865526348803077;7
8;USD/JPY;-0.00123399403893888;8
8;USD/JPY;-0.000601814493556388;9
8;USD/JPY;-0.000276139839639451;10
8;USD/JPY;-0.000208781282277966;11
8;USD/JPY;-0.000486718091780051;12
8;USD/JPY;0.000644689763508608;13
8;USD/JPY;0.00102296155989032;14
8;USD/JPY;0.0011499837947115;15
8;USD/JPY;0.000913959525509007;16
8;USD/JPY;0.000427611647317444;17
8;USD/JPY;0.000116472787325439;18
8;USD/JPY;-0.000438316658995942;19
8;USD/JPY;0.000234541503060416;20
8;USD/JPY;-0.00132641584822182;21
8;USD/JPY;-0.00180253017131703;22
8;USD/JPY;-0.00260914197304849;23
8;USD/JPY;-0.00282820575125157;24
8;USD/JPY;-0.00352987659087855;25
8;USD/JPY;-0.00132367237340821;26
8;USD/JPY;-0.000657232795825195;27
8;USD/JPY;0.00148550587321834;28
8;USD/JPY;0.00178957028116334;29
8;USD/JPY;0.00262260301098248;30
8;USD/JPY;0.00218024576558631;31
8;USD/JPY;0.00218497473980736;32
8;USD/JPY;9.02003133917287E-05;33
8;USD/JPY;1.15061557965403E-05;34
8;USD/JPY;-0.000266277187868985;35
8;USD/JPY;-0.000622424028056786;36
8;USD/JPY;-0.000943637235449064;37
8;USD/JPY;-4.60546517232963E-05;38
8;USD/JPY;-0.00050497561951922;39
8;USD/JPY;-0.000166843268105461;40
8;USD/JPY;0.000777250166999188;41
8;USD/JPY;7.86468908646631E-05;42
8;USD/JPY;1.91907270554003E-05;43
8;USD/JPY;0.000641081557361238;44
8;USD/JPY;-3.83711448996788E-06;45
8;USD/JPY;-4.58619176112624E-05;46
8;USD/JPY;0.000128454003025751;47
8;USD/JPY;-0.00108331473583458;48
8;USD/JPY;-0.00188494461531124;49
8;USD/JPY;-0.00169357831770056;50
8;USD/JPY;-0.00443876520543434;51
8;USD/JPY;-0.0043556217828286;52
8;USD/JPY;-0.00188617550540818;53
8;USD/JPY;-0.00185015555011648;54
8;USD/JPY;-0.00135318644863192;55
8;USD/JPY;0.000824847972894307;56
8;USD/JPY;0.00133340985590862;57
8;USD/JPY;0.0010761173170114;58
8;USD/JPY;0.00134461809927291;59
8;USD/JPY;-0.00082962966247625;60
8;USD/JPY;-0.00096558705431987;61
8;USD/JPY;-0.000857985443117384;62
8;USD/JPY;-0.00102743111395395;63
8;USD/JPY;-0.000765577205835542;64
8;USD/JPY;0.00050989785710704;65
8;USD/JPY;-0.000577675699142959;66
8;USD/JPY;-0.000211160227647216;67
8;USD/JPY;-0.00114041648978158;68
8;USD/JPY;-0.00289631361298743;69
8;USD/JPY;-0.00259816600323278;70
8;USD/JPY;-0.00176882486846391;71
8;USD/JPY;-0.00166184720827846;72
8;USD/JPY;-0.000849766513552578;73
8;USD/JPY;-3.75325324202338E-05;74
8;USD/JPY;2.17420308258806E-05;75
8;USD/JPY;0.000750410643575429;76
8;USD/JPY;0.00019912760104177;77
8;USD/JPY;0.00032031291389651;78
8;USD/JPY;0.00158209369046002;79
8;USD/JPY;0.00182186100681282;80
8;USD/JPY;0.00145916524681349;81
8;USD/JPY;0.00198239832418105;82
8;USD/JPY;0.000654748487219935;83
8;USD/JPY;-3.92041557660306E-05;84
8;USD/JPY;3.72083915788177E-05;85
8;USD/JPY;3.32617554169234E-05;86
8;USD/JPY;-0.000249902414396045;87
8;USD/JPY;0.000660414824385781;88
8;USD/JPY;0.00093683398770608;89
8;USD/JPY;0.000760275122392452;90
8;USD/JPY;0.000468988372953127;91
8;USD/JPY;-0.000506619079364106;92
8;USD/JPY;-0.000738714930112287;93
8;USD/JPY;-0.000637117486879311;94
8;USD/JPY;-0.00134073028475776;95
8;USD/JPY;-0.00118435630028778;96
8;USD/JPY;-0.00113722041689416;97
8;USD/JPY;-0.000772898543152505;98
8;USD/JPY;-0.00053314025513976;99
8;USD/JPY;0.000460972070075825;100
8;USD/JPY;0.00128192394098833;101
8;USD/JPY;0.00159694801075566;102
8;USD/JPY;0.0010878700211719;103
8;USD/JPY;0.000305945401349015;104
8;USD/JPY;0.000262377293046717;105
8;USD/JPY;-0.000408149457902161;106
8;USD/JPY;-0.00105797546918269;107
8;USD/JPY;-1.17291733898767E-05;108
8;USD/JPY;0.000516689950645655;109
8;USD/JPY;0.000568606857489739;110
8;USD/JPY;0.000708359076139648;111
8;USD/JPY;0.00141524566917296;112
8;USD/JPY;-4.69235734453184E-05;113
8;USD/JPY;0.000246132239222063;114
8;USD/JPY;1.17068602234499E-05;115
8;USD/JPY;-0.000675129178929254;116
8;USD/JPY;-0.000709307215643727;117
8;USD/JPY;-0.000248487341013525;118
8;USD/JPY;-0.000222678018901396;119
8;USD/JPY;-0.000455120544477562;120
8;USD/JPY;-4.69144009813884E-05;121
8;USD/JPY;0.000357899052614027;122
8;USD/JPY;-0.000137093620722481;123
8;USD/JPY;-0.000426514483134203;124
8;USD/JPY;-0.00123776245043591;125
8;USD/JPY;-0.000495226603768714;126
8;USD/JPY;-0.0019931925689642;127
8;USD/JPY;-0.00143926534671303;128
8;USD/JPY;-0.00134220118869488;129
8;USD/JPY;-0.000449132948846513;130
8;USD/JPY;-0.000490561840859885;131
8;USD/JPY;0.00155893708753299;132
8;USD/JPY;0.00169183636692187;133
8;USD/JPY;0.0015692670719714;134
8;USD/JPY;0.00178660263354315;135
8;USD/JPY;0.00109914608122488;136
8;USD/JPY;0.00121432570149092;137
8;USD/JPY;0.00167376407368628;138
8;USD/JPY;0.00161333623638352;139
8;USD/JPY;0.00107795955949278;140
8;USD/JPY;0.00186118410197058;141
8;USD/JPY;0.000821627606856541;142
8;USD/JPY;4.85034270048524E-05;143
8;USD/JPY;0.000329636311339062;144
8;USD/JPY;0.000735441195458881;145
8;USD/JPY;-0.000242120227721256;146
8;USD/JPY;1.93830379186753E-05;147
8;USD/JPY;-0.000475841565364975;148
8;USD/JPY;-0.000663704542798897;149
8;USD/JPY;-0.00100974029251261;150
8;USD/JPY;-0.000718398551213551;151
8;USD/JPY;-0.00114877493473256;152
8;USD/JPY;-0.00142260463105544;153
8;USD/JPY;-0.0021655005221383;154
8;USD/JPY;-0.00189925291458103;155
8;USD/JPY;-0.00266496994317355;156
8;USD/JPY;-0.00242405815081945;157
8;USD/JPY;-0.00110957016375573;158
8;USD/JPY;-0.000294973702490505;159
8;USD/JPY;0.000263176022184382;160
8;USD/JPY;0.000364340079192973;161
8;USD/JPY;3.94625204721867E-06;162
8;USD/JPY;-0.000167460471875911;163
8;USD/JPY;-9.44835409531722E-05;164
8;USD/JPY;-0.000692069425577728;165
8;USD/JPY;0.00154645249885955;166
8;USD/JPY;0.00197125239848916;167
8;USD/JPY;0.00180705505117447;168
8;USD/JPY;0.00161189985380987;169
8;USD/JPY;0.0010117353153729;170
8;USD/JPY;-0.000117181781585767;171
8;USD/JPY;-0.000193515298406799;172
8;USD/JPY;0.000290818294719066;173
8;USD/JPY;-0.00033621009315171;174
8;USD/JPY;0.000350456515115218;175
8;USD/JPY;-0.000469414914038753;176
8;USD/JPY;9.77584018368427E-05;177
8;USD/JPY;-0.000480370467506329;178
8;USD/JPY;0.000109525814646193;179
8;USD/JPY;0.000131018674845985;180
8;USD/JPY;-0.000427342212652758;181
8;USD/JPY;-0.000412865500658842;182
8;USD/JPY;-0.000344389088128535;183
8;USD/JPY;-0.000244559798434637;184
8;USD/JPY;-0.000295402245743966;185
8;USD/JPY;0.00197224851047408;186
8;USD/JPY;0.00154338464992213;187
8;USD/JPY;0.0016480743122224;188
8;USD/JPY;0.001600827479475;189
8;USD/JPY;0.00206064907822888;190
8;USD/JPY;0.000740899623457579;191
8;USD/JPY;0.00119759676491006;192
8;USD/JPY;0.00131068030826805;193
8;USD/JPY;0.00159389595472598;194
8;USD/JPY;0.00116309726253612;195
8;USD/JPY;0.00108504948056631;196
8;USD/JPY;0.000754015635918405;197
8;USD/JPY;0.00057037189882939;198
8;USD/JPY;0.000175248560838691;199
8;USD/JPY;0.000163681100600025;200
8;USD/JPY;-0.000928299802732759;201
8;USD/JPY;-0.00113112429205474;202
8;USD/JPY;-0.00157633238843272;203
8;USD/JPY;-0.00165265436054293;204
8;USD/JPY;-0.001609880511373;205
8;USD/JPY;-0.00115236076808138;206
8;USD/JPY;-0.00234820353597917;207
8;USD/JPY;-0.0022801216342842;208
8;USD/JPY;-0.00206608772082386;209
8;USD/JPY;-0.00236770004304928;210
8;USD/JPY;-0.00130977771560557;211
8;USD/JPY;-0.000753510893954881;212
8;USD/JPY;-0.00104041418414191;213
8;USD/JPY;-0.00116237659826777;214
8;USD/JPY;-0.000245592867408883;215
8;USD/JPY;-0.0010878983700848;216
8;USD/JPY;-0.000555173109710758;217
8;USD/JPY;0.000342813319675967;218
8;USD/JPY;0.000832641489231785;219
8;USD/JPY;0.000359445607856619;220
8;USD/JPY;0.000446479245652903;221
8;USD/JPY;0.000299433692967248;222
8;USD/JPY;0.000548459889904686;223
8;USD/JPY;0.000797887736765384;224
8;USD/JPY;0.00076388301656581;225
8;USD/JPY;0.000811726029705162;226
8;USD/JPY;0.000852502813083997;227
8;USD/JPY;0.000672216839511069;228
8;USD/JPY;0.000453395283044612;229
8;USD/JPY;0.00017782034478508;230
8;USD/JPY;0.000422205004330838;231
8;USD/JPY;0.00102447021075195;232
8;USD/JPY;0.000623159961665916;233
8;USD/JPY;0.000228262643847527;234
8;USD/JPY;0.000559784643698216;235
8;USD/JPY;0.000134683425853518;236
8;USD/JPY;8.96843515837707E-05;237
8;USD/JPY;0.000171565054143092;238
8;USD/JPY;-0.000117025222273545;239
8;USD/JPY;-0.000817773539043708;240
8;USD/JPY;-3.90259132072995E-06;241
8;USD/JPY;-0.000421475906492614;242
8;USD/JPY;-0.000565942378339991;243
8;USD/JPY;-0.000398398725625694;244
8;USD/JPY;1.56451676068629E-05;245
8;USD/JPY;-0.000723292744136892;246
8;USD/JPY;-0.000557476655974984;247
8;USD/JPY;-0.00023856550668868;248
8;USD/JPY;0.000304729221142447;249
8;USD/JPY;0.000492197361639006;250
8;USD/JPY;0.000969007395063396;251
8;USD/JPY;0.000912668006162345;252
8;USD/JPY;0.000681697871179328;253
8;USD/JPY;7.41586417949963E-05;254
8;USD/JPY;-0.000748541171345687;255
8;USD/JPY;-0.000765439059765427;256
8;USD/JPY;-0.00072471278831941;257
8;USD/JPY;-0.00050372450654419;258
8;USD/JPY;-0.000435587458110579;259
8;USD/JPY;0.000654882633048792;260
8;USD/JPY;0.000224858631615466;261
8;USD/JPY;1.95685142761635E-05;262
8;USD/JPY;-0.000467763219824873;263
8;USD/JPY;-0.000405185334645817;264
8;USD/JPY;-0.000656840720193453;265
8;USD/JPY;-0.000667492679654859;266
8;USD/JPY;-0.00124247775534314;267
8;USD/JPY;-0.000673226180962311;268
8;USD/JPY;-0.00104512742003876;269
8;USD/JPY;-0.000818197675070619;270
8;USD/JPY;-0.000257020268358026;271
8;USD/JPY;0.000452346493422871;272
8;USD/JPY;-0.000125867803631235;273
8;USD/JPY;0.000100427804858108;274
8;USD/JPY;-3.93263399259487E-05;275
8;USD/JPY;-0.000249488041703396;276
8;USD/JPY;0.000151209437172595;277
8;USD/JPY;0.000471596375000611;278
8;USD/JPY;0.00101130816324019;279
8;USD/JPY;0.000951490580289589;280
8;USD/JPY;0.0011349132963521;281
8;USD/JPY;0.000629137806938843;282
8;USD/JPY;0.000652503554713898;283
8;USD/JPY;-1.95875834306442E-06;284
8;USD/JPY;-0.000857120352344996;285
8;USD/JPY;-0.0010641606645007;286
8;USD/JPY;-0.000358424790020023;287
8;USD/JPY;-0.00156329045977135;288
8;USD/JPY;-0.00121419682134176;289
8;USD/JPY;-0.000358056361618814;290
8;USD/JPY;-0.000556870474239988;291
8;USD/JPY;-0.000943194061061343;292
8;USD/JPY;-2.95766108700618E-05;293
8;USD/JPY;-0.000432048699497192;294
8;USD/JPY;-0.00019503643703047;295
8;USD/JPY;-0.00021489796879436;296
8;USD/JPY;-0.000546332566918056;297
8;USD/JPY;-0.000303906439523396;298
8;USD/JPY;-0.00063694951320913;299
8;USD/JPY;-4.73102172562289E-05;300
8;USD/JPY;8.8747332873263E-05;301
8;USD/JPY;0.000560119490026998;302
8;USD/JPY;0.000955549164063637;303
8;USD/JPY;0.00164165006877136;304
8;USD/JPY;0.000533562037832354;305
8;USD/JPY;0.000893166021451841;306
8;USD/JPY;0.000841171409875486;307
8;USD/JPY;0.000327970340143446;308
8;USD/JPY;0.000210151102251784;309
8;USD/JPY;0.000383049682722721;310
8;USD/JPY;-0.000245518098507131;311
8;USD/JPY;0.00031550847980649;312
8;USD/JPY;0.000123585756260718;313
8;USD/JPY;-0.00012567131474925;314
8;USD/JPY;-0.000249390057695252;315
8;USD/JPY;-8.25617750711549E-05;316
8;USD/JPY;-0.00111926303130892;317
8;USD/JPY;-0.000797784555892226;318
8;USD/JPY;-0.000180790972762845;319
8;USD/JPY;-0.000294956301616857;320
8;USD/JPY;9.63187579736467E-05;321
8;USD/JPY;0.000627166226252435;322
8;USD/JPY;0.000825237689514392;323
8;USD/JPY;0.00112336165865336;324
8;USD/JPY;0.00158371646539315;325
8;USD/JPY;0.00111118473844768;326
8;USD/JPY;0.00106110392015317;327
8;USD/JPY;0.00110479693144749;328
8;USD/JPY;0.000653853680122396;329
8;USD/JPY;0.000487481717046268;330
8;USD/JPY;0.000659474189308723;331
8;USD/JPY;0.000212717189157686;332
8;USD/JPY;-0.000241946528111313;333
8;USD/JPY;-0.000413533615256726;334
8;USD/JPY;-0.000841161494617126;335
8;USD/JPY;-0.000327514182614323;336
8;USD/JPY;0.000179365215172487;337
8;USD/JPY;3.31874064315224E-05;338
8;USD/JPY;0.000185415612587134;339
8;USD/JPY;0.000437611286788368;340
8;USD/JPY;-0.000521619660065187;341
8;USD/JPY;-0.000503409988612989;342
8;USD/JPY;-0.000287155694526705;343
8;USD/JPY;-0.000466794807632261;344
8;USD/JPY;-0.00105855034300825;345
8;USD/JPY;-0.000470035468990711;346
8;USD/JPY;-0.000583039455001207;347
8;USD/JPY;-0.000934640655017559;348
8;USD/JPY;-0.00110786226209766;349
8;USD/JPY;-0.000239488073843965;350
8;USD/JPY;0.000131329421038082;351
8;USD/JPY;-0.000196032321818337;352
8;USD/JPY;0.000178644181157589;353
8;USD/JPY;0.000210279130499356;354
8;USD/JPY;0.000117816857107978;355
8;USD/JPY;-5.48734484544998E-05;356
8;USD/JPY;0.00040557433506216;357
8;USD/JPY;0.000497790577505525;358
8;USD/JPY;0.000791963789068991;359
8;USD/JPY;0.000556726652063447;360
8;USD/JPY;-0.00025104195500047;361
8;USD/JPY;-0.000776600997352261;362
8;USD/JPY;-0.000648940650214445;363
8;USD/JPY;-0.000607414841057214;364
8;USD/JPY;-0.000484107504344242;365
8;USD/JPY;0.000441075029172667;366
8;USD/JPY;0.000596447267052971;367
8;USD/JPY;5.49768806045835E-05;368
8;USD/JPY;-4.12142504635525E-05;369
8;USD/JPY;-7.26191477191649E-05;370
8;USD/JPY;-0.000331205398494864;371
8;USD/JPY;8.61807262309112E-05;372
8;USD/JPY;9.02863663294896E-05;373
8;USD/JPY;2.55145850546117E-05;374
8;USD/JPY;-0.000253392099187796;375
8;USD/JPY;-0.000284608147582607;376
8;USD/JPY;-0.000680663076866459;377
8;USD/JPY;-0.000510850942338755;378
8;USD/JPY;-0.000520749190066037;379
8;USD/JPY;-0.00064967720950155;380
8;USD/JPY;-0.000840482102207046;381
8;USD/JPY;-0.000692845885298501;382
8;USD/JPY;-0.000549637614882517;383
8;USD/JPY;-0.000719485506594622;384
8;USD/JPY;-0.000226899443770021;385
8;USD/JPY;0.000236558107515502;386
8;USD/JPY;0.000159646027920112;387
8;USD/JPY;0.000337053816191098;388
8;USD/JPY;0.000432001824956271;389
8;USD/JPY;0.000888369453770262;390
8;USD/JPY;0.000625529160311204;391
8;USD/JPY;0.000802211085463033;392
8;USD/JPY;0.00125647051712652;393
8;USD/JPY;0.00138830127954616;394
8;USD/JPY;0.000490749620523073;395
8;USD/JPY;0.000453170176767695;396
8;USD/JPY;0.00038227622755694;397
8;USD/JPY;-0.000283978289101807;398
8;USD/JPY;-0.00071160150935285;399
8;USD/JPY;-0.000374824104331665;400
8;USD/JPY;-0.000508169735153594;401
8;USD/JPY;-0.00114902771716652;402
8;USD/JPY;-0.00114193367250103;403
8;USD/JPY;-0.000355768804839184;404
8;USD/JPY;-0.000222085761673003;405
8;USD/JPY;-0.000542949372965768;406
8;USD/JPY;-3.15193302794897E-05;407
8;USD/JPY;-0.000400530886438511;408
8;USD/JPY;-0.000707518856923163;409
8;USD/JPY;-0.000683525644994229;410
8;USD/JPY;-0.00039041716035792;411
8;USD/JPY;-0.000299681644383494;412
8;USD/JPY;0.000406444051608425;413
8;USD/JPY;0.000542195433580919;414
8;USD/JPY;0.000345009524028798;415
8;USD/JPY;0.000461320289701093;416
8;USD/JPY;0.000504468555914597;417
8;USD/JPY;0.00038791566629205;418
8;USD/JPY;0.000234167869996349;419
8;USD/JPY;0.000309017160750343;420
8;USD/JPY;0.000153537269853035;421
8;USD/JPY;-0.000234340795704053;422
8;USD/JPY;-0.000719322445217418;423
8;USD/JPY;-0.00092449024525646;424
8;USD/JPY;-0.000553419587884739;425
8;USD/JPY;-0.000528032303881292;426
8;USD/JPY;-0.000289859409792434;427
8;USD/JPY;-0.00010268968194322;428
8;USD/JPY;0.000234977047658891;429
8;USD/JPY;3.94399527998537E-05;430
8;USD/JPY;0.00024448675619654;431
8;USD/JPY;0.000366690426827452;432
8;USD/JPY;0.000465630389470154;433
8;USD/JPY;6.708562358804E-05;434
8;USD/JPY;0.000139949052430757;435
8;USD/JPY;4.53155094269485E-05;436
8;USD/JPY;-0.000171432804407554;437
8;USD/JPY;0.000657138108038153;438
8;USD/JPY;0.000762010697981812;439
8;USD/JPY;0.000784657915724235;440
8;USD/JPY;0.000574419091009899;441
8;USD/JPY;0.000588562826639154;442
8;USD/JPY;0.000111930959194768;443
8;USD/JPY;0.000104132388015512;444
8;USD/JPY;-0.000139400876408257;445
8;USD/JPY;0.000172789580540801;446
8;USD/JPY;0.000720056891147983;447
8;USD/JPY;0.000386367433877527;448
8;USD/JPY;0.000684351294471192;449
8;USD/JPY;0.00208671040988277;450
8;USD/JPY;0.00184812059871979;451
8;USD/JPY;0.00144793833775851;452
8;USD/JPY;0.00133184107850067;453
8;USD/JPY;0.00118081955947136;454
8;USD/JPY;9.71609587520215E-05;455
8;USD/JPY;-0.000771554780554717;456
8;USD/JPY;-0.00056660847017488;457
8;USD/JPY;-0.000344802481486812;458
8;USD/JPY;-0.000582707270700361;459
8;USD/JPY;-0.000778612524351627;460
8;USD/JPY;0.000230219221409138;461
8;USD/JPY;0.000389594068905785;462
8;USD/JPY;2.92436139779212E-05;463
8;USD/JPY;8.78070210938223E-05;464
8;USD/JPY;-0.000411942571313045;465
8;USD/JPY;-0.000832381986406117;466
8;USD/JPY;-0.000949990813476179;467
8;USD/JPY;-0.00104959415291007;468
8;USD/JPY;-0.000758361442609205;469
8;USD/JPY;-0.00125470925944766;470
8;USD/JPY;-0.000454777315960653;471
8;USD/JPY;-0.000250440259685829;472
8;USD/JPY;8.42488881318579E-05;473
8;USD/JPY;2.34976208929124E-05;474
8;USD/JPY;0.00103178957544188;475
8;USD/JPY;0.000720890923100067;476
8;USD/JPY;0.000127215884745502;477
8;USD/JPY;0.000362061894021223;478
8;USD/JPY;0.000606066994253409;479
8;USD/JPY;0.000504147759403734;480
8;USD/JPY;0.000269665596941564;481
8;USD/JPY;0.000492442626188049;482
8;USD/JPY;0.000320415827517945;483
8;USD/JPY;0.000111238507002513;484
8;USD/JPY;7.99996108246434E-05;485
8;USD/JPY;-0.000437902155273802;486
8;USD/JPY;-0.000111279768988106;487
8;USD/JPY;3.90400063703673E-05;488
8;USD/JPY;7.60749249642312E-05;489
8;USD/JPY;0.000206680073767748;490
8;USD/JPY;0.000789094347592406;491
8;USD/JPY;0.000861289170750291;492
8;USD/JPY;0.000923024635998864;493
8;USD/JPY;0.00144188885427058;494
8;USD/JPY;0.00143500637472914;495
8;USD/JPY;0.00215023519976202;496
8;USD/JPY;0.00187340496173106;497
8;USD/JPY;0.00161378584553913;498
8;USD/JPY;0.00108522757651488;499
8;USD/JPY;0.000764745437583045;500
8;USD/JPY;0.000508479746922481;501
8;USD/JPY;0.000730657634670756;502
8;USD/JPY;0.000656101023712927;503
8;USD/JPY;0.000221342222444619;504
8;USD/JPY;0.000594708689535268;505
8;USD/JPY;-0.000150098148137311;506
8;USD/JPY;-0.000147838824021133;507
8;USD/JPY;-4.61068528351561E-05;508
8;USD/JPY;-0.000130851017319679;509
8;USD/JPY;-0.000157646840806711;510
8;USD/JPY;-3.27286554546985E-05;511
8;USD/JPY;-0.000702285069801685;512
8;USD/JPY;-0.000602285482221011;513
8;USD/JPY;-0.000352568979508069;514
8;USD/JPY;-0.00031759328756625;515
8;USD/JPY;0.000240526879002399;516
8;USD/JPY;0.00077333814431462;517
8;USD/JPY;0.00071561244794663;518
8;USD/JPY;0.00105584782569636;519
8;USD/JPY;0.00101836148889266;520
8;USD/JPY;0.00159552645457634;521
8;USD/JPY;0.00179291113245017;522
8;USD/JPY;0.0020802976543122;523
8;USD/JPY;0.00132678713210703;524
8;USD/JPY;0.000999853920813956;525
8;USD/JPY;0.000108713794547084;526
8;USD/JPY;-0.000310409736428465;527
8;USD/JPY;-4.75151932064836E-05;528
8;USD/JPY;0.00119117517240126;529
8;USD/JPY;0.000710047527029029;530
8;USD/JPY;0.000106749018441744;531
8;USD/JPY;0.000460680563852909;532
8;USD/JPY;-0.000188271105257295;533
8;USD/JPY;0.000115510070102542;534
8;USD/JPY;0.00165960351845339;535
8;USD/JPY;0.00258077869658543;536
8;USD/JPY;0.00215786913648711;537
8;USD/JPY;0.00190116940011911;538
8;USD/JPY;0.00184477252094365;539
8;USD/JPY;0.00118374671492044;540
8;USD/JPY;0.000990862837070285;541
8;USD/JPY;0.00100570611199004;542
8;USD/JPY;0.00140288192988144;543
8;USD/JPY;0.000922579051511518;544
8;USD/JPY;0.000802083872776725;545
8;USD/JPY;0.00075672382538807;546
8;USD/JPY;0.00087586337217353;547
8;USD/JPY;0.000804972861306839;548
8;USD/JPY;0.000108259452013425;549
8;USD/JPY;-7.465054301624E-05;550
8;USD/JPY;-0.000268729454170711;551
8;USD/JPY;-0.000720580229898584;552
8;USD/JPY;-0.000283518662714628;553
8;USD/JPY;0.000169737337011674;554
8;USD/JPY;0.000808473293386835;555
8;USD/JPY;0.00268776622470581;556
8;USD/JPY;0.00297008511843424;557
8;USD/JPY;0.00285590734625329;558
8;USD/JPY;0.00284349187015694;559
8;USD/JPY;0.00280236080404325;560
8;USD/JPY;0.000761345225405786;561
8;USD/JPY;0.000746694998615398;562
8;USD/JPY;0.000391560437767308;563
8;USD/JPY;0.000135975676617608;564
8;USD/JPY;-0.000651852156861596;565
8;USD/JPY;-0.000964123302190623;566
8;USD/JPY;-0.00023511046469306;567
8;USD/JPY;-0.000638287651396353;568
8;USD/JPY;-0.000612619886888931;569
8;USD/JPY;0.000319764838859627;570
8;USD/JPY;0.00163113264284799;571
8;USD/JPY;0.000946105047255705;572
8;USD/JPY;0.000255927565084117;573
8;USD/JPY;0.000147347295014203;574
8;USD/JPY;9.72981426983648E-05;575
8;USD/JPY;-1.28061469549285E-05;576
8;USD/JPY;0.000113378687843585;577
8;USD/JPY;0.00167657862384321;578
8;USD/JPY;0.00142549140138582;579
8;USD/JPY;0.000793139385315056;580
8;USD/JPY;0.000175555709060275;581
8;USD/JPY;0.000487526774629978;582
8;USD/JPY;9.48602197743957E-05;583
8;USD/JPY;0.000804565758075339;584
8;USD/JPY;-0.000175574973554622;585
8;USD/JPY;-0.00074350889569131;586
8;USD/JPY;-0.00154884839872997;587
8;USD/JPY;-0.00285076232118746;588
8;USD/JPY;-0.00243821685330195;589
8;USD/JPY;-0.00100336345666534;590
8;USD/JPY;0.00127472255586342;591
8;USD/JPY;0.00180947037432747;592
8;USD/JPY;0.00241622562544647;593
8;USD/JPY;0.00103863868746143;594
8;USD/JPY;0.000209526104241991;595
8;USD/JPY;-0.00220709088336705;596
8;USD/JPY;-0.00276008103263296;597
8;USD/JPY;-0.00249023870810334;598
8;USD/JPY;-0.00176243422991097;599
8;USD/JPY;-0.000863407376485213;600
8;USD/JPY;-0.00064434294499331;601
8;USD/JPY;-0.0012355265951972;602
8;USD/JPY;-0.000125885133975109;603
8;USD/JPY;-0.000540861261680896;604
8;USD/JPY;-0.000587551001802732;605
8;USD/JPY;-0.000588922032287555;606
8;USD/JPY;-0.000552617608316632;607
8;USD/JPY;-0.00125577444599761;608
8;USD/JPY;-0.000847569157552111;609
8;USD/JPY;-0.00191127480582517;610
8;USD/JPY;-0.00109913378333789;611
8;USD/JPY;-0.000346862936253049;612
8;USD/JPY;-1.11813048611976E-05;613
8;USD/JPY;-0.000262806004069625;614
8;USD/JPY;-0.00185616616950719;615
8;USD/JPY;-0.00232218318070724;616
8;USD/JPY;-0.00232792160177485;617
8;USD/JPY;-0.00250162658432361;618
8;USD/JPY;-0.00148827621630302;619
8;USD/JPY;0.000655096402873865;620
8;USD/JPY;0.00134257717671893;621
8;USD/JPY;0.00234285282483563;622
8;USD/JPY;0.00202957841406974;623
8;USD/JPY;0.000823196905552995;624
8;USD/JPY;0.000900074650066752;625
8;USD/JPY;-0.000288814130813732;626
8;USD/JPY;-0.000864109975002712;627
8;USD/JPY;-0.000100897805744201;628
8;USD/JPY;0.000153388585681388;629
8;USD/JPY;0.000799164555745868;630
8;USD/JPY;0.00109677513088995;631
8;USD/JPY;0.00102827990008374;632
8;USD/JPY;0.00213782510832557;633
8;USD/JPY;0.00224060207976387;634
8;USD/JPY;0.00170709662758199;635
8;USD/JPY;0.00169505140709255;636
8;USD/JPY;0.00172863848905363;637
8;USD/JPY;-0.000260890116232469;638
8;USD/JPY;-0.000835662263493361;639
8;USD/JPY;-0.000747844342526719;640
8;USD/JPY;-0.00043169149903619;641
8;USD/JPY;-0.000329349147438492;642
8;USD/JPY;0.000194312219479163;643
8;USD/JPY;0.000661776554638546;644
8;USD/JPY;0.000496406863718543;645
8;USD/JPY;0.00185723268627634;646
8;USD/JPY;0.00216411465925952;647
8;USD/JPY;0.00152204090049344;648
8;USD/JPY;0.00213165507692982;649
8;USD/JPY;0.00567219889094757;650
8;USD/JPY;0.0058955067485649;651
8;USD/JPY;0.00658762685475269;652
8;USD/JPY;0.00688858559550799;653
8;USD/JPY;0.00887649987676637;654
8;USD/JPY;0.00442118961066203;655
8;USD/JPY;0.00262690555265693;656
8;USD/JPY;0.00080487277115442;657
8;USD/JPY;0.00132397550967089;658
8;USD/JPY;0.000397205693186145;659
8;USD/JPY;0.00140046407008245;660
8;USD/JPY;0.00189807456161104;661
8;USD/JPY;0.00205666820778417;662
8;USD/JPY;0.00209960041784214;663
8;USD/JPY;0.00134150350080037;664
8;USD/JPY;0.00132480214224404;665
8;USD/JPY;0.000534789952088384;666
8;USD/JPY;0.000117037215059297;667
8;USD/JPY;-0.00124869240880935;668
8;USD/JPY;-0.000939851353618902;669
8;USD/JPY;-0.000806719107572295;670
8;USD/JPY;0.00143354878196153;671
8;USD/JPY;0.00222806282800675;672
8;USD/JPY;0.0030277624538543;673
8;USD/JPY;0.00110300473551569;674
8;USD/JPY;0.000587974782232929;675
8;USD/JPY;-0.000344015470431543;676
8;USD/JPY;-5.18157090854918E-05;677
8;USD/JPY;8.29259034391879E-05;678
8;USD/JPY;0.000905335312010637;679
8;USD/JPY;0.00198937824239834;680
8;USD/JPY;0.00154772320621477;681
8;USD/JPY;0.00187920730242207;682
8;USD/JPY;0.000274446726619305;683
8;USD/JPY;0.00111090824411333;684
8;USD/JPY;0.000589031229675155;685
8;USD/JPY;0.000344793659541394;686
8;USD/JPY;-0.000412839272089596;687
8;USD/JPY;0.00159433210092487;688
8;USD/JPY;0.00157906136950335;689
8;USD/JPY;0.00180774253051077;690
8;USD/JPY;0.00244785251481108;691
8;USD/JPY;0.00331789170652511;692
8;USD/JPY;0.00214118771070723;693
8;USD/JPY;0.00149397589605053;694
8;USD/JPY;-0.000209127676187003;695
8;USD/JPY;-0.000941865017789732;696
8;USD/JPY;-0.00135044173811534;697
8;USD/JPY;-0.000372802480321852;698
8;USD/JPY;0.000250166951422974;699
8;USD/JPY;0.0015049132980994;700
8;USD/JPY;0.000625011123643017;701
8;USD/JPY;0.000110340147514048;702
8;USD/JPY;-0.000188359883088984;703
8;USD/JPY;-0.00110614035840582;704
8;USD/JPY;-0.00156275954657799;705
8;USD/JPY;-0.000545077450519668;706
8;USD/JPY;-0.000865680735537223;707
8;USD/JPY;3.73466877119181E-05;708
8;USD/JPY;0.000225790183435028;709
8;USD/JPY;0.00118420840522332;710
8;USD/JPY;0.00180612207121239;711
8;USD/JPY;0.00256905551477992;712
8;USD/JPY;0.00153871625816665;713
8;USD/JPY;0.000740092382169233;714
8;USD/JPY;0.000142040656651747;715
8;USD/JPY;0.000222308324082998;716
8;USD/JPY;0.000447092823446259;717
8;USD/JPY;0.00076326345336789;718
8;USD/JPY;0.00154583959071453;719
8;USD/JPY;0.00222393543774853;720
8;USD/JPY;0.00174793619799056;721
8;USD/JPY;0.0012952827863244;722
8;USD/JPY;0.000885694326348331;723
8;USD/JPY;0.000957195842955003;724
8;USD/JPY;0.000875705611184332;725
8;USD/JPY;0.00255817537605876;726
8;USD/JPY;0.00282898581856818;727
8;USD/JPY;0.00271620891633492;728
8;USD/JPY;0.00185775797568831;729
8;USD/JPY;0.000795645766569023;730
8;USD/JPY;-0.00287545551741077;731
8;USD/JPY;-0.00438298998632269;732
8;USD/JPY;-0.00333025292549731;733
8;USD/JPY;-0.00305832921321418;734
8;USD/JPY;-0.00311080999562791;735
8;USD/JPY;-0.00349139621763091;736
8;USD/JPY;-0.00175602647731116;737
8;USD/JPY;0.000125639193507732;738
8;USD/JPY;-0.000147848227094005;739
8;USD/JPY;-1.85220264913063E-05;740
8;USD/JPY;0.00159057003449122;741
8;USD/JPY;0.000396452390357303;742
8;USD/JPY;-0.00202314350362927;743
8;USD/JPY;-0.00102956209886755;744
8;USD/JPY;-0.00170631174279952;745
8;USD/JPY;-0.00204004668574874;746
8;USD/JPY;-0.00162637754637596;747
8;USD/JPY;-0.00273547552624171;748
8;USD/JPY;-0.00167100939401912;749
8;USD/JPY;-0.000603816405335353;750
8;USD/JPY;0.00242098633940555;751
8;USD/JPY;0.00250794958804167;752
8;USD/JPY;0.00376475308691978;753
8;USD/JPY;0.00261483667273056;754
8;USD/JPY;0.00298423414679681;755
8;USD/JPY;0.00111671623758301;756
8;USD/JPY;0.00140716755292815;757
8;USD/JPY;0.00127333934014079;758
8;USD/JPY;0.00163271680864661;759
8;USD/JPY;0.00163461323413163;760
8;USD/JPY;0.00120708084273597;761
8;USD/JPY;0.00193996017564662;762
8;USD/JPY;0.0017946896083826;763
8;USD/JPY;0.000793945757780341;764
8;USD/JPY;0.000561835475858754;765
8;USD/JPY;0.000367520298321698;766
8;USD/JPY;-0.0010350794634772;767
8;USD/JPY;-0.000477897479476275;768
8;USD/JPY;-0.000169509844210265;769
8;USD/JPY;-7.47095674287517E-05;770
8;USD/JPY;7.4751762727687E-05;771
8;USD/JPY;0.000429302548461403;772
8;USD/JPY;0.000308772690130841;773
8;USD/JPY;0.000562817111478243;774
8;USD/JPY;-0.00108226273299753;775
8;USD/JPY;-0.00174985373503192;776
8;USD/JPY;-0.00142456210013124;777
8;USD/JPY;-0.00156871386013042;778
8;USD/JPY;-0.00122394721245834;779
8;USD/JPY;0.000151869799811635;780
8;USD/JPY;0.00177974661892049;781
8;USD/JPY;0.00120669806065974;782
8;USD/JPY;0.00127821518892589;783
8;USD/JPY;0.000784122135304971;784
8;USD/JPY;-0.000501106872581216;785
8;USD/JPY;-0.00169766715982791;786
8;USD/JPY;-0.00171626101754433;787
8;USD/JPY;-0.00282394633950914;788
8;USD/JPY;-0.00285992883138262;789
8;USD/JPY;-0.000859812685323202;790
8;USD/JPY;4.18643012074127E-05;791
8;USD/JPY;0.000194591708298554;792
8;USD/JPY;0.00184309916480333;793
8;USD/JPY;0.00171517850443768;794
8;USD/JPY;0.00121572777739286;795
8;USD/JPY;-1.00466331242009E-05;796
8;USD/JPY;-0.000695360767653337;797
8;USD/JPY;-0.00264330281521546;798
8;USD/JPY;-0.00230089471586298;799
8;USD/JPY;-0.001929172922303;800
8;USD/JPY;-0.00185384331630272;801
8;USD/JPY;-0.0010577438417953;802
8;USD/JPY;0.000451141350319112;803
8;USD/JPY;-0.000850394715222002;804
8;USD/JPY;-0.00265902469680398;805
8;USD/JPY;-0.00244179193557729;806
8;USD/JPY;-0.00137139127076571;807
8;USD/JPY;-0.00140407315852718;808
8;USD/JPY;-0.00161071950665137;809
8;USD/JPY;-0.00162426122675031;810
8;USD/JPY;-0.000664907902399387;811
8;USD/JPY;0.000360731429521831;812
8;USD/JPY;-0.000136018571776982;813
8;USD/JPY;0.000528108389553875;814
8;USD/JPY;0.00239488967897532;815
8;USD/JPY;0.00209856913737466;816
8;USD/JPY;0.00104448619374445;817
8;USD/JPY;0.00126986706497665;818
8;USD/JPY;0.00251703656289823;819
8;USD/JPY;0.000217692649705959;820
8;USD/JPY;3.39720070670632E-06;821
8;USD/JPY;-0.000701374666316193;822
8;USD/JPY;-0.000585612306657214;823
8;USD/JPY;-0.00123081473186634;824
8;USD/JPY;0.00177687189096369;825
8;USD/JPY;0.000762906748579987;826
8;USD/JPY;-3.22477989454117E-05;827
8;USD/JPY;-0.000977008310441993;828
8;USD/JPY;0.000406600621187297;829
8;USD/JPY;-0.000501001843429401;830
8;USD/JPY;0.000550871434291661;831
8;USD/JPY;0.000357828871838651;832
8;USD/JPY;0.000112386339503345;833
8;USD/JPY;-0.00065944837350776;834
8;USD/JPY;-0.000465012278661334;835
8;USD/JPY;-0.00134435506680696;836
8;USD/JPY;-0.000765617778532995;837
8;USD/JPY;0.000375864833339856;838
8;USD/JPY;0.000478274370592063;839
8;USD/JPY;0.000221649790673005;840
8;USD/JPY;0.000295380908258932;841
8;USD/JPY;-0.000231449991793551;842
8;USD/JPY;-0.000873568326107762;843
8;USD/JPY;-0.000830077451627936;844
8;USD/JPY;-0.00172211350760516;845
8;USD/JPY;-0.000519754343542378;846
8;USD/JPY;-0.000373266401462884;847
8;USD/JPY;0.000572592649182644;848
8;USD/JPY;0.000142835286385302;849
8;USD/JPY;0.000477018182451447;850
8;USD/JPY;-0.000117386370389404;851
8;USD/JPY;0.000114269636806087;852
8;USD/JPY;-0.000388366174072207;853
8;USD/JPY;-0.000323225520103058;854
8;USD/JPY;-1.7802599672212E-17;855
8;USD/JPY;-0.000277577964340159;856
8;USD/JPY;0.00288783126982254;857
8;USD/JPY;0.00281216672243985;858
8;USD/JPY;0.00253599462738808;859
8;USD/JPY;0.00175514027271385;860
8;USD/JPY;0.0020851534038264;861
8;USD/JPY;-0.000471118956594157;862
8;USD/JPY;0.000515466366578404;863
8;USD/JPY;0.000657911892741189;864
8;USD/JPY;0.00179838753444396;865
8;USD/JPY;0.00297789695800275;866
8;USD/JPY;0.00247106873444358;867
8;USD/JPY;0.00165991300666917;868
8;USD/JPY;-0.000629335060938657;869
8;USD/JPY;-0.00119544478677838;870
8;USD/JPY;-0.00250120293229792;871
8;USD/JPY;-0.00257216734143558;872
8;USD/JPY;-0.00273432111554126;873
8;USD/JPY;-0.000644811555685289;874
8;USD/JPY;-0.000756494914430054;875
8;USD/JPY;-0.000660600533177637;876
8;USD/JPY;-0.000225971575232716;877
8;USD/JPY;0.000592563098658398;878
8;USD/JPY;0.00102097247531779;879
8;USD/JPY;0.00116975638205765;880
8;USD/JPY;0.00111098304431922;881
8;USD/JPY;0.00031022396292754;882
8;USD/JPY;-0.000474583910136286;883
8;USD/JPY;-0.000369437552569621;884
8;USD/JPY;-0.000324153262734636;885
8;USD/JPY;-0.000536204616698682;886
8;USD/JPY;3.8744183229558E-05;887
8;USD/JPY;0.000634208213427309;888
8;USD/JPY;0.000367759833931414;889
8;USD/JPY;-0.000136200270097577;890
8;USD/JPY;0.000149744054038494;891
8;USD/JPY;0.000865573027520606;892
8;USD/JPY;0.000186347147974265;893
8;USD/JPY;-0.000571241746219779;894
8;USD/JPY;-0.000127877242208195;895
8;USD/JPY;-0.000112718236840303;896
8;USD/JPY;-0.000722453091121003;897
8;USD/JPY;-0.000608368044108082;898
8;USD/JPY;0.000826093606164175;899
8;USD/JPY;0.000933639524615201;900
8;USD/JPY;0.00074746348638884;901
8;USD/JPY;0.00118144936431041;902
8;USD/JPY;0.00168443572263038;903
8;USD/JPY;0.000812682968310559;904
8;USD/JPY;0.00123422645272718;905
8;USD/JPY;0.00153485260780601;906
8;USD/JPY;0.00035942518377031;907
8;USD/JPY;-0.000421035199978416;908
8;USD/JPY;-0.000357441217573983;909
8;USD/JPY;-0.000745637761841924;910
8;USD/JPY;-0.000932200484476419;911
8;USD/JPY;-0.000165422526108664;912
8;USD/JPY;0.000377636044422467;913
8;USD/JPY;0.000872435064708432;914
8;USD/JPY;0.000642381868133647;915
8;USD/JPY;0.000757431314286102;916
8;USD/JPY;0.0025100101450555;917
8;USD/JPY;0.00155812334248576;918
8;USD/JPY;0.00119982934989831;919
8;USD/JPY;0.00185049862223586;920
8;USD/JPY;0.00218771459255075;921
8;USD/JPY;0.00105043295950461;922
8;USD/JPY;0.000757207177064657;923
8;USD/JPY;0.000286032016545598;924
8;USD/JPY;0.000158385793153469;925
8;USD/JPY;0.000131723024182427;926
8;USD/JPY;-0.000628279656820582;927
8;USD/JPY;-0.000295597875633835;928
8;USD/JPY;0.000376343309635158;929
8;USD/JPY;9.06853768881006E-05;930
8;USD/JPY;-0.000273422100827478;931
8;USD/JPY;-0.000395742599708274;932
8;USD/JPY;0.000488574053101322;933
8;USD/JPY;-5.937556739026E-05;934
8;USD/JPY;-3.13230270223933E-05;935
8;USD/JPY;5.60325651747761E-05;936
8;USD/JPY;0.000372679109188195;937
8;USD/JPY;-4.12185864308084E-05;938
8;USD/JPY;9.07055671658181E-05;939
8;USD/JPY;3.29714715090225E-05;940
8;USD/JPY;-0.000756113359919466;941
8;USD/JPY;-0.00219658642803754;942
8;USD/JPY;-0.00110949262056693;943
8;USD/JPY;-0.000647383371624551;944
8;USD/JPY;-0.000953417454279704;945
8;USD/JPY;-0.000180370267680727;946
8;USD/JPY;0.000344499126155027;947
8;USD/JPY;-0.000997334203246122;948
8;USD/JPY;-0.00137602468225468;949
8;USD/JPY;-0.0016598709839495;950
8;USD/JPY;-0.00174088367271528;951
8;USD/JPY;-0.00111051183644975;952
8;USD/JPY;-0.000183385305348031;953
8;USD/JPY;-0.000488612492518137;954
8;USD/JPY;-0.000225593145834997;955
8;USD/JPY;-0.000649009075213513;956
8;USD/JPY;-0.000163930322067218;957
8;USD/JPY;-0.00215482282475873;958
8;USD/JPY;-0.00128978671458835;959
8;USD/JPY;-0.000703477070891843;960
8;USD/JPY;0.000103849119615749;961
8;USD/JPY;-0.000598313605334513;962
8;USD/JPY;0.00104090266948892;963
8;USD/JPY;0.00111105345371511;964
8;USD/JPY;0.00153773624979458;965
8;USD/JPY;0.00098388649055785;966
8;USD/JPY;0.00174634192065412;967
8;USD/JPY;0.00118896174169549;968
8;USD/JPY;0.000502384922234612;969
8;USD/JPY;-0.000373317886817324;970
8;USD/JPY;-0.000672662279438344;971
8;USD/JPY;-0.00103092151894326;972
8;USD/JPY;-0.000716544320696003;973
8;USD/JPY;-0.000375417762368799;974
8;USD/JPY;-0.000332238469971556;975
8;USD/JPY;2.6749366832227E-05;976
8;USD/JPY;-0.0010396253937317;977
8;USD/JPY;-0.00112087412588282;978
8;USD/JPY;-0.00127667493899414;979
8;USD/JPY;-0.00106890306788466;980
8;USD/JPY;-0.000254263548268208;981
8;USD/JPY;0.00144562191594127;982
8;USD/JPY;0.00252980620910443;983
8;USD/JPY;0.00215488161179537;984
8;USD/JPY;0.00134942207394888;985
8;USD/JPY;0.000788500950328418;986
8;USD/JPY;0.000458469164500514;987
8;USD/JPY;-0.000167883555192689;988
8;USD/JPY;6.98242762823372E-05;989
8;USD/JPY;0.00115631782174649;990
8;USD/JPY;0.000904941283895879;991
8;USD/JPY;0.000317810337471162;992
8;USD/JPY;-0.000119765462887768;993
8;USD/JPY;0.000516274974697737;994
8;USD/JPY;-0.000386913160718755;995
8;USD/JPY;-0.000749945796839945;996
8;USD/JPY;-0.000717870479865933;997
8;USD/JPY;-0.00155177440167371;998
8;USD/JPY;-0.00197098456688082;999
8;USD/JPY;-0.00136932573416563;1000
8;USD/JPY;-0.00136742953762781;1001
8;USD/JPY;-0.0012033257362336;1002
8;USD/JPY;5.02997026585678E-05;1003
8;USD/JPY;-0.000457614320308786;1004
8;USD/JPY;-0.000742781586743284;1005
8;USD/JPY;-0.000700702678954106;1006
8;USD/JPY;-0.000199859778899264;1007
8;USD/JPY;-0.000767606960501586;1008
8;USD/JPY;-0.000793665180349821;1009
8;USD/JPY;0.000362513525673374;1010
8;USD/JPY;0.000672184811203556;1011
8;USD/JPY;0.00103743104481211;1012
8;USD/JPY;0.0010122184190387;1013
8;USD/JPY;0.00160257940027486;1014
8;USD/JPY;0.000515783589892535;1015
8;USD/JPY;0.00114589527861967;1016
8;USD/JPY;0.000509201371929091;1017
8;USD/JPY;0.000708687164490547;1018
8;USD/JPY;5.68191317179016E-05;1019
8;USD/JPY;-3.01066276964196E-05;1020
8;USD/JPY;-0.00101340551447824;1021
8;USD/JPY;-0.00161721887327753;1022
8;USD/JPY;-0.00158463771938744;1023
8;USD/JPY;-0.000818750332432326;1024
8;USD/JPY;-0.000727279622361139;1025
8;USD/JPY;-0.000266746114893079;1026
8;USD/JPY;8.40286718184417E-05;1027
8;USD/JPY;-0.000191811030375115;1028
8;USD/JPY;-0.00062847160159725;1029
8;USD/JPY;-0.000352861207076689;1030
8;USD/JPY;-0.000504265510656481;1031
8;USD/JPY;-8.23477523554901E-05;1032
8;USD/JPY;0.000153127124020907;1033
8;USD/JPY;0.00172773859812153;1034
8;USD/JPY;0.000927865689363911;1035
8;USD/JPY;0.0015908289004176;1036
8;USD/JPY;0.00205358125868389;1037
8;USD/JPY;0.00207330306634295;1038
8;USD/JPY;0.000459996369476995;1039
8;USD/JPY;0.00130978422944013;1040
8;USD/JPY;0.000551899274348099;1041
8;USD/JPY;-0.000121490003694152;1042
8;USD/JPY;-0.000439970846053381;1043
8;USD/JPY;-0.000329890111448391;1044
8;USD/JPY;-0.000866668022843343;1045
8;USD/JPY;-0.00114886223181454;1046
8;USD/JPY;-0.00123740140477205;1047
8;USD/JPY;-0.000812485966890287;1048
8;USD/JPY;-0.000338786541233572;1049
8;USD/JPY;-3.34085025415154E-05;1050
8;USD/JPY;0.000962287284293151;1051
8;USD/JPY;0.000660566094724493;1052
8;USD/JPY;0.000695664508474216;1053
8;USD/JPY;0.000408808715637211;1054
8;USD/JPY;0.000563855272589867;1055
8;USD/JPY;0.000198230104723643;1056
8;USD/JPY;0.000393628681812291;1057
8;USD/JPY;6.67735042795725E-06;1058
8;USD/JPY;-0.000225158572925711;1059
8;USD/JPY;-0.000390191968087248;1060
8;USD/JPY;-0.0017189591469348;1061
8;USD/JPY;-0.00140123808055476;1062
8;USD/JPY;-0.00107290019159372;1063
8;USD/JPY;-0.00108430371676629;1064
8;USD/JPY;-0.00101740513912796;1065
8;USD/JPY;0.00060867534435777;1066
8;USD/JPY;0.000283379981930346;1067
8;USD/JPY;0.000306891277341583;1068
8;USD/JPY;0.000925706707608207;1069
8;USD/JPY;0.00100739020017524;1070
8;USD/JPY;0.000763669041355461;1071
8;USD/JPY;0.00103452684736674;1072
8;USD/JPY;0.00204560593940559;1073
8;USD/JPY;0.00148586992032687;1074
8;USD/JPY;0.00191207792259653;1075
8;USD/JPY;0.0022703677097647;1076
8;USD/JPY;0.00204323716826356;1077
8;USD/JPY;0.000708651077103403;1078
8;USD/JPY;0.00069999864602654;1079
8;USD/JPY;0.000145438926194675;1080
8;USD/JPY;-0.000899093332260723;1081
8;USD/JPY;0.000405495758398384;1082
8;USD/JPY;0.00091355984838474;1083
8;USD/JPY;0.000927892361156158;1084
8;USD/JPY;0.000725612412307623;1085
8;USD/JPY;0.00150666372562146;1086
8;USD/JPY;0.00175423901751336;1087
8;USD/JPY;0.00247717126663903;1088
8;USD/JPY;0.00222384395998763;1089
8;USD/JPY;0.00243293889851132;1090
8;USD/JPY;0.0034424033320756;1091
8;USD/JPY;0.0019605531825622;1092
8;USD/JPY;0.000914413305141009;1093
8;USD/JPY;0.00194510930938651;1094
8;USD/JPY;0.00133877336446043;1095
8;USD/JPY;-3.07059541871956E-05;1096
8;USD/JPY;0.000395622446946578;1097
8;USD/JPY;0.000977870807131604;1098
8;USD/JPY;-4.99281279142536E-05;1099
8;USD/JPY;0.00135714892720801;1100
8;USD/JPY;0.00180363314143968;1101
8;USD/JPY;0.00104262436250074;1102
8;USD/JPY;-8.53328194108365E-05;1103
8;USD/JPY;-0.000175652766742663;1104
8;USD/JPY;-0.000795785802178691;1105
8;USD/JPY;-0.00129033223984806;1106
8;USD/JPY;-0.000515805870582162;1107
8;USD/JPY;0.000146492438444557;1108
8;USD/JPY;0.000838197897408855;1109
8;USD/JPY;0.000376584299553637;1110
8;USD/JPY;0.00103870443945173;1111
8;USD/JPY;0.00205847448932195;1112
8;USD/JPY;0.00214640188371958;1113
8;USD/JPY;0.00102805760569815;1114
8;USD/JPY;0.00111112733030863;1115
8;USD/JPY;-0.000206988694269578;1116
8;USD/JPY;-0.00168072919428389;1117
8;USD/JPY;-0.00232671551283119;1118
8;USD/JPY;-0.00138478735704144;1119
8;USD/JPY;-0.00384045118604907;1120
8;USD/JPY;-0.00301180792038304;1121
8;USD/JPY;-0.00268048082714614;1122
8;USD/JPY;-0.00103025588530441;1123
8;USD/JPY;-0.00116944776520277;1124
8;USD/JPY;0.00144862267721726;1125
8;USD/JPY;0.00162314838540832;1126
8;USD/JPY;0.000580202827670105;1127
8;USD/JPY;-0.000388934927374811;1128
8;USD/JPY;-0.000169936607688655;1129
8;USD/JPY;-0.000336858550491356;1130
8;USD/JPY;-0.000480701375301975;1131
8;USD/JPY;0.000397206714461233;1132
8;USD/JPY;0.000163768965204654;1133
8;USD/JPY;-0.000108511252606176;1134
8;USD/JPY;0.000427454381396772;1135
8;USD/JPY;0.00133726827599917;1136
8;USD/JPY;0.000144096307896456;1137
8;USD/JPY;-0.000872275019944531;1138
8;USD/JPY;-0.000954841780516809;1139
8;USD/JPY;-0.00105897147935139;1140
8;USD/JPY;-0.00182724986284361;1141
8;USD/JPY;-0.00140490505865067;1142
8;USD/JPY;-0.000135160997356072;1143
8;USD/JPY;0.000416273850235955;1144
8;USD/JPY;0.000446651720291529;1145
8;USD/JPY;0.000485120118437684;1146
8;USD/JPY;0.00159094330696652;1147
8;USD/JPY;0.00151734098988638;1148
8;USD/JPY;0.0012145884663647;1149
8;USD/JPY;0.00107113930824552;1150
8;USD/JPY;0.00133247148578809;1151
8;USD/JPY;0.000279540661709837;1152
8;USD/JPY;8.40499139543794E-05;1153
8;USD/JPY;-0.000386248700909026;1154
8;USD/JPY;-0.00055750628955083;1155
8;USD/JPY;-0.00141513453374651;1156
8;USD/JPY;0.000100087174787582;1157
8;USD/JPY;-0.00189482536166191;1158
8;USD/JPY;-0.00115673371680423;1159
8;USD/JPY;-0.00175535246248558;1160
8;USD/JPY;-0.00113642673716496;1161
8;USD/JPY;-0.00272990759618015;1162
8;USD/JPY;-0.000796068120073867;1163
8;USD/JPY;-0.000821717957090124;1164
8;USD/JPY;0.000172968044330153;1165
8;USD/JPY;0.000581213549015292;1166
8;USD/JPY;0.00177056451520333;1167
8;USD/JPY;0.00224761726387496;1168
8;USD/JPY;0.00118259684362139;1169
8;USD/JPY;0.000718010857504144;1170
8;USD/JPY;0.000206355607983916;1171
8;USD/JPY;-0.00108784735926029;1172
8;USD/JPY;-0.00173234488656816;1173
8;USD/JPY;-0.000823495154042012;1174
8;USD/JPY;-0.000856699763462664;1175
8;USD/JPY;-0.000790830017703516;1176
8;USD/JPY;0.000102695766056155;1177
8;USD/JPY;-0.000426845634964875;1178
8;USD/JPY;-0.000166412435062107;1179
8;USD/JPY;-0.00143329865294516;1180
8;USD/JPY;-0.00349837253685707;1181
8;USD/JPY;-0.00300972368987877;1182
8;USD/JPY;-0.00140470206020155;1183
8;USD/JPY;-0.00214965845626602;1184
8;USD/JPY;8.38233312320655E-05;1185
8;USD/JPY;0.00272731873531319;1186
8;USD/JPY;0.0030504613678905;1187
8;USD/JPY;0.00196383201327427;1188
8;USD/JPY;0.00344466680399792;1189
8;USD/JPY;0.00268666359626161;1190
8;USD/JPY;0.00230591842632856;1191
8;USD/JPY;0.00114539940928506;1192
8;USD/JPY;0.00144614025107834;1193
8;USD/JPY;6.48645142514637E-06;1194
8;USD/JPY;0.000270577935704223;1195
8;USD/JPY;0.000446064395525962;1196
8;USD/JPY;0.000743831910727694;1197
8;USD/JPY;0.000884638753132584;1198
8;USD/JPY;0.00114480060326199;1199
8;USD/JPY;0.00104323347499042;1200
8;USD/JPY;0.000192018345239194;1201
8;USD/JPY;0.000156498949197372;1202
8;USD/JPY;0.000328920923526412;1203
8;USD/JPY;0.000169223154986974;1204
8;USD/JPY;0.000117547132939168;1205
8;USD/JPY;0.000478436370220461;1206
8;USD/JPY;0.000603872486208969;1207
8;USD/JPY;-0.000336989506482636;1208
8;USD/JPY;-0.000453194934599118;1209
8;USD/JPY;-0.000812969907195572;1210
8;USD/JPY;-0.00033816977734258;1211
8;USD/JPY;-0.000515190341711693;1212
8;USD/JPY;-0.00022766816194455;1213
8;USD/JPY;2.09889848385658E-05;1214
8;USD/JPY;0.00023907217010134;1215
8;USD/JPY;-0.000291929650025027;1216
8;USD/JPY;-0.000519753329117072;1217
8;USD/JPY;-4.20096785380104E-05;1218
8;USD/JPY;-0.000958046902163393;1219
8;USD/JPY;-0.00103750875037843;1220
8;USD/JPY;-0.00102917844466613;1221
8;USD/JPY;-0.000156836756342449;1222
8;USD/JPY;-0.000402771005599083;1223
8;USD/JPY;0.000463413260671936;1224
8;USD/JPY;0.00068526228075663;1225
8;USD/JPY;0.000964606074622117;1226
8;USD/JPY;0.000483051048051127;1227
8;USD/JPY;0.00101588237814758;1228
8;USD/JPY;0.00130666701274315;1229
8;USD/JPY;0.000657133184228387;1230
8;USD/JPY;0.000551422033725698;1231
8;USD/JPY;-8.06819236294368E-06;1232
8;USD/JPY;-0.000169224518639783;1233
8;USD/JPY;-0.000325062026435401;1234
8;USD/JPY;-0.000151578683038512;1235
8;USD/JPY;-0.000423911669189819;1236
8;USD/JPY;-0.000140438674831704;1237
8;USD/JPY;-6.45041651092978E-05;1238
8;USD/JPY;0.000172252126571651;1239
8;USD/JPY;0.000682808873019565;1240
8;USD/JPY;0.00142771617989106;1241
8;USD/JPY;0.00148814399964916;1242
8;USD/JPY;0.00140309721677936;1243
8;USD/JPY;0.000501422566295358;1244
8;USD/JPY;0.000557078828766822;1245
8;USD/JPY;-7.85165195218694E-05;1246
8;USD/JPY;-0.000791762220890828;1247
8;USD/JPY;-0.000868341846612471;1248
8;USD/JPY;-0.00014933102804865;1249
8;USD/JPY;-0.000332134037028095;1250
8;USD/JPY;-0.00025178114405656;1251
8;USD/JPY;0.000889511192266066;1252
8;USD/JPY;0.00091798493706965;1253
8;USD/JPY;0.000940688018511089;1254
8;USD/JPY;-0.000102800513053363;1255
8;USD/JPY;-0.00122977264913905;1256
8;USD/JPY;-0.000868592794113567;1257
8;USD/JPY;-0.000514643981392745;1258
8;USD/JPY;-0.00124611994245335;1259
8;USD/JPY;-0.000147868371745543;1260
8;USD/JPY;0.000763864077795771;1261
8;USD/JPY;-3.70109625917871E-05;1262
8;USD/JPY;-0.00035509005073842;1263
8;USD/JPY;0.000290974615163971;1264
8;USD/JPY;-9.00603902289008E-05;1265
8;USD/JPY;0.000162387915041585;1266
8;USD/JPY;-4.18467284628057E-05;1267
8;USD/JPY;5.14548044741531E-05;1268
8;USD/JPY;-0.00018000065500958;1269
8;USD/JPY;-0.000123899291541585;1270
8;USD/JPY;-0.000547178351188376;1271
8;USD/JPY;-0.000515754979991058;1272
8;USD/JPY;-0.000579631213085536;1273
8;USD/JPY;-0.00137462021265093;1274
8;USD/JPY;-0.00130316764728034;1275
8;USD/JPY;-0.00196280057614585;1276
8;USD/JPY;-0.00296383610921976;1277
8;USD/JPY;-0.00374995727398199;1278
8;USD/JPY;-0.00513597133044705;1279
8;USD/JPY;-0.00790305822444869;1280
8;USD/JPY;-0.00662985631538703;1281
8;USD/JPY;-0.00393002994223897;1282
8;USD/JPY;-0.00303274390821338;1283
8;USD/JPY;-0.00308334488258263;1284
8;USD/JPY;0.00103216925317426;1285
8;USD/JPY;0.000354650254078105;1286
8;USD/JPY;0.000535484486823181;1287
8;USD/JPY;0.000895399681480067;1288
8;USD/JPY;0.00391877906380461;1289
8;USD/JPY;0.00289808276011242;1290
8;USD/JPY;0.00277338666837682;1291
8;USD/JPY;0.00210628565062613;1292
8;USD/JPY;0.00142138541565007;1293
8;USD/JPY;0.000460976267192802;1294
8;USD/JPY;0.000406128383629195;1295
8;USD/JPY;0.000578828525148849;1296
8;USD/JPY;-0.0020862953126062;1297
8;USD/JPY;-0.00225841211840126;1298
8;USD/JPY;-0.00243749540598791;1299
8;USD/JPY;-0.00199895584348642;1300
8;USD/JPY;-0.00182817842566552;1301
8;USD/JPY;0.000927350987969818;1302
8;USD/JPY;0.000737366376294724;1303
8;USD/JPY;0.000818576637960824;1304
8;USD/JPY;9.82592314741846E-05;1305
8;USD/JPY;-0.00129410249198109;1306
8;USD/JPY;-0.00262194323079135;1307
8;USD/JPY;-0.00205070055312732;1308
8;USD/JPY;-0.00152648273861832;1309
8;USD/JPY;-0.00125936796531253;1310
8;USD/JPY;0.000328498117108923;1311
8;USD/JPY;0.00185111413473444;1312
8;USD/JPY;0.000979544587021318;1313
8;USD/JPY;0.00134671642271052;1314
8;USD/JPY;0.00218463031234247;1315
8;USD/JPY;0.00252938332057445;1316
8;USD/JPY;0.000146420199215427;1317
8;USD/JPY;0.00188359905175214;1318
8;USD/JPY;0.00102482981142319;1319
8;USD/JPY;-2.81763675327458E-05;1320
8;USD/JPY;-0.000642624046729083;1321
8;USD/JPY;0.000707295335320036;1322
8;USD/JPY;-0.000107583390064025;1323
8;USD/JPY;-0.000933261960128184;1324
8;USD/JPY;-0.00124203863403299;1325
8;USD/JPY;-0.00032873444667593;1326
8;USD/JPY;-0.00179468960838257;1327
8;USD/JPY;-0.000826180097332942;1328
8;USD/JPY;0.000443925513020746;1329
8;USD/JPY;0.000566275371434194;1330
8;USD/JPY;0.000411662814341099;1331
8;USD/JPY;0.00158077254302904;1332
8;USD/JPY;0.00101482657295709;1333
8;USD/JPY;0.000797252940071491;1334
8;USD/JPY;-0.000267948197934876;1335
8;USD/JPY;-0.00196968764151053;1336
8;USD/JPY;-0.00114810877859033;1337
8;USD/JPY;-0.00150751145401145;1338
8;USD/JPY;-0.00129777908606527;1339
8;USD/JPY;0.000616907225627982;1340
8;USD/JPY;0.00179383866122086;1341
8;USD/JPY;0.000390097648055157;1342
8;USD/JPY;5.83199687538409E-05;1343
8;USD/JPY;-6.32784925014982E-05;1344
8;USD/JPY;-0.000405514469036018;1345
8;USD/JPY;-0.000648325727728357;1346
8;USD/JPY;0.000228037859011111;1347
8;USD/JPY;-0.000180013513165288;1348
8;USD/JPY;-0.000909756393923612;1349
8;USD/JPY;8.15012880997147E-05;1350
8;USD/JPY;0.000976673119974886;1351
8;USD/JPY;0.00086318649311377;1352
8;USD/JPY;0.000758957345675242;1353
8;USD/JPY;0.00123260015110114;1354
8;USD/JPY;-0.00072469581709016;1355
8;USD/JPY;-0.00146179666000428;1356
8;USD/JPY;-0.00148966572840929;1357
8;USD/JPY;-0.00104097070042665;1358
8;USD/JPY;-0.000667897038467317;1359
8;USD/JPY;0.000318523187351549;1360
8;USD/JPY;-1.83611045167624E-05;1361
8;USD/JPY;4.50519977043555E-05;1362
8;USD/JPY;0.000726752254018428;1363
8;USD/JPY;-0.000501136170254041;1364
8;USD/JPY;-0.000328537374118186;1365
8;USD/JPY;0.000418547991855497;1366
8;USD/JPY;-0.000778991640274605;1367
8;USD/JPY;-0.000278054165440277;1368
8;USD/JPY;0.000982712774028837;1369
8;USD/JPY;0.000907582355045456;1370
8;USD/JPY;0.000678485368162743;1371
8;USD/JPY;0.00127223068616683;1372
8;USD/JPY;0.000239782226558658;1373
8;USD/JPY;0.000144746097549634;1374
8;USD/JPY;-0.000599041981393807;1375
8;USD/JPY;-0.000945187634648283;1376
8;USD/JPY;-0.000393159814413953;1377
8;USD/JPY;-0.000628373123526741;1378
8;USD/JPY;-0.000516241054659392;1379
8;USD/JPY;-0.000123359037042774;1380
8;USD/JPY;0.000346643643873929;1381
8;USD/JPY;0.000622700757774041;1382
8;USD/JPY;0.000646678008031489;1383
8;USD/JPY;0.000401451021604563;1384
8;USD/JPY;2.50113593582944E-05;1385
8;USD/JPY;-0.000101597667104028;1386
8;USD/JPY;-0.000986561789819394;1387
8;USD/JPY;-0.000636661898787025;1388
8;USD/JPY;-0.000740229082039507;1389
8;USD/JPY;-0.000571037772511564;1390
8;USD/JPY;-0.00140600175304322;1391
8;USD/JPY;-0.00144695501843353;1392
8;USD/JPY;-0.00241161018218406;1393
8;USD/JPY;-0.00249586216957925;1394
8;USD/JPY;-0.000889854876764686;1395
8;USD/JPY;-0.0001426563511088;1396
8;USD/JPY;0.00123802010772282;1397
8;USD/JPY;0.00155509215262235;1398
8;USD/JPY;0.00183166263405527;1399
8;USD/JPY;0.000729270071837569;1400
8;USD/JPY;0.000650358018248723;1401
8;USD/JPY;9.86444764462426E-05;1402
8;USD/JPY;0.000828137750469171;1403
8;USD/JPY;0.000751034808707536;1404
8;USD/JPY;0.000594855609669877;1405
8;USD/JPY;0.0006682655553682;1406
8;USD/JPY;0.000349044600118964;1407
8;USD/JPY;-0.000167024386915167;1408
8;USD/JPY;0.0011569819306405;1409
8;USD/JPY;0.00168966651126925;1410
8;USD/JPY;0.000715903801163505;1411
8;USD/JPY;0.00221363448585386;1412
8;USD/JPY;0.00270031029972219;1413
8;USD/JPY;0.000778642998689243;1414
