8;USD/CAD;-0.0281071332903825;5
8;USD/CAD;-0.000473947241287241;6
8;USD/CAD;-0.000244402278914763;7
8;USD/CAD;-0.000440387869664951;8
8;USD/CAD;5.81016689573295E-05;9
8;USD/CAD;-5.62785789701768E-06;10
8;USD/CAD;0.000965513934647287;11
8;USD/CAD;0.00211077828638439;12
8;USD/CAD;0.00298459971097583;13
8;USD/CAD;0.00263240079900439;14
8;USD/CAD;0.00255742228509165;15
8;USD/CAD;0.00280237554134703;16
8;USD/CAD;0.00152426193957667;17
8;USD/CAD;0.00156418354519055;18
8;USD/CAD;0.000594644944059807;19
8;USD/CAD;0.000822510181447361;20
8;USD/CAD;0.0017935690115637;21
8;USD/CAD;0.00145405657865736;22
8;USD/CAD;0.000909572737076224;23
8;USD/CAD;0.000318754529804792;24
8;USD/CAD;0.000716242796375881;25
8;USD/CAD;-0.00046019390608654;26
8;USD/CAD;0.000514664081255723;27
8;USD/CAD;0.000721038049809684;28
8;USD/CAD;0.00182167646601157;29
8;USD/CAD;0.00101746870281946;30
8;USD/CAD;0.000963177778500176;31
8;USD/CAD;0.000102408428988056;32
8;USD/CAD;-0.000407780890540739;33
8;USD/CAD;-0.000542567662708322;34
8;USD/CAD;-0.000131704109537379;35
8;USD/CAD;-9.13387984539335E-06;36
8;USD/CAD;0.000489372824689386;37
8;USD/CAD;0.000373069610657892;38
8;USD/CAD;0.000675700997006354;39
8;USD/CAD;0.000453282837690254;40
8;USD/CAD;0.000563691547004562;41
8;USD/CAD;0.000198693922910556;42
8;USD/CAD;0.000439839389576864;43
8;USD/CAD;-0.000118539055248874;44
8;USD/CAD;0.00174502143125726;45
8;USD/CAD;0.00225522376178802;46
8;USD/CAD;0.00277376378493256;47
8;USD/CAD;0.00280595835382518;48
8;USD/CAD;0.00270697989277613;49
8;USD/CAD;0.00139232621759144;50
8;USD/CAD;-0.000566393769416353;51
8;USD/CAD;-0.00122562656007233;52
8;USD/CAD;-0.00103994647088364;53
8;USD/CAD;-0.000972395148454211;54
8;USD/CAD;-0.000222985511059298;55
8;USD/CAD;0.000409623587365534;56
8;USD/CAD;0.00193592846718824;57
8;USD/CAD;0.00139736043420085;58
8;USD/CAD;0.00171429106503403;59
8;USD/CAD;0.000634137014318089;60
8;USD/CAD;0.00157650790254495;61
8;USD/CAD;0.000332757941744172;62
8;USD/CAD;0.000619916646385833;63
8;USD/CAD;5.55762226983917E-05;64
8;USD/CAD;0.000503361230150582;65
8;USD/CAD;-0.000591080494709039;66
8;USD/CAD;-0.00116168914478629;67
8;USD/CAD;-0.00120576330760323;68
8;USD/CAD;-0.00188021411421642;69
8;USD/CAD;-0.00125448520375867;70
8;USD/CAD;-0.00114412465609289;71
8;USD/CAD;-0.000772810321741508;72
8;USD/CAD;-0.000513576257667065;73
8;USD/CAD;0.000341696542760191;74
8;USD/CAD;-0.000151284575287055;75
8;USD/CAD;-0.000129936931020734;76
8;USD/CAD;-0.000402899930739266;77
8;USD/CAD;-0.000390117158803196;78
8;USD/CAD;-3.97441920591125E-05;79
8;USD/CAD;-0.000519560470068148;80
8;USD/CAD;-0.00128404669889343;81
8;USD/CAD;-0.00037109624299498;82
8;USD/CAD;-0.000758931705792178;83
8;USD/CAD;-0.000419602074675572;84
8;USD/CAD;-0.000258478537525234;85
8;USD/CAD;0.00139594188129569;86
8;USD/CAD;9.60079723167443E-05;87
8;USD/CAD;-0.000168841494198669;88
8;USD/CAD;-0.0011129446785371;89
8;USD/CAD;-0.00124464037804115;90
8;USD/CAD;-0.00161226915643915;91
8;USD/CAD;-0.00103314361898382;92
8;USD/CAD;-0.000480070058839426;93
8;USD/CAD;-0.000134772121841648;94
8;USD/CAD;-0.000429982310428293;95
8;USD/CAD;-0.000347704284147946;96
8;USD/CAD;-0.000238616779747293;97
8;USD/CAD;-0.000193080097692376;98
8;USD/CAD;-0.00012392477433959;99
8;USD/CAD;-0.000166045526080577;100
8;USD/CAD;-0.000122112921791044;101
8;USD/CAD;-0.000324684279434885;102
8;USD/CAD;-0.000397676098077804;103
8;USD/CAD;-0.000682962233380033;104
8;USD/CAD;0.00144235547992405;105
8;USD/CAD;0.00187448919052789;106
8;USD/CAD;0.00221305660644675;107
8;USD/CAD;0.00209620010720843;108
8;USD/CAD;0.00306773969110273;109
8;USD/CAD;0.0022060637482947;110
8;USD/CAD;0.00096215534975109;111
8;USD/CAD;0.000632715116633317;112
8;USD/CAD;0.000894259129822025;113
8;USD/CAD;-0.00059353380832872;114
8;USD/CAD;-0.00177519686972564;115
8;USD/CAD;-0.00105971015851772;116
8;USD/CAD;-0.000638131574540946;117
8;USD/CAD;-0.000590916890857342;118
8;USD/CAD;0.000162539966685797;119
8;USD/CAD;0.000860759680195501;120
8;USD/CAD;0.00123757977744602;121
8;USD/CAD;0.00103189088832102;122
8;USD/CAD;0.00110474654979402;123
8;USD/CAD;0.000789147556461371;124
8;USD/CAD;0.000313067949277885;125
8;USD/CAD;-0.00123757977744606;126
8;USD/CAD;-0.00128120665730749;127
8;USD/CAD;-0.00175895020713264;128
8;USD/CAD;-0.000771095711550592;129
8;USD/CAD;-0.000792615313462049;130
8;USD/CAD;0.000353860967214619;131
8;USD/CAD;0.00082084517834151;132
8;USD/CAD;0.000695696871993778;133
8;USD/CAD;2.16600633768637E-05;134
8;USD/CAD;-0.000334199016455782;135
8;USD/CAD;-0.00104895977709411;136
8;USD/CAD;-0.001333097421178;137
8;USD/CAD;-0.00224209867038135;138
8;USD/CAD;-0.00170567064706791;139
8;USD/CAD;-0.00106411675302357;140
8;USD/CAD;0.000781816545014615;141
8;USD/CAD;0.000969094005025326;142
8;USD/CAD;0.00300188497177672;143
8;USD/CAD;0.00213657901138213;144
8;USD/CAD;0.00203985601483325;145
8;USD/CAD;0.000802160596919154;146
8;USD/CAD;-5.95289102937575E-05;147
8;USD/CAD;-0.000361528771174641;148
8;USD/CAD;9.36312745552782E-05;149
8;USD/CAD;0.000260712861742169;150
8;USD/CAD;1.07936964839013E-05;151
8;USD/CAD;-9.74491794748836E-05;152
8;USD/CAD;-0.000902170343589218;153
8;USD/CAD;-0.000575083436241255;154
8;USD/CAD;-0.000505552801225053;155
8;USD/CAD;-0.000560242116961522;156
8;USD/CAD;0.000279587878951407;157
8;USD/CAD;0.000502108939549441;158
8;USD/CAD;-0.000466327073862657;159
8;USD/CAD;-0.000794189031496244;160
8;USD/CAD;-0.000681246959933463;161
8;USD/CAD;-0.000151470078376843;162
8;USD/CAD;0.000729241092599803;163
8;USD/CAD;0.00143346523554615;164
8;USD/CAD;0.00215500717867173;165
8;USD/CAD;0.00348112609367369;166
8;USD/CAD;0.00293139338225084;167
8;USD/CAD;0.00222167907843112;168
8;USD/CAD;0.00195238624018201;169
8;USD/CAD;0.00129296766265348;170
8;USD/CAD;-0.000886057652313763;171
8;USD/CAD;-0.000437781017434268;172
8;USD/CAD;-0.000186720621738039;173
8;USD/CAD;-0.00041320120847423;174
8;USD/CAD;-0.000951525747736612;175
8;USD/CAD;0.000155388367085128;176
8;USD/CAD;-0.000894552497259124;177
8;USD/CAD;-0.00135493286132451;178
8;USD/CAD;-0.00151223702784039;179
8;USD/CAD;-0.000986586422069028;180
8;USD/CAD;-0.00185285327180862;181
8;USD/CAD;-0.00166220627302188;182
8;USD/CAD;-0.00191499249296148;183
8;USD/CAD;-0.00185710399153552;184
8;USD/CAD;-0.00244526550237965;185
8;USD/CAD;-0.000600966871149605;186
8;USD/CAD;-0.000592742952300784;187
8;USD/CAD;-5.42542080951855E-06;188
8;USD/CAD;0.000409357397681834;189
8;USD/CAD;0.00083047862714386;190
8;USD/CAD;1.44588329977655E-05;191
8;USD/CAD;-0.000456596382475639;192
8;USD/CAD;-0.000536033134773798;193
8;USD/CAD;-0.000525434011503122;194
8;USD/CAD;-0.000391237140129737;195
8;USD/CAD;-0.000646245058110886;196
8;USD/CAD;-5.07973370412938E-05;197
8;USD/CAD;0.000101521924570067;198
8;USD/CAD;0.00019946508747938;199
8;USD/CAD;-0.000217685121852341;200
8;USD/CAD;-0.000945061097302009;201
8;USD/CAD;-0.000774440816771533;202
8;USD/CAD;-0.000955618336067509;203
8;USD/CAD;-0.00115785348581032;204
8;USD/CAD;-0.000778345545324831;205
8;USD/CAD;-0.000465080435915636;206
8;USD/CAD;-0.00108854739789252;207
8;USD/CAD;-0.000958376430543899;208
8;USD/CAD;-0.000803705427951987;209
8;USD/CAD;-0.00134375319813741;210
8;USD/CAD;-0.00133190315216044;211
8;USD/CAD;-0.000599766595702041;212
8;USD/CAD;-0.000338810855209774;213
8;USD/CAD;0.000106127978190658;214
8;USD/CAD;0.000544073464820477;215
8;USD/CAD;0.00147062852712432;216
8;USD/CAD;0.00159904251116224;217
8;USD/CAD;0.00108035744403786;218
8;USD/CAD;0.000646528670552738;219
8;USD/CAD;0.00065568140403882;220
8;USD/CAD;0.000595788926568561;221
8;USD/CAD;9.29143701494588E-05;222
8;USD/CAD;0.000282379136282;223
8;USD/CAD;0.000318841307364676;224
8;USD/CAD;0.00107656197384062;225
8;USD/CAD;0.000305404629506433;226
8;USD/CAD;0.000342135518111703;227
8;USD/CAD;0.00020197518877597;228
8;USD/CAD;0.000396475500171362;229
8;USD/CAD;-0.00045392253781708;230
8;USD/CAD;0.000259590591341435;231
8;USD/CAD;0.000403258903409907;232
8;USD/CAD;0.000417859079194257;233
8;USD/CAD;0.000226982832685534;234
8;USD/CAD;0.000308779384017845;235
8;USD/CAD;-0.000116138752775824;236
8;USD/CAD;6.71308377246483E-05;237
8;USD/CAD;0.000136069854437842;238
8;USD/CAD;0.000422409613192264;239
8;USD/CAD;0.000266619548959706;240
8;USD/CAD;0.0002430883399182;241
8;USD/CAD;7.07351474900667E-05;242
8;USD/CAD;-1.26959368510074E-05;243
8;USD/CAD;-0.000395188976278106;244
8;USD/CAD;-7.61407525375855E-05;245
8;USD/CAD;0.000181216883688789;246
8;USD/CAD;0.000112399274175998;247
8;USD/CAD;1.63231993561231E-05;248
8;USD/CAD;0.000190440794108219;249
8;USD/CAD;-9.79378658234772E-05;250
8;USD/CAD;-0.000469690247651572;251
8;USD/CAD;-0.00131101509065661;252
8;USD/CAD;-0.00135207579194519;253
8;USD/CAD;-0.00144826650591058;254
8;USD/CAD;-0.00125019173550027;255
8;USD/CAD;-0.000906222264341563;256
8;USD/CAD;0.000158651290066746;257
8;USD/CAD;0.000213518281109734;258
8;USD/CAD;0.000206235446053458;259
8;USD/CAD;0.000140512877762456;260
8;USD/CAD;0.000125806235203205;261
8;USD/CAD;9.11219865775759E-05;262
8;USD/CAD;-5.47265500149583E-05;263
8;USD/CAD;-0.000162415436566403;264
8;USD/CAD;-9.85311579092718E-05;265
8;USD/CAD;-0.00050552776519144;266
8;USD/CAD;-0.00157678455579569;267
8;USD/CAD;-0.00131978641207238;268
8;USD/CAD;-0.00137025733612831;269
8;USD/CAD;-0.00114395322423353;270
8;USD/CAD;-0.000864359394702109;271
8;USD/CAD;-0.000115729581780594;272
8;USD/CAD;-0.000623560591755928;273
8;USD/CAD;-0.000908284344693112;274
8;USD/CAD;-0.00125948711145152;275
8;USD/CAD;2.93615694286179E-05;276
8;USD/CAD;0.000275436610492152;277
8;USD/CAD;0.000689665368427842;278
8;USD/CAD;0.00102038218515017;279
8;USD/CAD;0.00131454662195314;280
8;USD/CAD;0.000333684818661666;281
8;USD/CAD;-0.000135834654070509;282
8;USD/CAD;0.000212855773619303;283
8;USD/CAD;0.000418433230864931;284
8;USD/CAD;-0.000212980833493454;285
8;USD/CAD;-0.000530122339330015;286
8;USD/CAD;-0.000544263052965222;287
8;USD/CAD;-0.000326716480978152;288
8;USD/CAD;-0.000605910843776885;289
8;USD/CAD;-0.000134147410976807;290
8;USD/CAD;-0.000115749781606799;291
8;USD/CAD;4.78662692368592E-05;292
8;USD/CAD;-0.000588701052386885;293
8;USD/CAD;-0.000255767452112493;294
8;USD/CAD;-0.000132397971055219;295
8;USD/CAD;-0.000154437322670905;296
8;USD/CAD;0.000652415201812653;297
8;USD/CAD;0.00100709589062732;298
8;USD/CAD;0.000747980454003136;299
8;USD/CAD;0.00114271875498406;300
8;USD/CAD;0.000756338903692166;301
8;USD/CAD;0.000144896309189334;302
8;USD/CAD;-0.000227439496264213;303
8;USD/CAD;-0.000181683891720249;304
8;USD/CAD;-0.000683379266702618;305
8;USD/CAD;-0.000828082503874622;306
8;USD/CAD;-0.00068873437486362;307
8;USD/CAD;-0.000676508540683356;308
8;USD/CAD;-0.000733918777431995;309
8;USD/CAD;-0.00074834490910059;310
8;USD/CAD;-0.000536131608732373;311
8;USD/CAD;-2.57587327059977E-05;312
8;USD/CAD;-0.000104990263182939;313
8;USD/CAD;6.44867093873142E-05;314
8;USD/CAD;0.000191489768085241;315
8;USD/CAD;0.000578445050306694;316
8;USD/CAD;-0.000211715235190632;317
8;USD/CAD;-0.000333755983873662;318
8;USD/CAD;-0.000337403456820985;319
8;USD/CAD;-0.000634090225342254;320
8;USD/CAD;-9.93587699947933E-05;321
8;USD/CAD;-0.000250665863926782;322
8;USD/CAD;0.000311645745889656;323
8;USD/CAD;0.00102335906403345;324
8;USD/CAD;0.00126617645052631;325
8;USD/CAD;0.000459580146159724;326
8;USD/CAD;0.00130884023022501;327
8;USD/CAD;0.00117398291350026;328
8;USD/CAD;0.000648845387039057;329
8;USD/CAD;0.00064838190401447;330
8;USD/CAD;0.00092879849265863;331
8;USD/CAD;0.000430117532908057;332
8;USD/CAD;0.000311170153833069;333
8;USD/CAD;-0.000146447733857748;334
8;USD/CAD;-0.00046501004974873;335
8;USD/CAD;-0.000113349668469707;336
8;USD/CAD;-7.1317220664204E-05;337
8;USD/CAD;-0.000237910079753853;338
8;USD/CAD;-0.000230872853188461;339
8;USD/CAD;-0.000108169058036769;340
8;USD/CAD;-0.000705306554310211;341
8;USD/CAD;-0.0003844535537493;342
8;USD/CAD;-0.000436293149252011;343
8;USD/CAD;-0.000157733054165914;344
8;USD/CAD;-0.000712810197423847;345
8;USD/CAD;-0.000540277634152662;346
8;USD/CAD;-0.000992001739812114;347
8;USD/CAD;-0.000869922425716213;348
8;USD/CAD;-0.000808958467171303;349
8;USD/CAD;-0.000300213244569616;350
8;USD/CAD;-9.20102867660233E-06;351
8;USD/CAD;-2.76259629238129E-05;352
8;USD/CAD;0.000314933141796137;353
8;USD/CAD;-0.000127156715715863;354
8;USD/CAD;-2.21194079597286E-05;355
8;USD/CAD;-0.000191477428575779;356
8;USD/CAD;-0.000141873379357186;357
8;USD/CAD;-0.000114128987257072;358
8;USD/CAD;0.000337064762125005;359
8;USD/CAD;0.000372017750475913;360
8;USD/CAD;-0.000394579274293377;361
8;USD/CAD;-0.000568502067063245;362
8;USD/CAD;-0.000617793862404121;363
8;USD/CAD;-0.000924138493980726;364
8;USD/CAD;-0.000955377650116977;365
8;USD/CAD;-0.0013072910168814;366
8;USD/CAD;-0.00124972593830568;367
8;USD/CAD;-0.00194696155599216;368
8;USD/CAD;-0.0016038250838641;369
8;USD/CAD;-0.00161679666873533;370
8;USD/CAD;-0.000860128296831692;371
8;USD/CAD;-0.000241946019716742;372
8;USD/CAD;0.000385699432452736;373
8;USD/CAD;0.000350076901448237;374
8;USD/CAD;-0.000182733557369859;375
8;USD/CAD;6.52908948319462E-05;376
8;USD/CAD;-0.000529579350026467;377
8;USD/CAD;-0.000695542613012834;378
8;USD/CAD;-0.00106329647729986;379
8;USD/CAD;-0.000571653138162247;380
8;USD/CAD;-0.000871053836284742;381
8;USD/CAD;-0.000836378973494894;382
8;USD/CAD;-0.000490008380745744;383
8;USD/CAD;-0.000320094411923083;384
8;USD/CAD;-0.00035389788328804;385
8;USD/CAD;-0.000133047878717235;386
8;USD/CAD;-0.000258919142703317;387
8;USD/CAD;-0.000844429435817915;388
8;USD/CAD;-0.000820354164780008;389
8;USD/CAD;-8.997863159303E-05;390
8;USD/CAD;-3.3744516596111E-05;391
8;USD/CAD;3.00367951303952E-05;392
8;USD/CAD;-4.70174483915994E-05;393
8;USD/CAD;0.00011095387706347;394
8;USD/CAD;-0.00045425981780021;395
8;USD/CAD;-0.000523769371630732;396
8;USD/CAD;-3.56691964581507E-05;397
8;USD/CAD;0.000357055701547206;398
8;USD/CAD;0.000450704416088704;399
8;USD/CAD;0.000763391920881054;400
8;USD/CAD;0.000804799862835727;401
8;USD/CAD;0.000405128007010822;402
8;USD/CAD;0.000375160725643173;403
8;USD/CAD;0.000251202147620845;404
8;USD/CAD;-0.000650669290708373;405
8;USD/CAD;-0.000624423314590321;406
8;USD/CAD;-0.000269994134882753;407
8;USD/CAD;-0.000260662099784195;408
8;USD/CAD;-0.000485817288431097;409
8;USD/CAD;-0.000261237721147902;410
8;USD/CAD;0.00132154535782156;411
8;USD/CAD;0.00128483102789427;412
8;USD/CAD;0.00158868946790796;413
8;USD/CAD;0.00134949110805021;414
8;USD/CAD;0.0015156768230216;415
8;USD/CAD;0.000143607826268726;416
8;USD/CAD;0.000694144671193109;417
8;USD/CAD;0.000293923465388757;418
8;USD/CAD;0.000620213287753556;419
8;USD/CAD;0.000631723647868435;420
8;USD/CAD;0.000188212507659023;421
8;USD/CAD;-0.000613999663573895;422
8;USD/CAD;-0.000107845783146983;423
8;USD/CAD;0.00014128101566244;424
8;USD/CAD;4.27881106495395E-05;425
8;USD/CAD;-7.45059325436815E-06;426
8;USD/CAD;0.000117363789188333;427
8;USD/CAD;-0.000221452021974157;428
8;USD/CAD;-0.000491195022373323;429
8;USD/CAD;-0.00022892987102647;430
8;USD/CAD;0.000134068230850885;431
8;USD/CAD;9.8681303291851E-05;432
8;USD/CAD;-4.2829942017363E-05;433
8;USD/CAD;-0.000344928932268681;434
8;USD/CAD;3.72453350229894E-06;435
8;USD/CAD;-0.00024772418244766;436
8;USD/CAD;-0.000318561881848731;437
8;USD/CAD;4.84157800563307E-05;438
8;USD/CAD;0.000501349151967852;439
8;USD/CAD;0.000307035355403655;440
8;USD/CAD;0.00153540570941902;441
8;USD/CAD;0.00156186229134238;442
8;USD/CAD;0.00132131275229449;443
8;USD/CAD;0.00103783494817571;444
8;USD/CAD;0.000784980617723886;445
8;USD/CAD;-0.000160970270821255;446
8;USD/CAD;0.000729385309446437;447
8;USD/CAD;0.000718226440587524;448
8;USD/CAD;0.00114850521033362;449
8;USD/CAD;0.00202334635201863;450
8;USD/CAD;0.00189197695156596;451
8;USD/CAD;0.00111752671009821;452
8;USD/CAD;0.000682597658991065;453
8;USD/CAD;0.000802981477277426;454
8;USD/CAD;0.00028215468219486;455
8;USD/CAD;0.000199757192516024;456
8;USD/CAD;0.000205180833589471;457
8;USD/CAD;0.000682106387559844;458
8;USD/CAD;0.000190624584838343;459
8;USD/CAD;-0.000322495007988051;460
8;USD/CAD;7.69174428937001E-05;461
8;USD/CAD;0.000853269338260193;462
8;USD/CAD;0.0006706663144077;463
8;USD/CAD;0.000961347003117411;464
8;USD/CAD;0.000362770344972392;465
8;USD/CAD;-8.0580916232884E-05;466
8;USD/CAD;-0.000635495097367886;467
8;USD/CAD;-0.000742068405050376;468
8;USD/CAD;-0.000679409275640031;469
8;USD/CAD;1.28131792745167E-05;470
8;USD/CAD;0.00116343641311583;471
8;USD/CAD;0.00067013360362329;472
8;USD/CAD;0.000900725481588609;473
8;USD/CAD;2.37817566765962E-05;474
8;USD/CAD;2.19635405448175E-05;475
8;USD/CAD;-0.000749887984923174;476
8;USD/CAD;-0.000496450272248579;477
8;USD/CAD;-0.000818340716112731;478
8;USD/CAD;-0.000208644106882363;479
8;USD/CAD;2.74510342607881E-05;480
8;USD/CAD;-0.000486831990593657;481
8;USD/CAD;-0.000624133972239691;482
8;USD/CAD;-0.000298577234448674;483
8;USD/CAD;-0.000282198630328872;484
8;USD/CAD;-0.000621314882010184;485
8;USD/CAD;-8.43093064298602E-05;486
8;USD/CAD;-0.000311880888034194;487
8;USD/CAD;-0.000491883260538786;488
8;USD/CAD;-0.000339532169622212;489
8;USD/CAD;-8.07843436239703E-05;490
8;USD/CAD;-0.000258648004240196;491
8;USD/CAD;0.000661709039480312;492
8;USD/CAD;0.00101912916531044;493
8;USD/CAD;0.0011356277821389;494
8;USD/CAD;0.000972747634360045;495
8;USD/CAD;0.00134279031734133;496
8;USD/CAD;0.000727001193230503;497
8;USD/CAD;0.000177266903357945;498
8;USD/CAD;-8.58623931344056E-05;499
8;USD/CAD;-4.38640581494545E-05;500
8;USD/CAD;-0.00036133704498974;501
8;USD/CAD;-9.11680911831695E-06;502
8;USD/CAD;-4.74994293166353E-05;503
8;USD/CAD;0.000643981930186641;504
8;USD/CAD;0.000959155740598252;505
8;USD/CAD;0.000432432600899071;506
8;USD/CAD;-0.000330308621584515;507
8;USD/CAD;8.40297770044875E-05;508
8;USD/CAD;-0.0015652078898886;509
8;USD/CAD;-0.00188620294657809;510
8;USD/CAD;-0.00192298607968448;511
8;USD/CAD;-0.00171687469813178;512
8;USD/CAD;-0.00172418023390231;513
8;USD/CAD;-0.000722729501150024;514
8;USD/CAD;-0.000741426391492646;515
8;USD/CAD;-0.000180425669501302;516
8;USD/CAD;0.000369932514585116;517
8;USD/CAD;0.000117863723484797;518
8;USD/CAD;0.000112350758329176;519
8;USD/CAD;0.000346218388147465;520
8;USD/CAD;0.000588544055107344;521
8;USD/CAD;0.000853200561831773;522
8;USD/CAD;0.0012260743571999;523
8;USD/CAD;0.00101748676697839;524
8;USD/CAD;4.59945636453695E-05;525
8;USD/CAD;-2.20391746551712E-05;526
8;USD/CAD;-0.000372024939468543;527
8;USD/CAD;-0.00123343880532736;528
8;USD/CAD;-0.000544832003211985;529
8;USD/CAD;0.0002279768225301;530
8;USD/CAD;2.02026695244876E-05;531
8;USD/CAD;-0.000302895462604018;532
8;USD/CAD;0.000678231551748965;533
8;USD/CAD;0.000834071609878989;534
8;USD/CAD;0.00179084651450861;535
8;USD/CAD;0.00179173349855922;536
8;USD/CAD;0.00227423595214659;537
8;USD/CAD;0.00134960188804422;538
8;USD/CAD;0.0012818861835732;539
8;USD/CAD;-0.000508732137051948;540
8;USD/CAD;-0.000661802509968938;541
8;USD/CAD;-0.000974115095800756;542
8;USD/CAD;0.00106881167580977;543
8;USD/CAD;0.000600729130084416;544
8;USD/CAD;0.00165455489079307;545
8;USD/CAD;0.00224630666877509;546
8;USD/CAD;0.00236783634548458;547
8;USD/CAD;0.00107755569327896;548
8;USD/CAD;0.000249923063472605;549
8;USD/CAD;0.000101373064089372;550
8;USD/CAD;-0.000220425515785364;551
8;USD/CAD;-0.00174640372695446;552
8;USD/CAD;-0.00212814247386928;553
8;USD/CAD;-0.00176335923874888;554
8;USD/CAD;-0.00181801253649266;555
8;USD/CAD;-0.000969498983166079;556
8;USD/CAD;-2.72951838071563E-05;557
8;USD/CAD;-0.000509098814656735;558
8;USD/CAD;-0.00018998731801977;559
8;USD/CAD;5.29557046886934E-05;560
8;USD/CAD;-0.000753467931520266;561
8;USD/CAD;-0.000776742490959506;562
8;USD/CAD;0.000465356275774747;563
8;USD/CAD;0.00117538595177786;564
8;USD/CAD;0.00155863604103174;565
8;USD/CAD;0.00110556791719365;566
8;USD/CAD;0.00203752335901064;567
8;USD/CAD;0.00179467794697321;568
8;USD/CAD;0.00123353754948805;569
8;USD/CAD;0.000876722647244485;570
8;USD/CAD;0.000850464512559925;571
8;USD/CAD;0.000804909947641886;572
8;USD/CAD;0.000618678992467641;573
8;USD/CAD;0.000548207399598731;574
8;USD/CAD;0.000518797689713411;575
8;USD/CAD;0.00156120112509308;576
8;USD/CAD;0.00108133615907667;577
8;USD/CAD;0.000898449890561359;578
8;USD/CAD;0.000745957644214063;579
8;USD/CAD;0.000755968057680167;580
8;USD/CAD;-0.00024739609830655;581
8;USD/CAD;0.00075989631679063;582
8;USD/CAD;0.000931910623740121;583
8;USD/CAD;0.00115388547787669;584
8;USD/CAD;0.000222116759505069;585
8;USD/CAD;5.91877826388321E-05;586
8;USD/CAD;-0.00177820376576845;587
8;USD/CAD;-0.00102157420748136;588
8;USD/CAD;-0.000960212125105022;589
8;USD/CAD;1.96919992460833E-05;590
8;USD/CAD;0.00183684869851618;591
8;USD/CAD;0.00272891636364388;592
8;USD/CAD;0.00131758788527823;593
8;USD/CAD;0.000290158832227059;594
8;USD/CAD;-0.000489293591535748;595
8;USD/CAD;-0.00181712332943407;596
8;USD/CAD;-0.00139378354534622;597
8;USD/CAD;-0.0011454692921236;598
8;USD/CAD;-5.01208272559684E-05;599
8;USD/CAD;0.000641393698626275;600
8;USD/CAD;-0.000889573259058046;601
8;USD/CAD;-0.00177133800756972;602
8;USD/CAD;-0.000166737644403364;603
8;USD/CAD;0.00018788837234518;604
8;USD/CAD;0.000557307424302658;605
8;USD/CAD;0.00125324718146726;606
8;USD/CAD;0.00186610906125701;607
8;USD/CAD;0.00110896756904659;608
8;USD/CAD;0.000212726992137025;609
8;USD/CAD;-9.6345991015316E-05;610
8;USD/CAD;0.00109775147857867;611
8;USD/CAD;0.000858045029946603;612
8;USD/CAD;0.00183766889648169;613
8;USD/CAD;0.00279263277382478;614
8;USD/CAD;0.00145628474517804;615
8;USD/CAD;0.00053863587107171;616
8;USD/CAD;0.000641570174239851;617
8;USD/CAD;-0.000901632522584798;618
8;USD/CAD;-0.00159025111579915;619
8;USD/CAD;-0.000850434265403405;620
8;USD/CAD;-0.000326919391235777;621
8;USD/CAD;0.000317357665663971;622
8;USD/CAD;-4.26136365248707E-05;623
8;USD/CAD;0.000255575212039726;624
8;USD/CAD;0.000962018184273347;625
8;USD/CAD;-3.55640909387497E-06;626
8;USD/CAD;-0.00124750504427866;627
8;USD/CAD;-0.000599327317271617;628
8;USD/CAD;-0.000773049126907601;629
8;USD/CAD;-0.00136452597846174;630
8;USD/CAD;8.7113822696185E-05;631
8;USD/CAD;0.000432709812606693;632
8;USD/CAD;0.000128197143100337;633
8;USD/CAD;-0.000133586856457992;634
8;USD/CAD;-6.95413399063519E-05;635
8;USD/CAD;-0.000728299852581825;636
8;USD/CAD;-0.000104975204242643;637
8;USD/CAD;-8.18942507436579E-05;638
8;USD/CAD;0.000389823768264804;639
8;USD/CAD;0.000614335865633906;640
8;USD/CAD;0.000418784875391068;641
8;USD/CAD;-0.00108857888330251;642
8;USD/CAD;-0.00110707649180776;643
8;USD/CAD;-0.00147786561398295;644
8;USD/CAD;-0.00202822465238318;645
8;USD/CAD;-0.000770528282709161;646
8;USD/CAD;0.000586070533378109;647
8;USD/CAD;0.000386387133281607;648
8;USD/CAD;0.00055815986708391;649
8;USD/CAD;0.00126224049645448;650
8;USD/CAD;0.00144586237027186;651
8;USD/CAD;0.00138330106502648;652
8;USD/CAD;0.00164982048146747;653
8;USD/CAD;0.00204043502370675;654
8;USD/CAD;0.0027210339368572;655
8;USD/CAD;0.00176989179199598;656
8;USD/CAD;0.00200631073448085;657
8;USD/CAD;0.00191389020323017;658
8;USD/CAD;0.00230322091815555;659
8;USD/CAD;0.000471300161823184;660
8;USD/CAD;0.000384755715407129;661
8;USD/CAD;-0.000182520195187697;662
8;USD/CAD;0.00035080035303727;663
8;USD/CAD;-0.000264137284805518;664
8;USD/CAD;0.000991723088575531;665
8;USD/CAD;-0.000784349213676174;666
8;USD/CAD;-0.00109333664302223;667
8;USD/CAD;-0.00148104525390908;668
8;USD/CAD;-0.0018640938962046;669
8;USD/CAD;-0.00125889132122859;670
8;USD/CAD;0.000594699174003124;671
8;USD/CAD;0.000181756432437012;672
8;USD/CAD;0.000114723937647164;673
8;USD/CAD;2.1200477030534E-05;674
8;USD/CAD;-0.00122438920545367;675
8;USD/CAD;-0.00108515927001185;676
8;USD/CAD;-0.000227662818923197;677
8;USD/CAD;9.52590977214936E-05;678
8;USD/CAD;0.00106946944467067;679
8;USD/CAD;0.00133692459552693;680
8;USD/CAD;-9.18744163579061E-05;681
8;USD/CAD;-0.000656199323135344;682
8;USD/CAD;-0.000977677183696892;683
8;USD/CAD;-0.00120024153479109;684
8;USD/CAD;-0.00143782071449383;685
8;USD/CAD;-0.000899769490799773;686
8;USD/CAD;0.000251414238010215;687
8;USD/CAD;0.000629938500199031;688
8;USD/CAD;0.000287938858321642;689
8;USD/CAD;0.000740489586133543;690
8;USD/CAD;0.00146624462299554;691
8;USD/CAD;0.000998987206952115;692
8;USD/CAD;-0.000332416906011872;693
8;USD/CAD;-0.000353356982377147;694
8;USD/CAD;-0.000515755549348156;695
8;USD/CAD;-0.0021633325001588;696
8;USD/CAD;-0.00227525682003616;697
8;USD/CAD;-0.00111087735910724;698
8;USD/CAD;-0.000607464481845758;699
8;USD/CAD;-0.000350482888599194;700
8;USD/CAD;0.00132982872882539;701
8;USD/CAD;0.000373605758983081;702
8;USD/CAD;0.000174315201358553;703
8;USD/CAD;-0.000228941613836435;704
8;USD/CAD;-0.00100706667673758;705
8;USD/CAD;-0.000860094339732984;706
8;USD/CAD;-0.000167146778817112;707
8;USD/CAD;0.00134316697198242;708
8;USD/CAD;0.00134327872610541;709
8;USD/CAD;0.00250030904503527;710
8;USD/CAD;0.00260961548329604;711
8;USD/CAD;0.00370123094716459;712
8;USD/CAD;0.00204868698143226;713
8;USD/CAD;0.000728912545130584;714
8;USD/CAD;-0.000923577501385891;715
8;USD/CAD;-0.00123876449587993;716
8;USD/CAD;-0.00112251134139132;717
8;USD/CAD;-0.000686413379415159;718
8;USD/CAD;0.000184447570680008;719
8;USD/CAD;0.000654347537495254;720
8;USD/CAD;0.000593945545058954;721
8;USD/CAD;-0.000671962073484685;722
8;USD/CAD;-0.000472400372412412;723
8;USD/CAD;-6.4976402722719E-05;724
8;USD/CAD;0.000775034690884576;725
8;USD/CAD;0.00108113114828917;726
8;USD/CAD;0.00166520673672199;727
8;USD/CAD;0.00134052869902443;728
8;USD/CAD;0.00122397366735438;729
8;USD/CAD;0.00138614502778335;730
8;USD/CAD;0.000855836706109187;731
8;USD/CAD;-0.00041106388145024;732
8;USD/CAD;-0.000188707281850609;733
8;USD/CAD;-0.000192117940248505;734
8;USD/CAD;-0.000212628773709193;735
8;USD/CAD;-0.000169130253443587;736
8;USD/CAD;0.000475707664198431;737
8;USD/CAD;0.0015376586945568;738
8;USD/CAD;0.00146936594063724;739
8;USD/CAD;0.00114413206946881;740
8;USD/CAD;0.00137850657642219;741
8;USD/CAD;0.00200231101988831;742
8;USD/CAD;0.000642549967074798;743
8;USD/CAD;0.00159119724970464;744
8;USD/CAD;0.00207157430041259;745
8;USD/CAD;0.0017867270693221;746
8;USD/CAD;0.00116226260650211;747
8;USD/CAD;0.00114316076200048;748
8;USD/CAD;0.000464085187350176;749
8;USD/CAD;6.51963187010514E-05;750
8;USD/CAD;-0.000219891622463213;751
8;USD/CAD;-0.000132439514813452;752
8;USD/CAD;-0.000495774125897572;753
8;USD/CAD;-0.0011225248333577;754
8;USD/CAD;-0.00143579589383122;755
8;USD/CAD;-0.000628365605611183;756
8;USD/CAD;-0.000242746682349595;757
8;USD/CAD;-0.000445177003551226;758
8;USD/CAD;0.000947330304712972;759
8;USD/CAD;0.00114568078401463;760
8;USD/CAD;0.000358324241383645;761
8;USD/CAD;2.0670766387056E-05;762
8;USD/CAD;0.000691496241986649;763
8;USD/CAD;-0.00054545879421096;764
8;USD/CAD;-0.000655594428582648;765
8;USD/CAD;0.000111844796754744;766
8;USD/CAD;1.37793241296298E-05;767
8;USD/CAD;2.92625409874799E-05;768
8;USD/CAD;4.65166363677562E-05;769
8;USD/CAD;3.79143653494868E-05;770
8;USD/CAD;9.28696745610664E-05;771
8;USD/CAD;0.00014806780804225;772
8;USD/CAD;5.33500844287488E-05;773
8;USD/CAD;0.000557357387452297;774
8;USD/CAD;0.000471604965549964;775
8;USD/CAD;-0.000487185797486802;776
8;USD/CAD;-0.000284180252508311;777
8;USD/CAD;-0.000246217451409715;778
8;USD/CAD;-0.00103164477766866;779
8;USD/CAD;-0.000306244522058816;780
8;USD/CAD;0.000780988924945936;781
8;USD/CAD;0.00186475539141643;782
8;USD/CAD;0.00315029054571115;783
8;USD/CAD;0.00368012504657658;784
8;USD/CAD;0.00293977160432817;785
8;USD/CAD;0.00184739480058821;786
8;USD/CAD;0.000945442987812401;787
8;USD/CAD;-6.61524310688547E-05;788
8;USD/CAD;0.000687088169418657;789
8;USD/CAD;0.000826265545949285;790
8;USD/CAD;0.00180520090281687;791
8;USD/CAD;0.00084286341745699;792
8;USD/CAD;0.00073999838884054;793
8;USD/CAD;-0.000272183639143681;794
8;USD/CAD;-0.000150437586062112;795
8;USD/CAD;-0.00042189836085358;796
8;USD/CAD;0.000608314088432723;797
8;USD/CAD;0.000187527731095866;798
8;USD/CAD;0.000668806568188247;799
8;USD/CAD;0.00174586846313894;800
8;USD/CAD;0.00217920340061973;801
8;USD/CAD;0.00191755379135809;802
8;USD/CAD;0.00145537171459974;803
8;USD/CAD;0.00155357871560298;804
8;USD/CAD;0.000701118071503159;805
8;USD/CAD;-0.000168849036430389;806
8;USD/CAD;-0.000384721655509979;807
8;USD/CAD;0.000493928698393302;808
8;USD/CAD;-0.000640123879113021;809
8;USD/CAD;-0.000254059554292117;810
8;USD/CAD;0.00015213766684035;811
8;USD/CAD;0.000458236325855798;812
8;USD/CAD;0.000168827868293308;813
8;USD/CAD;0.000795655936169592;814
8;USD/CAD;1.67249950870644E-06;815
8;USD/CAD;-0.000217374968100027;816
8;USD/CAD;-0.00022731453749916;817
8;USD/CAD;0.00197519332948935;818
8;USD/CAD;0.00248376100384064;819
8;USD/CAD;0.00204500248798243;820
8;USD/CAD;0.00546894249459937;821
8;USD/CAD;0.00632585455079945;822
8;USD/CAD;0.00432880137183109;823
8;USD/CAD;0.00353333985853266;824
8;USD/CAD;0.00496876299553576;825
8;USD/CAD;0.00169718520677251;826
8;USD/CAD;0.000931128976327419;827
8;USD/CAD;0.00170562289880387;828
8;USD/CAD;0.00179096756141979;829
8;USD/CAD;0.000784893044423936;830
8;USD/CAD;0.00141542269160183;831
8;USD/CAD;0.00113058707880587;832
8;USD/CAD;-0.00110102653961242;833
8;USD/CAD;-0.00071349555247049;834
8;USD/CAD;-0.000236594039509411;835
8;USD/CAD;-0.000566574890274643;836
8;USD/CAD;0.000844963489564979;837
8;USD/CAD;0.00206347149708269;838
8;USD/CAD;0.00279429033419871;839
8;USD/CAD;0.00309533697450927;840
8;USD/CAD;0.00316215272108259;841
8;USD/CAD;0.00245216840347316;842
8;USD/CAD;0.00269442348759442;843
8;USD/CAD;0.00269928398377751;844
8;USD/CAD;-0.000423831546740027;845
8;USD/CAD;-0.000934029076192661;846
8;USD/CAD;-0.00114060479444765;847
8;USD/CAD;-0.00319668713592336;848
8;USD/CAD;-0.00476239451773788;849
8;USD/CAD;-0.00261997812606558;850
8;USD/CAD;-0.000217879670873143;851
8;USD/CAD;-0.000446302900740477;852
8;USD/CAD;0.00102398434512261;853
8;USD/CAD;-0.000283135775476848;854
8;USD/CAD;0.000214018211968838;855
8;USD/CAD;-0.00203596248495044;856
8;USD/CAD;-0.00144739101099362;857
8;USD/CAD;-0.000542490041259907;858
8;USD/CAD;0.00138291169843878;859
8;USD/CAD;0.000411301286478233;860
8;USD/CAD;0.000532982608213162;861
8;USD/CAD;-0.000410427565717149;862
8;USD/CAD;1.59771845806515E-06;863
8;USD/CAD;0.00119867739579891;864
8;USD/CAD;0.0019549280011346;865
8;USD/CAD;0.00285571328676287;866
8;USD/CAD;0.0024880703653175;867
8;USD/CAD;0.00168010724950165;868
8;USD/CAD;-0.00125304303704861;869
8;USD/CAD;-0.00118441167584876;870
8;USD/CAD;-0.00220425994710947;871
8;USD/CAD;-0.00268235503973458;872
8;USD/CAD;-0.00270365995425691;873
8;USD/CAD;-0.00131083832332471;874
8;USD/CAD;-0.000438558056564631;875
8;USD/CAD;-0.000609773647932252;876
8;USD/CAD;-0.000199297653046732;877
8;USD/CAD;-0.000442113481617734;878
8;USD/CAD;-0.000538371349768515;879
8;USD/CAD;-0.00118119595571787;880
8;USD/CAD;-0.000719390578918025;881
8;USD/CAD;0.000294055079826363;882
8;USD/CAD;0.00069889412995467;883
8;USD/CAD;0.00202344729466023;884
8;USD/CAD;0.0013189491427015;885
8;USD/CAD;0.000769074246469219;886
8;USD/CAD;0.000885974477133198;887
8;USD/CAD;0.00101905138540293;888
8;USD/CAD;0.000577573954278696;889
8;USD/CAD;0.0014073216151665;890
8;USD/CAD;0.00147525555737057;891
8;USD/CAD;0.0016540663647024;892
8;USD/CAD;0.0007676513270537;893
8;USD/CAD;-0.000911796225851048;894
8;USD/CAD;-0.002016716380782;895
8;USD/CAD;-0.00210924681915999;896
8;USD/CAD;-0.00292738400660491;897
8;USD/CAD;-0.00263855436390464;898
8;USD/CAD;-0.000113666839159197;899
8;USD/CAD;0.00086702674760212;900
8;USD/CAD;0.000709294578828796;901
8;USD/CAD;0.000866865476153124;902
8;USD/CAD;0.00157068660112056;903
8;USD/CAD;0.000399948939835003;904
8;USD/CAD;0.000305208172013918;905
8;USD/CAD;0.000901435189137259;906
8;USD/CAD;0.000329705580430361;907
8;USD/CAD;-0.000938683084044827;908
8;USD/CAD;-0.000497657985070711;909
8;USD/CAD;-0.000386782395690468;910
8;USD/CAD;-0.00136652557008897;911
8;USD/CAD;-0.00130116978205862;912
8;USD/CAD;-0.000276356318624187;913
8;USD/CAD;-2.56365064201455E-05;914
8;USD/CAD;-0.000280164782679352;915
8;USD/CAD;0.000535561416483941;916
8;USD/CAD;0.00272417563777397;917
8;USD/CAD;0.00263389729361313;918
8;USD/CAD;0.00195017710146293;919
8;USD/CAD;0.00182917650993953;920
8;USD/CAD;0.00206780287941199;921
8;USD/CAD;0.000583479088330369;922
8;USD/CAD;0.000475473716296109;923
8;USD/CAD;0.00113453710411493;924
8;USD/CAD;0.00130382271594765;925
8;USD/CAD;0.0022598754359205;926
8;USD/CAD;0.0016947717513011;927
8;USD/CAD;0.000753683389340633;928
8;USD/CAD;0.000261753311249397;929
8;USD/CAD;0.000143470332626206;930
8;USD/CAD;-0.000759896036069712;931
8;USD/CAD;0.000995954045740786;932
8;USD/CAD;0.00212092063125051;933
8;USD/CAD;0.00124258640058162;934
8;USD/CAD;0.00114563961693203;935
8;USD/CAD;0.000965074861130266;936
8;USD/CAD;-0.000716712032506335;937
8;USD/CAD;-0.000728490050054627;938
8;USD/CAD;0.000253537031574495;939
8;USD/CAD;0.000580524678900065;940
8;USD/CAD;-6.8891551289087E-05;941
8;USD/CAD;-0.00322550677054473;942
8;USD/CAD;-0.0019894553793375;943
8;USD/CAD;-0.000694077930317571;944
8;USD/CAD;-0.00156232412534999;945
8;USD/CAD;-0.0015121816226953;946
8;USD/CAD;0.000658486554295396;947
8;USD/CAD;-0.000960869483142236;948
8;USD/CAD;-0.00234437810130803;949
8;USD/CAD;-0.00293789338747075;950
8;USD/CAD;-0.00244959662987836;951
8;USD/CAD;-0.00124403572507545;952
8;USD/CAD;-0.00115725197351953;953
8;USD/CAD;-0.00137675525533829;954
8;USD/CAD;-0.00040951823946057;955
8;USD/CAD;-0.000121432912048686;956
8;USD/CAD;0.000158123608183886;957
8;USD/CAD;-0.00106913982276097;958
8;USD/CAD;-0.000629382067950246;959
8;USD/CAD;-0.000174620032319521;960
8;USD/CAD;0.000118238253517693;961
8;USD/CAD;0.000825321620177996;962
8;USD/CAD;0.00264872813917554;963
8;USD/CAD;0.00267356821723921;964
8;USD/CAD;0.00332193947412133;965
8;USD/CAD;0.00243701194671529;966
8;USD/CAD;0.00254993856460227;967
8;USD/CAD;0.00111505490431604;968
8;USD/CAD;0.000778755056387355;969
8;USD/CAD;-6.46394582218717E-05;970
8;USD/CAD;-0.00100613223855996;971
8;USD/CAD;-0.0020243391227526;972
8;USD/CAD;-0.00100247666144886;973
8;USD/CAD;-0.0016114056304068;974
8;USD/CAD;-0.00192507992288286;975
8;USD/CAD;-0.000665621456736362;976
8;USD/CAD;-0.00232079452671918;977
8;USD/CAD;-0.00223002936034059;978
8;USD/CAD;-0.00204954688788305;979
8;USD/CAD;-0.00177827279337159;980
8;USD/CAD;-0.00148375386547305;981
8;USD/CAD;8.18045124186399E-05;982
8;USD/CAD;0.000187455703283684;983
8;USD/CAD;0.00075804713549913;984
8;USD/CAD;3.05173085931917E-05;985
8;USD/CAD;0.00053631567480862;986
8;USD/CAD;0.00114495279553212;987
8;USD/CAD;0.00125796618492878;988
8;USD/CAD;0.00122632754219117;989
8;USD/CAD;0.00202617521958228;990
8;USD/CAD;0.00168758563523701;991
8;USD/CAD;0.000833792012055668;992
8;USD/CAD;0.000117728480167947;993
8;USD/CAD;0.000794920543026932;994
8;USD/CAD;0.00036057367969393;995
8;USD/CAD;-0.000349084535324978;996
8;USD/CAD;-0.000173155370093511;997
8;USD/CAD;-0.00156475331138371;998
8;USD/CAD;-0.00233501632931784;999
8;USD/CAD;-0.00151176152587982;1000
8;USD/CAD;-0.00343589137547807;1001
8;USD/CAD;-0.00447095024506158;1002
8;USD/CAD;-0.00255207973297082;1003
8;USD/CAD;-0.00449275059370761;1004
8;USD/CAD;-0.00492932824610411;1005
8;USD/CAD;-0.0033562481656426;1006
8;USD/CAD;-0.00132730502240087;1007
8;USD/CAD;-0.00175459747446185;1008
8;USD/CAD;-0.000250849519094492;1009
8;USD/CAD;9.83340572006776E-06;1010
8;USD/CAD;0.000867260680154081;1011
8;USD/CAD;0.000881504553096336;1012
8;USD/CAD;0.00101778064584333;1013
8;USD/CAD;0.00128860735386743;1014
8;USD/CAD;0.000468165774141681;1015
8;USD/CAD;0.000398758099083315;1016
8;USD/CAD;-0.000566001951795681;1017
8;USD/CAD;-0.0004649552433613;1018
8;USD/CAD;-0.00201999579206507;1019
8;USD/CAD;-0.00138310074141907;1020
8;USD/CAD;-0.00192265006366717;1021
8;USD/CAD;-0.00124692667168436;1022
8;USD/CAD;-0.00120246424326357;1023
8;USD/CAD;0.000596816601302465;1024
8;USD/CAD;-0.000677807424343795;1025
8;USD/CAD;-0.000650525203475009;1026
8;USD/CAD;-0.000995240070494143;1027
8;USD/CAD;-0.00250336025681383;1028
8;USD/CAD;-0.00238971989335486;1029
8;USD/CAD;-0.00149398584721838;1030
8;USD/CAD;-0.00228862852613392;1031
8;USD/CAD;-0.00144063818404944;1032
8;USD/CAD;-0.000211422669380385;1033
8;USD/CAD;0.00129006529126498;1034
8;USD/CAD;0.00101765338032084;1035
8;USD/CAD;0.00211821791727756;1036
8;USD/CAD;0.00281684326184793;1037
8;USD/CAD;0.00256355418552933;1038
8;USD/CAD;0.000751316922327989;1039
8;USD/CAD;0.000494503247468886;1040
8;USD/CAD;0.000148910478594425;1041
8;USD/CAD;-0.00128207149720948;1042
8;USD/CAD;-0.00204787561654855;1043
8;USD/CAD;-0.00142926125253984;1044
8;USD/CAD;-0.00123606510785353;1045
8;USD/CAD;-0.00140748636884187;1046
8;USD/CAD;-0.00119398396384157;1047
8;USD/CAD;0.00044805860093845;1048
8;USD/CAD;0.00106713613817686;1049
8;USD/CAD;0.00120137400314394;1050
8;USD/CAD;0.00159099006212126;1051
8;USD/CAD;0.000749350169548368;1052
8;USD/CAD;0.00040074200332223;1053
8;USD/CAD;-0.000207694608715737;1054
8;USD/CAD;1.32163684771521E-05;1055
8;USD/CAD;-0.00013885216109165;1056
8;USD/CAD;-0.000173824522681281;1057
8;USD/CAD;-0.00168787186568331;1058
8;USD/CAD;-0.00201224949189128;1059
8;USD/CAD;-0.00178715590444082;1060
8;USD/CAD;-0.00240380511111945;1061
8;USD/CAD;-0.00198900621103794;1062
8;USD/CAD;-0.000557996920418723;1063
8;USD/CAD;-0.00022835904853277;1064
8;USD/CAD;-0.000240166143755984;1065
8;USD/CAD;0.000783368227865404;1066
8;USD/CAD;0.000879599172897719;1067
8;USD/CAD;0.00099794943632447;1068
8;USD/CAD;0.000900254040033199;1069
8;USD/CAD;0.00271666513426492;1070
8;USD/CAD;0.00245210752608109;1071
8;USD/CAD;0.00267170232269525;1072
8;USD/CAD;0.00327734090295778;1073
8;USD/CAD;0.00300571690163267;1074
8;USD/CAD;0.00138140904385821;1075
8;USD/CAD;0.0010756996407486;1076
8;USD/CAD;0.000608738568996134;1077
8;USD/CAD;-0.000398333034708767;1078
8;USD/CAD;-0.000428973902094955;1079
8;USD/CAD;-0.000555026081400657;1080
8;USD/CAD;-0.000354095550729339;1081
8;USD/CAD;0.00131125524299308;1082
8;USD/CAD;0.00173992985911145;1083
8;USD/CAD;0.00147462343105804;1084
8;USD/CAD;0.00170762607854637;1085
8;USD/CAD;0.00211198306621193;1086
8;USD/CAD;0.000841326897030822;1087
8;USD/CAD;0.0021647018904819;1088
8;USD/CAD;0.00210885179088789;1089
8;USD/CAD;0.00181080185960511;1090
8;USD/CAD;0.00266427621320898;1091
8;USD/CAD;0.00187773600625387;1092
8;USD/CAD;0.000323175875545748;1093
8;USD/CAD;0.000816189948707876;1094
8;USD/CAD;0.000149760269802729;1095
8;USD/CAD;-0.000709368571741997;1096
8;USD/CAD;9.470951245078E-05;1097
8;USD/CAD;0.000142931138170148;1098
8;USD/CAD;0.000139447105910888;1099
8;USD/CAD;0.00196065867776665;1100
8;USD/CAD;0.00137152550305464;1101
8;USD/CAD;0.000757664642787075;1102
8;USD/CAD;-0.000553019450804607;1103
8;USD/CAD;-0.00106675487860151;1104
8;USD/CAD;-0.00215230747590456;1105
8;USD/CAD;-0.00140046720166123;1106
8;USD/CAD;-0.000865219576652285;1107
8;USD/CAD;0.000966782839204989;1108
8;USD/CAD;0.000983418873036714;1109
8;USD/CAD;0.00133610042280123;1110
8;USD/CAD;0.00129345511233261;1111
8;USD/CAD;0.000519580779091348;1112
8;USD/CAD;-0.00035597754873929;1113
8;USD/CAD;-0.000603618958456372;1114
8;USD/CAD;-0.000977110488405264;1115
8;USD/CAD;-0.00171519243942552;1116
8;USD/CAD;-0.000858676952281125;1117
8;USD/CAD;-0.0023472894122416;1118
8;USD/CAD;-0.00157863698420201;1119
8;USD/CAD;-0.00288359833661645;1120
8;USD/CAD;-0.00233884776151139;1121
8;USD/CAD;-0.002536463813994;1122
8;USD/CAD;-0.000277875999899001;1123
8;USD/CAD;-0.00045913814177099;1124
8;USD/CAD;0.000583309306497222;1125
8;USD/CAD;0.00065107403233849;1126
8;USD/CAD;0.000465347308433359;1127
8;USD/CAD;0.000209661513404436;1128
8;USD/CAD;0.000199684255738141;1129
8;USD/CAD;0.000458283426055324;1130
8;USD/CAD;0.000134832743470323;1131
8;USD/CAD;0.000451295229677279;1132
8;USD/CAD;0.000269473998381731;1133
8;USD/CAD;-0.000502025015525763;1134
8;USD/CAD;8.76367309292944E-05;1135
8;USD/CAD;-0.0001445832127136;1136
8;USD/CAD;-0.00166901703355994;1137
8;USD/CAD;-0.00208404863372998;1138
8;USD/CAD;-0.00141372186986255;1139
8;USD/CAD;-0.00163897952090923;1140
8;USD/CAD;-0.00132233234173516;1141
8;USD/CAD;0.000750745505952227;1142
8;USD/CAD;0.00123055186807251;1143
8;USD/CAD;0.000934894279583279;1144
8;USD/CAD;0.000987277573014017;1145
8;USD/CAD;0.00143768243652225;1146
8;USD/CAD;0.00105281358315093;1147
8;USD/CAD;0.000809691374985651;1148
8;USD/CAD;0.000938659539916563;1149
8;USD/CAD;0.000411420725056084;1150
8;USD/CAD;0.00160312098316743;1151
8;USD/CAD;0.000692350069023192;1152
8;USD/CAD;0.00108903910397814;1153
8;USD/CAD;0.000392376353043115;1154
8;USD/CAD;0.000318148314432452;1155
8;USD/CAD;-0.000941550611076604;1156
8;USD/CAD;-0.000430010350103215;1157
8;USD/CAD;-0.000661130908553883;1158
8;USD/CAD;-0.000363164820927471;1159
8;USD/CAD;0.00078993263630495;1160
8;USD/CAD;0.000944773013216326;1161
8;USD/CAD;0.000622084482878512;1162
8;USD/CAD;0.00196564945730691;1163
8;USD/CAD;0.0024402642972835;1164
8;USD/CAD;0.00190048861513693;1165
8;USD/CAD;0.00234179333076996;1166
8;USD/CAD;0.00308649089011144;1167
8;USD/CAD;0.00198620869759502;1168
8;USD/CAD;0.00143598797555466;1169
8;USD/CAD;0.000761863091303668;1170
8;USD/CAD;-2.70731892231946E-05;1171
8;USD/CAD;-0.000295695773429412;1172
8;USD/CAD;0.00022211999934958;1173
8;USD/CAD;8.59277424565282E-05;1174
8;USD/CAD;0.00123642594236802;1175
8;USD/CAD;0.00163373683886199;1176
8;USD/CAD;0.00193316235235335;1177
8;USD/CAD;0.00201003545688327;1178
8;USD/CAD;0.0023580945244986;1179
8;USD/CAD;0.00177291023571688;1180
8;USD/CAD;0.00100059692887662;1181
8;USD/CAD;0.000574281265124408;1182
8;USD/CAD;-7.06550119414692E-05;1183
8;USD/CAD;0.000119456476598956;1184
8;USD/CAD;-0.000419724032326001;1185
8;USD/CAD;-0.000190279260941259;1186
8;USD/CAD;-0.00025940238906545;1187
8;USD/CAD;-0.000610240873553432;1188
8;USD/CAD;7.85508941334283E-05;1189
8;USD/CAD;0.000833867812850738;1190
8;USD/CAD;0.000626765252325898;1191
8;USD/CAD;0.00132179275275357;1192
8;USD/CAD;0.00077663284610516;1193
8;USD/CAD;3.61230540668456E-05;1194
8;USD/CAD;-0.000123839498566171;1195
8;USD/CAD;0.00286829216743547;1196
8;USD/CAD;0.00204149246940395;1197
8;USD/CAD;0.00302727000510954;1198
8;USD/CAD;0.00315200248075431;1199
8;USD/CAD;0.00330778834080181;1200
8;USD/CAD;0.000400026389909363;1201
8;USD/CAD;0.00105222799216671;1202
8;USD/CAD;0.00072199459776491;1203
8;USD/CAD;0.000304304734108224;1204
8;USD/CAD;0.000226597478486454;1205
8;USD/CAD;0.000526997346338565;1206
8;USD/CAD;5.846603626524E-05;1207
8;USD/CAD;-0.000439365794413721;1208
8;USD/CAD;-0.000247115727918526;1209
8;USD/CAD;-0.00025590433287233;1210
8;USD/CAD;0.000419678938311298;1211
8;USD/CAD;0.000615930968067279;1212
8;USD/CAD;0.000688680979519949;1213
8;USD/CAD;0.00135076850064351;1214
8;USD/CAD;0.000858912134979804;1215
8;USD/CAD;0.000144301258150056;1216
8;USD/CAD;0.000285050966622928;1217
8;USD/CAD;0.000580529641391138;1218
8;USD/CAD;-0.000542599351366655;1219
8;USD/CAD;-0.000185938599875272;1220
8;USD/CAD;5.67708876564804E-05;1221
8;USD/CAD;-0.000478381092841924;1222
8;USD/CAD;-0.00164613784960234;1223
8;USD/CAD;-0.00100453485362618;1224
8;USD/CAD;-0.000814941181702297;1225
8;USD/CAD;-0.00220282513474518;1226
8;USD/CAD;-0.00121797148263004;1227
8;USD/CAD;0.000711549526745139;1228
8;USD/CAD;0.00148111721653362;1229
8;USD/CAD;0.000748822174576602;1230
8;USD/CAD;0.0020524238016701;1231
8;USD/CAD;0.00150942951440688;1232
8;USD/CAD;0.00220646242601103;1233
8;USD/CAD;0.00177028833585431;1234
8;USD/CAD;0.00209895373420578;1235
8;USD/CAD;0.00202245653432052;1236
8;USD/CAD;0.00111130504711237;1237
8;USD/CAD;4.57148081715856E-06;1238
8;USD/CAD;0.000794426396263899;1239
8;USD/CAD;0.000700345190932504;1240
8;USD/CAD;0.000341671463563152;1241
8;USD/CAD;0.000771370517527799;1242
8;USD/CAD;0.000737685495139733;1243
8;USD/CAD;-0.000637721749865787;1244
8;USD/CAD;-0.00110251766643804;1245
8;USD/CAD;-0.00100084626570117;1246
8;USD/CAD;-0.000698213724942219;1247
8;USD/CAD;-0.000405770590132195;1248
8;USD/CAD;0.000253813891237431;1249
8;USD/CAD;-0.00091091959972029;1250
8;USD/CAD;-0.00160600393725585;1251
8;USD/CAD;-0.00168326688524289;1252
8;USD/CAD;3.34654204113508E-05;1253
8;USD/CAD;-0.00101872058172236;1254
8;USD/CAD;0.000220468364449301;1255
8;USD/CAD;-0.000617348587517312;1256
8;USD/CAD;-0.000574012128177117;1257
8;USD/CAD;-0.00236544293634657;1258
8;USD/CAD;-0.000374375990340572;1259
8;USD/CAD;-0.000117859100564114;1260
8;USD/CAD;0.00158800468763504;1261
8;USD/CAD;0.00149697275427055;1262
8;USD/CAD;0.00162180036861748;1263
8;USD/CAD;0.0009293009208186;1264
8;USD/CAD;0.000432829426965137;1265
8;USD/CAD;0.000320980741274325;1266
8;USD/CAD;0.000595665829104213;1267
8;USD/CAD;-0.000385097463029895;1268
8;USD/CAD;-0.00117570155191672;1269
8;USD/CAD;-0.000989388322517344;1270
8;USD/CAD;0.00107686416700803;1271
8;USD/CAD;0.000161592764557005;1272
8;USD/CAD;0.00108158259696977;1273
8;USD/CAD;0.000237223442528268;1274
8;USD/CAD;0.000783031758313368;1275
8;USD/CAD;-0.00119755362829348;1276
8;USD/CAD;0.000293885932273028;1277
8;USD/CAD;0.00111661785797045;1278
8;USD/CAD;0.00213455043291732;1279
8;USD/CAD;0.0020706969447797;1280
8;USD/CAD;0.00300312774779098;1281
8;USD/CAD;0.00134210880300772;1282
8;USD/CAD;0.00115855776195108;1283
8;USD/CAD;0.00194572522152198;1284
8;USD/CAD;0.00116510165671848;1285
8;USD/CAD;0.00023470472779981;1286
8;USD/CAD;0.00103115547223595;1287
8;USD/CAD;-0.00109502535989202;1288
8;USD/CAD;-0.00225165146512124;1289
8;USD/CAD;-0.00150746892155141;1290
8;USD/CAD;-0.00129883810367137;1291
8;USD/CAD;-0.000496823597148789;1292
8;USD/CAD;0.000272053364400125;1293
8;USD/CAD;0.000901290701503088;1294
8;USD/CAD;0.000474007437994081;1295
8;USD/CAD;-0.00108047670104378;1296
8;USD/CAD;-0.000983731163103666;1297
8;USD/CAD;-0.000905252911698143;1298
8;USD/CAD;-2.86698329718579E-05;1299
8;USD/CAD;0.000148180635941387;1300
8;USD/CAD;0.0024815358599676;1301
8;USD/CAD;0.000958103762855326;1302
8;USD/CAD;0.00115581898220774;1303
8;USD/CAD;-0.000812004245473823;1304
8;USD/CAD;-0.000641899603300751;1305
8;USD/CAD;-0.00142224832522556;1306
8;USD/CAD;0.000107010307946746;1307
8;USD/CAD;0.000269837422454336;1308
8;USD/CAD;0.000893476172732547;1309
8;USD/CAD;0.00171369010201787;1310
8;USD/CAD;0.00125385638305559;1311
8;USD/CAD;8.88805211878569E-05;1312
8;USD/CAD;-0.00123306070801662;1313
8;USD/CAD;-0.000888930666533442;1314
8;USD/CAD;-0.00126081570984666;1315
8;USD/CAD;-0.00112826768191153;1316
8;USD/CAD;1.35545741092214E-05;1317
8;USD/CAD;7.12285800837636E-05;1318
8;USD/CAD;0.000266489046755747;1319
8;USD/CAD;0.000169374910879843;1320
8;USD/CAD;0.000552862091302319;1321
8;USD/CAD;-7.98346078557909E-05;1322
8;USD/CAD;0.000703344633575818;1323
8;USD/CAD;0.000337144556828938;1324
8;USD/CAD;0.000532896864655472;1325
8;USD/CAD;-9.05284614302331E-05;1326
8;USD/CAD;-0.000429846589630213;1327
8;USD/CAD;0.000270091894911829;1328
8;USD/CAD;7.70250227569227E-05;1329
8;USD/CAD;-0.000812745187167631;1330
8;USD/CAD;-0.0011062418724351;1331
8;USD/CAD;-0.00114927616026268;1332
8;USD/CAD;-0.00113866503449534;1333
8;USD/CAD;-0.000911094357239948;1334
8;USD/CAD;-0.000536587536239409;1335
8;USD/CAD;-0.00124825345828277;1336
8;USD/CAD;-0.000358700869790005;1337
8;USD/CAD;0.000466532573441597;1338
8;USD/CAD;0.000315266222672156;1339
8;USD/CAD;0.00111853474782324;1340
8;USD/CAD;0.00231374415049065;1341
8;USD/CAD;0.00126927746098834;1342
8;USD/CAD;0.000880111018821791;1343
8;USD/CAD;0.0010257168684367;1344
8;USD/CAD;0.000340823487697624;1345
8;USD/CAD;0.000948704089661904;1346
8;USD/CAD;0.00144295119221777;1347
8;USD/CAD;0.000645164275392705;1348
8;USD/CAD;0.00114486925805426;1349
8;USD/CAD;0.000996511273297734;1350
8;USD/CAD;0.000577555991091533;1351
8;USD/CAD;-4.95322581361703E-05;1352
8;USD/CAD;0.00022959100063687;1353
8;USD/CAD;-0.000340372017211875;1354
8;USD/CAD;0.000320592115266936;1355
8;USD/CAD;0.000681915705368566;1356
8;USD/CAD;0.0013286102991269;1357
8;USD/CAD;0.00118725769947858;1358
8;USD/CAD;0.00141167908247895;1359
8;USD/CAD;0.000763453795794575;1360
8;USD/CAD;-2.68736936803375E-05;1361
8;USD/CAD;-0.00140218083570769;1362
8;USD/CAD;-0.00205448157899812;1363
8;USD/CAD;-0.00271553729542349;1364
8;USD/CAD;-0.00250743237233939;1365
8;USD/CAD;-0.00243051766214438;1366
8;USD/CAD;-0.00156488715032163;1367
8;USD/CAD;-0.00161214359789652;1368
8;USD/CAD;-0.00190475462002672;1369
8;USD/CAD;-0.00243224582193648;1370
8;USD/CAD;-0.0022585542853121;1371
8;USD/CAD;-0.00182145636505357;1372
8;USD/CAD;-0.00174928006537977;1373
8;USD/CAD;-0.00110101280435342;1374
8;USD/CAD;-0.00111891404928521;1375
8;USD/CAD;-0.000696680756065724;1376
8;USD/CAD;-0.000443425258096094;1377
8;USD/CAD;-0.000148637939395109;1378
8;USD/CAD;-0.000396009338898833;1379
8;USD/CAD;-0.000213764779153531;1380
8;USD/CAD;-0.00110742254149144;1381
8;USD/CAD;-0.00185311104486279;1382
8;USD/CAD;-0.00145542462477654;1383
8;USD/CAD;-0.00162909812131321;1384
8;USD/CAD;-0.000590191392819844;1385
8;USD/CAD;0.000697468345051678;1386
8;USD/CAD;0.00122912384633334;1387
8;USD/CAD;0.000473482513752053;1388
8;USD/CAD;0.00164138926785057;1389
8;USD/CAD;0.000443961613154105;1390
8;USD/CAD;-0.000469330265962068;1391
8;USD/CAD;-0.00166838532151268;1392
8;USD/CAD;-0.00146882134562272;1393
8;USD/CAD;-0.00175294885828255;1394
8;USD/CAD;-0.00206163458108277;1395
8;USD/CAD;-0.00145497918450194;1396
8;USD/CAD;0.00023676424994608;1397
8;USD/CAD;0.000446425296767801;1398
8;USD/CAD;6.04358358109963E-05;1399
8;USD/CAD;0.00222171216568464;1400
8;USD/CAD;0.00205951829950123;1401
8;USD/CAD;0.000988898145903894;1402
8;USD/CAD;0.000897579513547708;1403
8;USD/CAD;0.00120797753553932;1404
8;USD/CAD;0.000265999401119419;1405
8;USD/CAD;0.00146757358387602;1406
8;USD/CAD;0.00211405675193027;1407
8;USD/CAD;0.00226687332487395;1408
8;USD/CAD;0.00156320906871698;1409
8;USD/CAD;0.00137965902643071;1410
8;USD/CAD;-0.000860262384234619;1411
8;USD/CAD;0.000556552775440405;1412
8;USD/CAD;0.00074995048911468;1413
8;USD/CAD;0.000910190888778014;1414
