8;USD/CHF;-0.00626537498754974;5
8;USD/CHF;0.00282033678494868;6
8;USD/CHF;0.00249430794497284;7
8;USD/CHF;0.00113802724802269;8
8;USD/CHF;0.000985092513370491;9
8;USD/CHF;0.00078707526128647;10
8;USD/CHF;0.000433106269201037;11
8;USD/CHF;0.000872969145685924;12
8;USD/CHF;0.00075803574621171;13
8;USD/CHF;0.00127956666606018;14
8;USD/CHF;0.00112753427759065;15
8;USD/CHF;0.00121255838644042;16
8;USD/CHF;8.79846027088925E-06;17
8;USD/CHF;-3.73936618832553E-05;18
8;USD/CHF;-0.000570381319573519;19
8;USD/CHF;-0.000603797327227842;20
8;USD/CHF;-0.002046459736655;21
8;USD/CHF;-0.00158777437002252;22
8;USD/CHF;-0.00160570697670032;23
8;USD/CHF;-0.000950572131628332;24
8;USD/CHF;-0.00153085991084373;25
8;USD/CHF;-0.000195152256408212;26
8;USD/CHF;-0.000299532452634888;27
8;USD/CHF;0.000277003750590396;28
8;USD/CHF;0.000568675668441171;29
8;USD/CHF;0.00225343906794355;30
8;USD/CHF;0.00169676028187965;31
8;USD/CHF;0.00169365122837577;32
8;USD/CHF;0.000755927296548515;33
8;USD/CHF;-3.09368336768023E-05;34
8;USD/CHF;-0.000764515976125139;35
8;USD/CHF;2.41982940497616E-05;36
8;USD/CHF;0.00067697579829956;37
8;USD/CHF;0.000871729647407223;38
8;USD/CHF;0.000967820273850734;39
8;USD/CHF;0.0010699450918956;40
8;USD/CHF;0.000573302315101481;41
8;USD/CHF;-2.41382904897618E-05;42
8;USD/CHF;4.39261164489844E-05;43
8;USD/CHF;0.000516163328124859;44
8;USD/CHF;-0.00019111324913372;45
8;USD/CHF;9.64869980557619E-05;46
8;USD/CHF;-0.00101424223609797;47
8;USD/CHF;-0.00238370258794962;48
8;USD/CHF;-0.00302359609897416;49
8;USD/CHF;-0.00267043796532305;50
8;USD/CHF;-0.00398569530640617;51
8;USD/CHF;-0.0028657604603828;52
8;USD/CHF;-0.00112547028968138;53
8;USD/CHF;-0.000376721410068536;54
8;USD/CHF;-0.000345529107594724;55
8;USD/CHF;0.000787925463164641;56
8;USD/CHF;0.00108893595944158;57
8;USD/CHF;0.00106323354504996;58
8;USD/CHF;0.000612646609084206;59
8;USD/CHF;-0.000140611666516052;60
8;USD/CHF;-0.000602383213849941;61
8;USD/CHF;-0.000213748976649535;62
8;USD/CHF;0.000668032202776608;63
8;USD/CHF;0.00076594846321849;64
8;USD/CHF;0.00161663312604062;65
8;USD/CHF;0.00236781157935932;66
8;USD/CHF;0.00193763015972101;67
8;USD/CHF;0.000987961938045159;68
8;USD/CHF;3.10201188249289E-05;69
8;USD/CHF;-0.000387955761691745;70
8;USD/CHF;-0.000780987402580576;71
8;USD/CHF;-0.000490391233098356;72
8;USD/CHF;-0.000686857092276809;73
8;USD/CHF;0.000389557333842753;74
8;USD/CHF;0.00042781713283345;75
8;USD/CHF;0.000396405903122507;76
8;USD/CHF;-3.98142005296428E-05;77
8;USD/CHF;-0.0010692009803651;78
8;USD/CHF;-0.00082427743224793;79
8;USD/CHF;-0.00055434251704558;80
8;USD/CHF;-0.00128730566167348;81
8;USD/CHF;-0.00117809881886973;82
8;USD/CHF;-0.000438647938342394;83
8;USD/CHF;-0.000919122332892157;84
8;USD/CHF;-0.000894617107374628;85
8;USD/CHF;-0.000622202405228861;86
8;USD/CHF;-0.000936769862485265;87
8;USD/CHF;0.000258406603038636;88
8;USD/CHF;0.00030758606769155;89
8;USD/CHF;0.000981195753770875;90
8;USD/CHF;0.0011914142314884;91
8;USD/CHF;0.000613856895307552;92
8;USD/CHF;-0.00090365127820452;93
8;USD/CHF;-0.00100250836470886;94
8;USD/CHF;-0.00217354634111558;95
8;USD/CHF;-0.00171027928219726;96
8;USD/CHF;-0.00132829934349515;97
8;USD/CHF;-0.000568824775701816;98
8;USD/CHF;-0.000419012561184764;99
8;USD/CHF;7.85153872199474E-05;100
8;USD/CHF;-0.000320489543414723;101
8;USD/CHF;-0.000689985232740602;102
8;USD/CHF;-0.000894574490175669;103
8;USD/CHF;-0.000939802752279579;104
8;USD/CHF;-0.000876632442976046;105
8;USD/CHF;-0.000615523343302283;106
8;USD/CHF;9.00353403910295E-05;107
8;USD/CHF;0.000501724236188819;108
8;USD/CHF;0.000429979398294133;109
8;USD/CHF;0.000521946796719251;110
8;USD/CHF;-0.00018908060968701;111
8;USD/CHF;-0.000301778070250578;112
8;USD/CHF;-0.000607629588573649;113
8;USD/CHF;8.09398021276412E-05;114
8;USD/CHF;-0.000323806596332953;115
8;USD/CHF;-0.000279446111244983;116
8;USD/CHF;0.000159954049900013;117
8;USD/CHF;-9.0176409125034E-05;118
8;USD/CHF;-0.000468104952127183;119
8;USD/CHF;0.000705404709830777;120
8;USD/CHF;0.000868607769587632;121
8;USD/CHF;0.000629560614725268;122
8;USD/CHF;0.000544947193571144;123
8;USD/CHF;0.000157657665821699;124
8;USD/CHF;-0.00106806030337206;125
8;USD/CHF;-0.00223539176806873;126
8;USD/CHF;-0.00251658051869489;127
8;USD/CHF;-0.00194336440397824;128
8;USD/CHF;-0.00178426226224888;129
8;USD/CHF;-0.000946899773837231;130
8;USD/CHF;0.000596287815937116;131
8;USD/CHF;0.00151058633083716;132
8;USD/CHF;0.00148183179902403;133
8;USD/CHF;0.00150038892121044;134
8;USD/CHF;0.000876996116149586;135
8;USD/CHF;0.000894492241186715;136
8;USD/CHF;0.000380937469002571;137
8;USD/CHF;-0.00126849602463164;138
8;USD/CHF;-0.00156172990371501;139
8;USD/CHF;-0.00190352453250768;140
8;USD/CHF;-0.00189763767798508;141
8;USD/CHF;-0.00232847849168843;142
8;USD/CHF;-0.00124235308121508;143
8;USD/CHF;-0.000473184546493552;144
8;USD/CHF;-0.000136661812897608;145
8;USD/CHF;0.000216033085433872;146
8;USD/CHF;0.000104774054874337;147
8;USD/CHF;0.000301057177874004;148
8;USD/CHF;6.8316899987967E-05;149
8;USD/CHF;-0.000737304881637241;150
8;USD/CHF;-0.00131115115091945;151
8;USD/CHF;-0.00166693355763947;152
8;USD/CHF;-0.00113130876043038;153
8;USD/CHF;-0.000780199460948145;154
8;USD/CHF;0.000285657202845178;155
8;USD/CHF;-0.000698984892664042;156
8;USD/CHF;0.000309741427868844;157
8;USD/CHF;0.000425848709912487;158
8;USD/CHF;-0.000542455456972256;159
8;USD/CHF;-0.000521345732297403;160
8;USD/CHF;0.000495271104344111;161
8;USD/CHF;0.000444271600461051;162
8;USD/CHF;-0.00028837906237945;163
8;USD/CHF;0.000297731569864502;164
8;USD/CHF;0.000283707462862318;165
8;USD/CHF;0.00193716047585935;166
8;USD/CHF;0.00142461297441907;167
8;USD/CHF;0.00230905797241036;168
8;USD/CHF;0.00218728175106185;169
8;USD/CHF;0.00202456204988758;170
8;USD/CHF;0.000439510824813703;171
8;USD/CHF;0.000385745686343248;172
8;USD/CHF;-2.26421075515674E-05;173
8;USD/CHF;0.000140296892067347;174
8;USD/CHF;-0.000648357572218017;175
8;USD/CHF;-0.000743655420174427;176
8;USD/CHF;0.000895685926578121;177
8;USD/CHF;-3.84974666458844E-05;178
8;USD/CHF;0.000122113931565485;179
8;USD/CHF;0.00105082223801815;180
8;USD/CHF;0.00100825508222337;181
8;USD/CHF;-2.25690330537414E-05;182
8;USD/CHF;0.000786592788621156;183
8;USD/CHF;0.000415532946080706;184
8;USD/CHF;0.000343037773107013;185
8;USD/CHF;0.000437967914405733;186
8;USD/CHF;0.0001782259865381;187
8;USD/CHF;-7.89715656219528E-05;188
8;USD/CHF;-0.000553481921738084;189
8;USD/CHF;-0.000593917863864689;190
8;USD/CHF;-0.000865572305822861;191
8;USD/CHF;-0.000974282942343606;192
8;USD/CHF;-0.000660066605731359;193
8;USD/CHF;-0.00019011838563558;194
8;USD/CHF;0.000602937232961365;195
8;USD/CHF;0.000800163812285378;196
8;USD/CHF;0.00101937826276778;197
8;USD/CHF;0.00198939362404153;198
8;USD/CHF;0.0017225547827193;199
8;USD/CHF;0.00138638999796228;200
8;USD/CHF;0.00117633505822729;201
8;USD/CHF;0.00101645203437446;202
8;USD/CHF;-0.000345539486417842;203
8;USD/CHF;-0.000721937192764781;204
8;USD/CHF;-0.00122411086897251;205
8;USD/CHF;-0.00129818721471792;206
8;USD/CHF;-0.00182746391587373;207
8;USD/CHF;-0.00152388559747291;208
8;USD/CHF;-0.00105497033963229;209
8;USD/CHF;-0.00137224522011915;210
8;USD/CHF;-0.001365749586927;211
8;USD/CHF;-0.0010872490955251;212
8;USD/CHF;-0.00180941167091471;213
8;USD/CHF;-0.00156670935493254;214
8;USD/CHF;-0.00145940347829637;215
8;USD/CHF;-0.00118986913682122;216
8;USD/CHF;-0.00040554101200344;217
8;USD/CHF;0.000139241595489301;218
8;USD/CHF;0.000535744120829694;219
8;USD/CHF;0.001177914719754;220
8;USD/CHF;0.00142835782835158;221
8;USD/CHF;0.00080571849684041;222
8;USD/CHF;0.000906122419191433;223
8;USD/CHF;2.27658194233388E-05;224
8;USD/CHF;0.000213422960948356;225
8;USD/CHF;9.30470074370079E-05;226
8;USD/CHF;-0.000238645883548127;227
8;USD/CHF;0.000172562564631082;228
8;USD/CHF;0.000992343746552976;229
8;USD/CHF;0.000281188748881837;230
8;USD/CHF;0.000398930274158594;231
8;USD/CHF;0.000871381972054622;232
8;USD/CHF;0.000176949002593041;233
8;USD/CHF;0.000486422827880548;234
8;USD/CHF;0.00061090166736529;235
8;USD/CHF;0.000291893227960504;236
8;USD/CHF;0.000409416724344965;237
8;USD/CHF;0.000629394105500996;238
8;USD/CHF;-0.000239669917325286;239
8;USD/CHF;-0.00054746211000403;240
8;USD/CHF;-0.000246610550655253;241
8;USD/CHF;-0.000722132771694303;242
8;USD/CHF;-0.000695164555884271;243
8;USD/CHF;-0.000516491769465364;244
8;USD/CHF;-0.000362783098553496;245
8;USD/CHF;-0.000571312365637036;246
8;USD/CHF;-0.000238264104197175;247
8;USD/CHF;-0.000756780385825763;248
8;USD/CHF;-0.000240578324761103;249
8;USD/CHF;-0.000217986147671037;250
8;USD/CHF;-0.000315828404976537;251
8;USD/CHF;0.000827032645338128;252
8;USD/CHF;0.00111711838506802;253
8;USD/CHF;0.000684660435797406;254
8;USD/CHF;-5.90788252154318E-05;255
8;USD/CHF;0.000129572698791712;256
8;USD/CHF;-0.00132034645077094;257
8;USD/CHF;-0.000828158533206244;258
8;USD/CHF;-0.00102787158914794;259
8;USD/CHF;6.58944898854335E-05;260
8;USD/CHF;-0.000252403264716011;261
8;USD/CHF;-0.000230022515178012;262
8;USD/CHF;-0.000468917380361625;263
8;USD/CHF;-0.000396220099986321;264
8;USD/CHF;-0.000566492054837595;265
8;USD/CHF;-0.000983083174812807;266
8;USD/CHF;-0.000760270548673226;267
8;USD/CHF;-0.000776354169885852;268
8;USD/CHF;-0.000872625653342989;269
8;USD/CHF;-0.00045617856351224;270
8;USD/CHF;0.000356384166673859;271
8;USD/CHF;0.00019205269206351;272
8;USD/CHF;0.000944926779984059;273
8;USD/CHF;0.00146666183462157;274
8;USD/CHF;0.00111125312929501;275
8;USD/CHF;0.00222892847739629;276
8;USD/CHF;0.00260189159607024;277
8;USD/CHF;0.00175922966957409;278
8;USD/CHF;0.0017085127348211;279
8;USD/CHF;0.0015788008067438;280
8;USD/CHF;0.000169217155175814;281
8;USD/CHF;0.000623856816191584;282
8;USD/CHF;0.000799672186526949;283
8;USD/CHF;0.000398435653314773;284
8;USD/CHF;0.000405127247156855;285
8;USD/CHF;0.000596756566528724;286
8;USD/CHF;0.000749652985240456;287
8;USD/CHF;3.37186627976689E-05;288
8;USD/CHF;0.000271920847762028;289
8;USD/CHF;0.000193271471543148;290
8;USD/CHF;0.000350467379400818;291
8;USD/CHF;-0.000165848639011371;292
8;USD/CHF;0.000312189488252919;293
8;USD/CHF;0.000219962763177123;294
8;USD/CHF;0.000345624791448264;295
8;USD/CHF;0.000459618270873955;296
8;USD/CHF;-7.17609471174104E-05;297
8;USD/CHF;0.000107693345807287;298
8;USD/CHF;-0.000204243111920786;299
8;USD/CHF;0.000725214273737957;300
8;USD/CHF;6.71727016457157E-05;301
8;USD/CHF;0.00032272168901016;302
8;USD/CHF;0.00069412637827567;303
8;USD/CHF;0.000871627051094658;304
8;USD/CHF;-7.15091796353397E-05;305
8;USD/CHF;0.000545501629273187;306
8;USD/CHF;0.000583609060917694;307
8;USD/CHF;6.25768247366432E-05;308
8;USD/CHF;-1.34153158239459E-05;309
8;USD/CHF;-5.36486686052792E-05;310
8;USD/CHF;-0.000160813007714834;311
8;USD/CHF;0.000443832529493444;312
8;USD/CHF;0.000363898275877874;313
8;USD/CHF;0.000680808027980722;314
8;USD/CHF;0.000827715095816368;315
8;USD/CHF;0.000709283876729334;316
8;USD/CHF;8.46400582838927E-05;317
8;USD/CHF;7.13624663303099E-05;318
8;USD/CHF;0.000109159972189625;319
8;USD/CHF;-0.000300793818012281;320
8;USD/CHF;-0.000845629484584841;321
8;USD/CHF;-0.000579833369636699;322
8;USD/CHF;0.000193888083825737;323
8;USD/CHF;1.55894192463507E-05;324
8;USD/CHF;0.000374252439930751;325
8;USD/CHF;0.000896832476900202;326
8;USD/CHF;0.000214288126393981;327
8;USD/CHF;-0.000249637834706566;328
8;USD/CHF;-0.000120292715892888;329
8;USD/CHF;-0.000688898611640255;330
8;USD/CHF;-0.000356466619931232;331
8;USD/CHF;-0.000153996380882131;332
8;USD/CHF;-0.000515864218512492;333
8;USD/CHF;-0.00127194612202242;334
8;USD/CHF;-0.000877371088550507;335
8;USD/CHF;-0.000679041953201239;336
8;USD/CHF;-0.000565670041659403;337
8;USD/CHF;-0.000272985654697383;338
8;USD/CHF;0.00123406121403074;339
8;USD/CHF;0.00120985469435696;340
8;USD/CHF;0.000732552466106566;341
8;USD/CHF;0.00141896783428743;342
8;USD/CHF;0.00141903115403619;343
8;USD/CHF;0.000578633272188693;344
8;USD/CHF;0.000614419289787132;345
8;USD/CHF;0.000527648985537816;346
8;USD/CHF;0.000104462437572021;347
8;USD/CHF;-0.000295915640169081;348
8;USD/CHF;-0.000378147634674551;349
8;USD/CHF;-0.000775013496950459;350
8;USD/CHF;0.000286617353850546;351
8;USD/CHF;2.44407783581013E-05;352
8;USD/CHF;0.000438155253227552;353
8;USD/CHF;-0.000318643493153271;354
8;USD/CHF;0.000167282834824745;355
8;USD/CHF;-0.000517988140174573;356
8;USD/CHF;-8.2221766592673E-05;357
8;USD/CHF;-0.00023341505508718;358
8;USD/CHF;0.000547841824839835;359
8;USD/CHF;0.000135953602712244;360
8;USD/CHF;-0.000479164922561859;361
8;USD/CHF;-0.00134030373992067;362
8;USD/CHF;-0.00133905160088001;363
8;USD/CHF;-0.00120231679111494;364
8;USD/CHF;-0.000817111334834238;365
8;USD/CHF;-4.68637550054496E-05;366
8;USD/CHF;0.000420229268880547;367
8;USD/CHF;0.000536696954295352;368
8;USD/CHF;0.000201261254069714;369
8;USD/CHF;0.00011182430457043;370
8;USD/CHF;-0.000455820282436705;371
8;USD/CHF;-3.7963164678712E-05;372
8;USD/CHF;-0.000384486538442785;373
8;USD/CHF;-0.000243775644791624;374
8;USD/CHF;-0.000611323385454999;375
8;USD/CHF;-0.000284296051497302;376
8;USD/CHF;-0.000530003049631195;377
8;USD/CHF;-0.000123102408300256;378
8;USD/CHF;-4.4761755742855E-05;379
8;USD/CHF;0.000248785521834392;380
8;USD/CHF;-0.000197229833546058;381
8;USD/CHF;-0.000461821484850119;382
8;USD/CHF;-0.000713245120614558;383
8;USD/CHF;-0.00151210341075389;384
8;USD/CHF;-0.00135525170919882;385
8;USD/CHF;-0.00110629202994735;386
8;USD/CHF;-0.000893034365136504;387
8;USD/CHF;-0.000594066526633445;388
8;USD/CHF;0.000270456097739628;389
8;USD/CHF;0.000407765709841432;390
8;USD/CHF;0.000497689156220583;391
8;USD/CHF;0.000389646344746781;392
8;USD/CHF;0.0013274608634045;393
8;USD/CHF;0.00120583069400732;394
8;USD/CHF;0.00133014559950076;395
8;USD/CHF;0.00107670654051977;396
8;USD/CHF;0.00135222774091666;397
8;USD/CHF;0.000353400452062207;398
8;USD/CHF;1.11933824751628E-05;399
8;USD/CHF;-0.000297560839509897;400
8;USD/CHF;9.61726653326883E-05;401
8;USD/CHF;-0.000537105326830753;402
8;USD/CHF;-0.000530335126558292;403
8;USD/CHF;-0.000141082421494795;404
8;USD/CHF;-0.000318185959377198;405
8;USD/CHF;-0.000822313379402033;406
8;USD/CHF;-0.000293779662051394;407
8;USD/CHF;1.34435706174375E-05;408
8;USD/CHF;-2.01627582824015E-05;409
8;USD/CHF;0.000118818765649831;410
8;USD/CHF;0.00041718081740595;411
8;USD/CHF;0.000296020596072697;412
8;USD/CHF;-0.000540695492789493;413
8;USD/CHF;-0.000190526371488693;414
8;USD/CHF;-0.000152459538345532;415
8;USD/CHF;-0.000190539184221212;416
8;USD/CHF;0.00063317743243851;417
8;USD/CHF;0.00117822644114862;418
8;USD/CHF;0.00108692273288371;419
8;USD/CHF;0.00149045140554421;420
8;USD/CHF;0.00138343895658253;421
8;USD/CHF;0.000481927944030668;422
8;USD/CHF;0.000410521997729903;423
8;USD/CHF;0.000256331705981022;424
8;USD/CHF;-0.000204920332880849;425
8;USD/CHF;0.00020702668151652;426
8;USD/CHF;0.000100255654011767;427
8;USD/CHF;0.000218304154973512;428
8;USD/CHF;2.00468874591011E-05;429
8;USD/CHF;0.000187109506112841;430
8;USD/CHF;0.000211257837571681;431
8;USD/CHF;0.000955472442073315;432
8;USD/CHF;0.000844239328724951;433
8;USD/CHF;0.00112829012815057;434
8;USD/CHF;0.000926282372092531;435
8;USD/CHF;0.000528278740957946;436
8;USD/CHF;-0.00012639352044096;437
8;USD/CHF;7.53637974538385E-05;438
8;USD/CHF;-0.000110770187928586;439
8;USD/CHF;-1.10811304997914E-05;440
8;USD/CHF;0.000515832230997638;441
8;USD/CHF;0.000695283186422806;442
8;USD/CHF;0.000509069452920703;443
8;USD/CHF;0.000265745454989726;444
8;USD/CHF;0.000352079629899671;445
8;USD/CHF;-3.75908677410702E-05;446
8;USD/CHF;0.000454831676545233;447
8;USD/CHF;0.000461468180730338;448
8;USD/CHF;0.000852427724471663;449
8;USD/CHF;0.00125490434809711;450
8;USD/CHF;0.000981675558903611;451
8;USD/CHF;0.000304115534328247;452
8;USD/CHF;0.000392182909284435;453
8;USD/CHF;0.000224647360336797;454
8;USD/CHF;-5.27721893625274E-05;455
8;USD/CHF;-0.000886606438547963;456
8;USD/CHF;-0.000480626368105103;457
8;USD/CHF;-0.000630511986046628;458
8;USD/CHF;-0.000389990373815792;459
8;USD/CHF;-0.000607883120189094;460
8;USD/CHF;0.000620155535649653;461
8;USD/CHF;0.000905173246909124;462
8;USD/CHF;0.000775732904238282;463
8;USD/CHF;0.000497819544217608;464
8;USD/CHF;0.000629873224664204;465
8;USD/CHF;4.18628991585586E-05;466
8;USD/CHF;-0.000351892059944809;467
8;USD/CHF;-0.000143019814338083;468
8;USD/CHF;-1.98009999666598E-05;469
8;USD/CHF;-0.000612227398442113;470
8;USD/CHF;-0.000626655411177581;471
8;USD/CHF;-0.000601848988958061;472
8;USD/CHF;-0.000581934017228613;473
8;USD/CHF;-0.000588323208522;474
8;USD/CHF;1.10278508400748E-05;475
8;USD/CHF;0.000606826709115161;476
8;USD/CHF;0.00052038573161333;477
8;USD/CHF;0.000359500105066327;478
8;USD/CHF;0.000608124208488643;479
8;USD/CHF;0.000233647461410795;480
8;USD/CHF;-6.39058606009431E-05;481
8;USD/CHF;-0.000171842136126699;482
8;USD/CHF;-0.000445611355506518;483
8;USD/CHF;-0.000500025041419441;484
8;USD/CHF;-0.000529404288468789;485
8;USD/CHF;-0.00107180800481368;486
8;USD/CHF;-0.000861432411738158;487
8;USD/CHF;-0.000291728876521537;488
8;USD/CHF;-6.39700008211135E-05;489
8;USD/CHF;0.000286934595031846;490
8;USD/CHF;0.000990243283731225;491
8;USD/CHF;0.00118956669003162;492
8;USD/CHF;0.00109619529475714;493
8;USD/CHF;0.000928862384512698;494
8;USD/CHF;0.00104712281078899;495
8;USD/CHF;0.00141275023453727;496
8;USD/CHF;0.000713866781717363;497
8;USD/CHF;0.000428460945973028;498
8;USD/CHF;0.000197541719308085;499
8;USD/CHF;-0.000147058023208072;500
8;USD/CHF;0.000151010298853919;501
8;USD/CHF;0.000990788586145727;502
8;USD/CHF;0.00121882882039531;503
8;USD/CHF;0.000617703599248996;504
8;USD/CHF;0.00115816703235225;505
8;USD/CHF;0.000330074560271101;506
8;USD/CHF;1.30901474870266E-05;507
8;USD/CHF;0.000161369468493757;508
8;USD/CHF;0.000303770416748322;509
8;USD/CHF;-0.000292739459575892;510
8;USD/CHF;-0.000163876227998;511
8;USD/CHF;-0.000627107029030618;512
8;USD/CHF;-0.000532576981736847;513
8;USD/CHF;-0.000168218694206568;514
8;USD/CHF;0.000201031395301907;515
8;USD/CHF;0.000519571536779267;516
8;USD/CHF;0.00110431201222359;517
8;USD/CHF;0.000737372258839024;518
8;USD/CHF;0.000937597112023831;519
8;USD/CHF;0.000793409645951991;520
8;USD/CHF;0.000585626455927372;521
8;USD/CHF;0.000150116673804951;522
8;USD/CHF;0.000182831285586261;523
8;USD/CHF;0.000113086503311954;524
8;USD/CHF;-0.000171928823354028;525
8;USD/CHF;-0.000472286072113981;526
8;USD/CHF;-0.000263322580950747;527
8;USD/CHF;0.00289421897262181;528
8;USD/CHF;0.00278299528507644;529
8;USD/CHF;0.00293935417359943;530
8;USD/CHF;0.00275911216677776;531
8;USD/CHF;0.00276385492910051;532
8;USD/CHF;-0.000186642223646499;533
8;USD/CHF;-0.000242428172801419;534
8;USD/CHF;0.000841403363771067;535
8;USD/CHF;0.00128321607307764;536
8;USD/CHF;0.000778123519753237;537
8;USD/CHF;0.000124447500045857;538
8;USD/CHF;0.000424592186573672;539
8;USD/CHF;0.000443894501227148;540
8;USD/CHF;5.76476557942803E-05;541
8;USD/CHF;0.000128324408495925;542
8;USD/CHF;0.000541944798364658;543
8;USD/CHF;0.000513451637837704;544
8;USD/CHF;-0.000548609342673612;545
8;USD/CHF;-0.000675734113005468;546
8;USD/CHF;-0.000365941840316008;547
8;USD/CHF;0.00012830931537979;548
8;USD/CHF;-0.000354996778475373;549
8;USD/CHF;-1.71015081496818E-05;550
8;USD/CHF;9.63674831932402E-05;551
8;USD/CHF;-0.000467495360987718;552
8;USD/CHF;-0.000610203713850921;553
8;USD/CHF;-9.84842016988302E-05;554
8;USD/CHF;-0.000196772519054267;555
8;USD/CHF;0.00173733406137284;556
8;USD/CHF;0.00105353562673497;557
8;USD/CHF;0.000402729268606953;558
8;USD/CHF;6.85158824373517E-05;559
8;USD/CHF;0.000363449879813458;560
8;USD/CHF;-0.000393042219179378;561
8;USD/CHF;0.000816305915430191;562
8;USD/CHF;0.000962828427998145;563
8;USD/CHF;0.00143768883415172;564
8;USD/CHF;0.000767485192404141;565
8;USD/CHF;-0.000227680187156527;566
8;USD/CHF;-0.000366179594111343;567
8;USD/CHF;9.5815525011964E-05;568
8;USD/CHF;-0.000368036269259263;569
8;USD/CHF;0.000978526417745014;570
8;USD/CHF;0.00138758313973934;571
8;USD/CHF;0.00241459295928468;572
8;USD/CHF;0.00151627533452627;573
8;USD/CHF;0.00153784092877394;574
8;USD/CHF;0.00049909089893435;575
8;USD/CHF;0.00113849899475382;576
8;USD/CHF;0.000395410840641034;577
8;USD/CHF;0.00117119539292518;578
8;USD/CHF;0.000727668522210464;579
8;USD/CHF;0.000864114311187172;580
8;USD/CHF;-2.10235305869931E-06;581
8;USD/CHF;0.000736154689376917;582
8;USD/CHF;0.000576753072418784;583
8;USD/CHF;0.00146625300782099;584
8;USD/CHF;0.00118052585590321;585
8;USD/CHF;0.00102123955174429;586
8;USD/CHF;0.000163222609111732;587
8;USD/CHF;-0.000383617757735436;588
8;USD/CHF;-0.000594434939912075;589
8;USD/CHF;-0.000177786155891743;590
8;USD/CHF;0.00224218994085542;591
8;USD/CHF;0.00241388872270332;592
8;USD/CHF;0.00279625753634712;593
8;USD/CHF;0.00177179761689744;594
8;USD/CHF;0.000708113223072893;595
8;USD/CHF;-0.0016094201075557;596
8;USD/CHF;-0.00147064824314785;597
8;USD/CHF;-0.00196705853463868;598
8;USD/CHF;-0.00103320648064614;599
8;USD/CHF;-0.000586783191215846;600
8;USD/CHF;-0.00159094840455392;601
8;USD/CHF;-0.00275450066575836;602
8;USD/CHF;-0.000535654823039947;603
8;USD/CHF;-0.00071134246589191;604
8;USD/CHF;-0.000129700334026203;605
8;USD/CHF;0.00109199979945645;606
8;USD/CHF;0.00184054245688611;607
8;USD/CHF;-0.00012155889168787;608
8;USD/CHF;-0.000438525346298616;609
8;USD/CHF;-0.00121952237307129;610
8;USD/CHF;-0.00116767536240802;611
8;USD/CHF;-0.000546611508078941;612
8;USD/CHF;0.000186499738479612;613
8;USD/CHF;0.00056842949417924;614
8;USD/CHF;-0.00119311306687058;615
8;USD/CHF;-0.0020413947014248;616
8;USD/CHF;-0.0022820992968661;617
8;USD/CHF;-0.00261210132449566;618
8;USD/CHF;-0.00254423371468674;619
8;USD/CHF;4.23598682623367E-06;620
8;USD/CHF;0.00109091372137224;621
8;USD/CHF;0.000886825553896642;622
8;USD/CHF;0.000423962510903072;623
8;USD/CHF;0.000228976099131279;624
8;USD/CHF;-0.000243715095457962;625
8;USD/CHF;-0.00128429725740031;626
8;USD/CHF;0.000232167946796687;627
8;USD/CHF;0.00106652276749018;628
8;USD/CHF;0.00109882258925907;629
8;USD/CHF;0.00209260328420342;630
8;USD/CHF;0.00283728634255223;631
8;USD/CHF;0.00128470418978813;632
8;USD/CHF;0.000840752449326255;633
8;USD/CHF;0.00100896721497136;634
8;USD/CHF;0.000224411598567962;635
8;USD/CHF;-0.000562564656480513;636
8;USD/CHF;-0.000526760675758468;637
8;USD/CHF;-0.000619712592291009;638
8;USD/CHF;-0.00113755543671504;639
8;USD/CHF;-0.00106135608443928;640
8;USD/CHF;-0.000606316253834943;641
8;USD/CHF;-0.00114856245230259;642
8;USD/CHF;-0.000807451566620437;643
8;USD/CHF;-0.000394712668681703;644
8;USD/CHF;-0.000831997145443994;645
8;USD/CHF;0.00132184298632163;646
8;USD/CHF;0.00246600334711973;647
8;USD/CHF;0.00177713517128672;648
8;USD/CHF;0.00200556675560021;649
8;USD/CHF;0.00304082968938963;650
8;USD/CHF;0.00156271169918372;651
8;USD/CHF;0.00133577958992342;652
8;USD/CHF;0.00201659972732999;653
8;USD/CHF;0.00202500182063246;654
8;USD/CHF;0.00110569860439936;655
8;USD/CHF;0.000307347321356293;656
8;USD/CHF;-0.00123142595396245;657
8;USD/CHF;-0.00112036959527688;658
8;USD/CHF;-0.0008528709081743;659
8;USD/CHF;-0.000178327055317847;660
8;USD/CHF;0.000147276175400454;661
8;USD/CHF;0.000843263738120528;662
8;USD/CHF;0.00185486204395757;663
8;USD/CHF;0.00230740776896453;664
8;USD/CHF;0.00166714974376473;665
8;USD/CHF;0.000988708421525747;666
8;USD/CHF;0.000564350852705983;667
8;USD/CHF;-0.000912832447018436;668
8;USD/CHF;-0.00136137735450737;669
8;USD/CHF;-0.000872125871030017;670
8;USD/CHF;-5.98453312209568E-05;671
8;USD/CHF;0.000560696789431994;672
8;USD/CHF;9.12635874128775E-05;673
8;USD/CHF;-0.000777658364664914;674
8;USD/CHF;-0.000940291274891868;675
8;USD/CHF;-0.000398737807103844;676
8;USD/CHF;-0.000515120298417364;677
8;USD/CHF;-0.000184644442921541;678
8;USD/CHF;0.000238803519055464;679
8;USD/CHF;0.000406483128816367;680
8;USD/CHF;-0.000895403234580793;681
8;USD/CHF;-0.00129884755556612;682
8;USD/CHF;-0.0010279910260897;683
8;USD/CHF;0.000130702009267716;684
8;USD/CHF;-0.000103616207892153;685
8;USD/CHF;-0.000203682937336732;686
8;USD/CHF;-0.000135565652855319;687
8;USD/CHF;-2.0864194973925E-05;688
8;USD/CHF;-0.00126078373643857;689
8;USD/CHF;-0.00132061727133312;690
8;USD/CHF;-0.000802197217643802;691
8;USD/CHF;-0.000139833145106787;692
8;USD/CHF;-0.00013984627915994;693
8;USD/CHF;3.75637802788211E-05;694
8;USD/CHF;-9.18311991756448E-05;695
8;USD/CHF;0.0021740811585412;696
8;USD/CHF;0.0028482478016568;697
8;USD/CHF;0.00253332086749603;698
8;USD/CHF;0.00178240598042752;699
8;USD/CHF;0.00187416312691988;700
8;USD/CHF;-6.19581885539988E-06;701
8;USD/CHF;-0.00167211056191378;702
8;USD/CHF;-0.00135292199816981;703
8;USD/CHF;-0.000530152729248852;704
8;USD/CHF;-0.00153418129560373;705
8;USD/CHF;-0.00146968795798573;706
8;USD/CHF;-0.000606980739030835;707
8;USD/CHF;-9.96584642074228E-05;708
8;USD/CHF;3.31757486039204E-05;709
8;USD/CHF;0.00141626591198854;710
8;USD/CHF;0.000465498282688999;711
8;USD/CHF;0.00146441782231681;712
8;USD/CHF;0.0010976521287019;713
8;USD/CHF;-0.00015140909696193;714
8;USD/CHF;-0.000391480760684185;715
8;USD/CHF;0.000514112454908391;716
8;USD/CHF;0.000678781528085895;717
8;USD/CHF;0.000740096397272091;718
8;USD/CHF;0.00175386263713644;719
8;USD/CHF;0.00243990909064222;720
8;USD/CHF;0.0023157102582021;721
8;USD/CHF;0.0014774904824687;722
8;USD/CHF;-0.00107496635168543;723
8;USD/CHF;-0.000339654766038311;724
8;USD/CHF;-0.00109880794163745;725
8;USD/CHF;9.00274189609132E-05;726
8;USD/CHF;3.67977758826654E-05;727
8;USD/CHF;0.00275115414925414;728
8;USD/CHF;0.00152290208965123;729
8;USD/CHF;0.00106603381673564;730
8;USD/CHF;-0.000867173363039986;731
8;USD/CHF;-0.00226334894008999;732
8;USD/CHF;-0.00197272210777601;733
8;USD/CHF;-0.00163418722977415;734
8;USD/CHF;-0.00154440921878205;735
8;USD/CHF;-0.00195721731673361;736
8;USD/CHF;-0.000809990283102932;737
8;USD/CHF;-7.42023258573331E-05;738
8;USD/CHF;-0.000200056733791342;739
8;USD/CHF;-3.92280337172997E-05;740
8;USD/CHF;-8.09300744082192E-05;741
8;USD/CHF;6.01887648723967E-05;742
8;USD/CHF;-0.00121381051951962;743
8;USD/CHF;-0.000477231048109216;744
8;USD/CHF;-0.000647340113346354;745
8;USD/CHF;0.000128642720041464;746
8;USD/CHF;-0.000798454057810815;747
8;USD/CHF;-0.000929281791606918;748
8;USD/CHF;-0.000683740099052139;749
8;USD/CHF;0.000701018641225368;750
8;USD/CHF;0.00189306794734122;751
8;USD/CHF;0.00400774505836649;752
8;USD/CHF;0.00424918441923886;753
8;USD/CHF;0.00334250125955993;754
8;USD/CHF;0.00227628546926914;755
8;USD/CHF;0.00157179774029237;756
8;USD/CHF;0.00103065713370487;757
8;USD/CHF;0.000163130482836163;758
8;USD/CHF;0.000240703372382597;759
8;USD/CHF;0.000900058536229888;760
8;USD/CHF;0.000671605971385477;761
8;USD/CHF;0.000584255946145005;762
8;USD/CHF;0.00128609966990233;763
8;USD/CHF;0.00108567745150682;764
8;USD/CHF;0.00042418692296444;765
8;USD/CHF;0.000349157138302079;766
8;USD/CHF;-0.000860749001617193;767
8;USD/CHF;-0.000529285925419514;768
8;USD/CHF;-0.000332802414525841;769
8;USD/CHF;0.000334250066403987;770
8;USD/CHF;0.000451780724012059;771
8;USD/CHF;0.000881005037933333;772
8;USD/CHF;0.000525235415561475;773
8;USD/CHF;0.00101291682704497;774
8;USD/CHF;0.000165904594144933;775
8;USD/CHF;1.01179244111413E-05;776
8;USD/CHF;0.000248981586266322;777
8;USD/CHF;0.000390496692034244;778
8;USD/CHF;0.000762374365105113;779
8;USD/CHF;0.00113135362965638;780
8;USD/CHF;0.00178486277261933;781
8;USD/CHF;0.00207889737098871;782
8;USD/CHF;0.00328183500283486;783
8;USD/CHF;0.00230367257687927;784
8;USD/CHF;0.00237091344886176;785
8;USD/CHF;0.00183069010268688;786
8;USD/CHF;0.00138462705386458;787
8;USD/CHF;0.000369505940714509;788
8;USD/CHF;0.0012932703994378;789
8;USD/CHF;0.00075572461373523;790
8;USD/CHF;0.00219970299308253;791
8;USD/CHF;0.00176373048217886;792
8;USD/CHF;0.0016465065394031;793
8;USD/CHF;0.00138512486250717;794
8;USD/CHF;0.00162472672905951;795
8;USD/CHF;0.00015718173964358;796
8;USD/CHF;3.94154686020297E-06;797
8;USD/CHF;-0.000830453750367841;798
8;USD/CHF;-0.00109469563815665;799
8;USD/CHF;-0.000436432437717771;800
8;USD/CHF;-0.000664936086205929;801
8;USD/CHF;-0.00028991085881597;802
8;USD/CHF;0.00147703886330628;803
8;USD/CHF;0.00130664114090347;804
8;USD/CHF;0.000287130319927345;805
8;USD/CHF;0.000774889849492122;806
8;USD/CHF;0.0011178820888674;807
8;USD/CHF;6.27783341430187E-05;808
8;USD/CHF;-0.0230042504515944;809
8;USD/CHF;-0.0350835976011994;810
8;USD/CHF;-0.0311451054258046;811
8;USD/CHF;-0.0355709657960003;812
8;USD/CHF;-0.0344649621936403;813
8;USD/CHF;-0.00994296118733014;814
8;USD/CHF;0.00485881956051113;815
8;USD/CHF;0.00182203440647403;816
8;USD/CHF;0.00563834359594531;817
8;USD/CHF;0.00442734064028129;818
8;USD/CHF;0.00221708302903856;819
8;USD/CHF;0.000395060729152424;820
8;USD/CHF;-0.00430771392227821;821
8;USD/CHF;-0.00390846932127497;822
8;USD/CHF;-0.00426893586122164;823
8;USD/CHF;-0.00118367973339562;824
8;USD/CHF;-0.00113704914502957;825
8;USD/CHF;0.00243291784341204;826
8;USD/CHF;0.00402240996128492;827
8;USD/CHF;0.00504469937316247;828
8;USD/CHF;0.00171360238238761;829
8;USD/CHF;0.0058958776318539;830
8;USD/CHF;0.00664949312456716;831
8;USD/CHF;0.00558923989299751;832
8;USD/CHF;0.00487848211774545;833
8;USD/CHF;0.00506110937141343;834
8;USD/CHF;0.00215367948288012;835
8;USD/CHF;0.000786290777152497;836
8;USD/CHF;0.000937121838304131;837
8;USD/CHF;0.00179780952802083;838
8;USD/CHF;0.00421883679861674;839
8;USD/CHF;0.00325270845008671;840
8;USD/CHF;0.00508754468494137;841
8;USD/CHF;0.00281574523288995;842
8;USD/CHF;0.00232518870527838;843
8;USD/CHF;0.00239199755757019;844
8;USD/CHF;0.0003098239714816;845
8;USD/CHF;-0.000226406574874522;846
8;USD/CHF;0.00140609922431323;847
8;USD/CHF;0.000589542556382292;848
8;USD/CHF;-0.000990127729370161;849
8;USD/CHF;-5.41304221688048E-05;850
8;USD/CHF;-0.000317400406688202;851
8;USD/CHF;-6.04601453489137E-05;852
8;USD/CHF;-0.000372596912530466;853
8;USD/CHF;4.75691105737448E-05;854
8;USD/CHF;-0.000333766874167641;855
8;USD/CHF;-0.000486794591345223;856
8;USD/CHF;-0.000278784845966028;857
8;USD/CHF;0.000811456702186646;858
8;USD/CHF;0.000276541546889718;859
8;USD/CHF;0.000638870933770511;860
8;USD/CHF;0.000318173276703489;861
8;USD/CHF;-0.000472009832491314;862
8;USD/CHF;-0.000105843537644383;863
8;USD/CHF;3.02235463589405E-05;864
8;USD/CHF;0.000447077177361926;865
8;USD/CHF;0.000345736721216636;866
8;USD/CHF;0.00127058640742085;867
8;USD/CHF;0.0004014765318884;868
8;USD/CHF;0.00034724290377763;869
8;USD/CHF;0.000697772790439133;870
8;USD/CHF;0.00050241259810376;871
8;USD/CHF;0.000314238735372784;872
8;USD/CHF;0.000877845527450143;873
8;USD/CHF;0.000107716836590609;874
8;USD/CHF;-0.000225863548658849;875
8;USD/CHF;0.0010117685063153;876
8;USD/CHF;0.000639863125631061;877
8;USD/CHF;0.000598080800684807;878
8;USD/CHF;0.00160882930255254;879
8;USD/CHF;0.00203643106511607;880
8;USD/CHF;0.00206769760682476;881
8;USD/CHF;0.00190527414176728;882
8;USD/CHF;0.00178782854201872;883
8;USD/CHF;0.00239345778387486;884
8;USD/CHF;0.00224777405570786;885
8;USD/CHF;0.00166203895132978;886
8;USD/CHF;0.000445425034576653;887
8;USD/CHF;-0.000482140340862176;888
8;USD/CHF;2.95530107667289E-05;889
8;USD/CHF;-0.0003732308207751;890
8;USD/CHF;6.09810595451803E-05;891
8;USD/CHF;0.00113031056836113;892
8;USD/CHF;0.00179521496623405;893
8;USD/CHF;0.000514366706350098;894
8;USD/CHF;-0.000116117662118704;895
8;USD/CHF;-0.000437793527928363;896
8;USD/CHF;-0.000111690052478356;897
8;USD/CHF;-2.10763702470639E-05;898
8;USD/CHF;0.000704052175361088;899
8;USD/CHF;0.0011959441034651;900
8;USD/CHF;-0.000265668691217569;901
8;USD/CHF;-0.000143391856002623;902
8;USD/CHF;0.00112657408305971;903
8;USD/CHF;0.000398214454696103;904
8;USD/CHF;0.000804492830316779;905
8;USD/CHF;0.00223240956542602;906
8;USD/CHF;0.00216311319561414;907
8;USD/CHF;0.00118694710396292;908
8;USD/CHF;0.00117325653261378;909
8;USD/CHF;0.000801269747154766;910
8;USD/CHF;0.000674874101589537;911
8;USD/CHF;0.00105520274327939;912
8;USD/CHF;0.00130211091731203;913
8;USD/CHF;0.00220875491183259;914
8;USD/CHF;0.00276710821848416;915
8;USD/CHF;0.00230934407804734;916
8;USD/CHF;0.00415177270906884;917
8;USD/CHF;0.00375671064504511;918
8;USD/CHF;0.00260570018688377;919
8;USD/CHF;0.00275163056305651;920
8;USD/CHF;0.00289172482248184;921
8;USD/CHF;0.0012788143138019;922
8;USD/CHF;0.00306423629121734;923
8;USD/CHF;0.00282679523828342;924
8;USD/CHF;0.00253434218528418;925
8;USD/CHF;0.00404536341643754;926
8;USD/CHF;0.00381386989578706;927
8;USD/CHF;0.000112001122938238;928
8;USD/CHF;0.00104111220206418;929
8;USD/CHF;0.000571263459028658;930
8;USD/CHF;-0.000628399789141675;931
8;USD/CHF;-0.000850110026309135;932
8;USD/CHF;0.00120404234912612;933
8;USD/CHF;0.000119550493716726;934
8;USD/CHF;0.00092731871019094;935
8;USD/CHF;0.000687955503952602;936
8;USD/CHF;-0.000141373016584064;937
8;USD/CHF;-0.000435727852495384;938
8;USD/CHF;0.000320441122820304;939
8;USD/CHF;-0.000622381357585692;940
8;USD/CHF;-0.0024584539500865;941
8;USD/CHF;-0.00463459453449102;942
8;USD/CHF;-0.00238640731850159;943
8;USD/CHF;-0.00270699190101511;944
8;USD/CHF;-0.00290473606686039;945
8;USD/CHF;-0.00120122902221719;946
8;USD/CHF;-0.000896940367426002;947
8;USD/CHF;-0.00296479218635186;948
8;USD/CHF;-0.00263380629948635;949
8;USD/CHF;-0.00468170857808387;950
8;USD/CHF;-0.00463410676523038;951
8;USD/CHF;-0.00257618664342586;952
8;USD/CHF;-0.00391278205586802;953
8;USD/CHF;-0.00406067614704527;954
8;USD/CHF;-0.00174724405449758;955
8;USD/CHF;-0.00190627109005721;956
8;USD/CHF;-0.000802279046417975;957
8;USD/CHF;-0.000836235238360115;958
8;USD/CHF;0.00032282762290332;959
8;USD/CHF;0.000990801743280791;960
8;USD/CHF;0.00230724264998316;961
8;USD/CHF;-0.000358531368488592;962
8;USD/CHF;0.00140080424428019;963
8;USD/CHF;0.000930156979304521;964
8;USD/CHF;0.000981785130030086;965
8;USD/CHF;-0.000252063545105433;966
8;USD/CHF;0.00297378613657097;967
8;USD/CHF;0.00205106652543164;968
8;USD/CHF;0.00135014292814788;969
8;USD/CHF;0.000711572034068861;970
8;USD/CHF;-5.37595503976042E-05;971
8;USD/CHF;-0.00142132054306495;972
8;USD/CHF;-0.00151505698025605;973
8;USD/CHF;-0.00295988488918786;974
8;USD/CHF;-0.00236515130762397;975
8;USD/CHF;-0.00155492559700151;976
8;USD/CHF;-0.00321803325994132;977
8;USD/CHF;-0.00238983886806247;978
8;USD/CHF;-0.00120851351331306;979
8;USD/CHF;-0.0015728514598218;980
8;USD/CHF;-0.000365049252608264;981
8;USD/CHF;0.00131893265306291;982
8;USD/CHF;0.00240436176497182;983
8;USD/CHF;0.0028534665597221;984
8;USD/CHF;0.00209716905530092;985
8;USD/CHF;0.00119072752733708;986
8;USD/CHF;0.00193222141510179;987
8;USD/CHF;0.00144287048823994;988
8;USD/CHF;0.00197429680043285;989
8;USD/CHF;0.00299048633731566;990
8;USD/CHF;0.00315670853555011;991
8;USD/CHF;0.00296475219523435;992
8;USD/CHF;0.00169004112929449;993
8;USD/CHF;0.0015891255629695;994
8;USD/CHF;0.000196421462554643;995
8;USD/CHF;-0.000327148260850223;996
8;USD/CHF;-0.000813341538631397;997
8;USD/CHF;-0.00162208221289425;998
8;USD/CHF;-0.00207984777615116;999
8;USD/CHF;-0.000694477151669904;1000
8;USD/CHF;-0.00104431379913047;1001
8;USD/CHF;-0.0024227487989588;1002
8;USD/CHF;-0.00103630383688929;1003
8;USD/CHF;-0.00297614985465767;1004
8;USD/CHF;-0.00374307307012787;1005
8;USD/CHF;-0.00353840936162307;1006
8;USD/CHF;-0.00250701985362335;1007
8;USD/CHF;-0.00310368317560662;1008
8;USD/CHF;-0.00172887280780689;1009
8;USD/CHF;-0.000456344004898645;1010
8;USD/CHF;2.72172934915234E-05;1011
8;USD/CHF;0.00151381233528537;1012
8;USD/CHF;0.000285678324420096;1013
8;USD/CHF;0.000982575984293095;1014
8;USD/CHF;-1.25746620600948E-05;1015
8;USD/CHF;0.00230210582356595;1016
8;USD/CHF;0.0019588186117856;1017
8;USD/CHF;0.00353696932603231;1018
8;USD/CHF;3.97891178075468E-05;1019
8;USD/CHF;0.000322499651048335;1020
8;USD/CHF;-0.00278628889670372;1021
8;USD/CHF;-0.00340757767101257;1022
8;USD/CHF;-0.00336282182469396;1023
8;USD/CHF;0.000127690532735543;1024
8;USD/CHF;-0.00051750808016743;1025
8;USD/CHF;0.000444402702525808;1026
8;USD/CHF;0.000498737698333496;1027
8;USD/CHF;5.24243650479363E-05;1028
8;USD/CHF;6.90445187078936E-05;1029
8;USD/CHF;0.000224348077515079;1030
8;USD/CHF;-0.00408904918357438;1031
8;USD/CHF;-0.00321958069167813;1032
8;USD/CHF;-0.00412665305981181;1033
8;USD/CHF;-0.00317547312133335;1034
8;USD/CHF;-0.00441548034718999;1035
8;USD/CHF;-0.000747264204707295;1036
8;USD/CHF;-0.00134444962579784;1037
8;USD/CHF;-0.000239869813727001;1038
8;USD/CHF;-0.000715404295108697;1039
8;USD/CHF;0.000453655651747804;1040
8;USD/CHF;0.000280819137546791;1041
8;USD/CHF;0.00112100137072214;1042
8;USD/CHF;-0.00148414907322017;1043
8;USD/CHF;-0.00218110282783027;1044
8;USD/CHF;-0.00255772540843804;1045
8;USD/CHF;-0.00400058773800308;1046
8;USD/CHF;-0.00491680516514281;1047
8;USD/CHF;-0.00302367004619961;1048
8;USD/CHF;-0.0016912641725082;1049
8;USD/CHF;-0.000452991507709109;1050
8;USD/CHF;0.00171691684852163;1051
8;USD/CHF;0.00238835357202745;1052
8;USD/CHF;0.00413244564679421;1053
8;USD/CHF;0.00256699108442476;1054
8;USD/CHF;0.00273051345546855;1055
8;USD/CHF;0.00247637182185955;1056
8;USD/CHF;0.000168125198502418;1057
8;USD/CHF;-0.00101164683292248;1058
8;USD/CHF;-0.000673129771902394;1059
8;USD/CHF;-0.00168519794184589;1060
8;USD/CHF;-0.00397049852874017;1061
8;USD/CHF;-0.00242994757528018;1062
8;USD/CHF;-0.00263917682933872;1063
8;USD/CHF;-0.00299073427462733;1064
8;USD/CHF;-0.00305163474507306;1065
8;USD/CHF;-0.000332091707373881;1066
8;USD/CHF;9.37559636694572E-05;1067
8;USD/CHF;0.000144260724716733;1068
8;USD/CHF;0.00112949069861497;1069
8;USD/CHF;0.00229253847650035;1070
8;USD/CHF;0.00249030793012;1071
8;USD/CHF;0.00299439827151151;1072
8;USD/CHF;0.00463271132699859;1073
8;USD/CHF;0.00373947350339228;1074
8;USD/CHF;0.0034200985942011;1075
8;USD/CHF;0.00287947513949984;1076
8;USD/CHF;0.00102172726667475;1077
8;USD/CHF;-0.000421028040569058;1078
8;USD/CHF;-0.000534228304778721;1079
8;USD/CHF;-0.00024936994699864;1080
8;USD/CHF;-0.00129845624257146;1081
8;USD/CHF;0.00144334254238085;1082
8;USD/CHF;0.00180183317635844;1083
8;USD/CHF;0.00180210184966884;1084
8;USD/CHF;0.00140900279393259;1085
8;USD/CHF;0.00262025959092638;1086
8;USD/CHF;0.00138666320257076;1087
8;USD/CHF;0.00151027009966871;1088
8;USD/CHF;0.00183644389427883;1089
8;USD/CHF;0.000674415679149099;1090
8;USD/CHF;0.00106717536760758;1091
8;USD/CHF;8.21368221435742E-05;1092
8;USD/CHF;-0.00108243526708453;1093
8;USD/CHF;-0.00128162327270724;1094
8;USD/CHF;-0.00099444796259977;1095
8;USD/CHF;-0.00140581053745336;1096
8;USD/CHF;-0.0019593893492543;1097
8;USD/CHF;-0.00080347360832525;1098
8;USD/CHF;0.000164878728357173;1099
8;USD/CHF;0.000833978369311716;1100
8;USD/CHF;0.000385152698706079;1101
8;USD/CHF;0.000768268522542061;1102
8;USD/CHF;-0.00149894890845433;1103
8;USD/CHF;-0.00278945143144765;1104
8;USD/CHF;-0.00272645460847544;1105
8;USD/CHF;-0.00259822674530175;1106
8;USD/CHF;-0.0020631580367992;1107
8;USD/CHF;0.000256662566772712;1108
8;USD/CHF;0.000182041121733808;1109
8;USD/CHF;0.000192622570990842;1110
8;USD/CHF;-0.000572688324639736;1111
8;USD/CHF;0.00191906733818967;1112
8;USD/CHF;0.00105951759516705;1113
8;USD/CHF;0.000679582219675017;1114
8;USD/CHF;-0.000353283216167746;1115
8;USD/CHF;-0.000796333617764054;1116
8;USD/CHF;-0.00360620626864935;1117
8;USD/CHF;-0.00236119646047559;1118
8;USD/CHF;-0.00150974821112163;1119
8;USD/CHF;-0.00186234115083849;1120
8;USD/CHF;0.000409324112026331;1121
8;USD/CHF;0.00117927153873754;1122
8;USD/CHF;0.000794452765583759;1123
8;USD/CHF;0.00129629190670647;1124
8;USD/CHF;0.00198231330375848;1125
8;USD/CHF;0.00108816648844319;1126
8;USD/CHF;-0.00128937576271989;1127
8;USD/CHF;-0.000809513411585032;1128
8;USD/CHF;-0.00113513760349377;1129
8;USD/CHF;0.000267535662261767;1130
8;USD/CHF;-0.000969834110867239;1131
8;USD/CHF;0.000846888201708647;1132
8;USD/CHF;0.000665886834496904;1133
8;USD/CHF;0.000128830013258016;1134
8;USD/CHF;-0.00199261142360051;1135
8;USD/CHF;-0.000547066322854671;1136
8;USD/CHF;-0.00193390624089022;1137
8;USD/CHF;-0.00291616480891599;1138
8;USD/CHF;-0.00260119898011924;1139
8;USD/CHF;-0.000959296768202551;1140
8;USD/CHF;-0.000836409848954511;1141
8;USD/CHF;-8.90418782998222E-05;1142
8;USD/CHF;-0.000145841615944456;1143
8;USD/CHF;9.56584143286969E-05;1144
8;USD/CHF;-0.000556461613186439;1145
8;USD/CHF;-0.000377203172792207;1146
8;USD/CHF;0.00142856204171635;1147
8;USD/CHF;0.00329775694241132;1148
8;USD/CHF;0.00287653651723294;1149
8;USD/CHF;0.00224244773444042;1150
8;USD/CHF;0.0031068794968663;1151
8;USD/CHF;0.00134346268168756;1152
8;USD/CHF;0.000229054639577307;1153
8;USD/CHF;0.000876500537050359;1154
8;USD/CHF;0.00158222227966493;1155
8;USD/CHF;-0.000556245277472961;1156
8;USD/CHF;0.000336064380802723;1157
8;USD/CHF;0.00118176926104124;1158
8;USD/CHF;0.000217460846496058;1159
8;USD/CHF;-0.00185145785295248;1160
8;USD/CHF;-0.00164135477136783;1161
8;USD/CHF;-0.00080149261841082;1162
8;USD/CHF;-0.00118176926104117;1163
8;USD/CHF;-0.000826328343389685;1164
8;USD/CHF;0.00247191751167475;1165
8;USD/CHF;0.00424447456581881;1166
8;USD/CHF;0.0036829064867703;1167
8;USD/CHF;0.0029034806289463;1168
8;USD/CHF;0.00191009996133007;1169
8;USD/CHF;0.0008772922136984;1170
8;USD/CHF;-0.000745755675987245;1171
8;USD/CHF;-0.00156402085928702;1172
8;USD/CHF;-0.000885476173916242;1173
8;USD/CHF;-0.000252355260574004;1174
8;USD/CHF;-6.99571254754367E-05;1175
8;USD/CHF;0.000161250976771302;1176
8;USD/CHF;0.000881927249789314;1177
8;USD/CHF;0.000805331913176383;1178
8;USD/CHF;0.000868121248248968;1179
8;USD/CHF;-0.000199406041126173;1180
8;USD/CHF;0.000576045804157832;1181
8;USD/CHF;4.01876128323592E-05;1182
8;USD/CHF;5.48390161941145E-05;1183
8;USD/CHF;0.000620194782336921;1184
8;USD/CHF;0.00113016173747547;1185
8;USD/CHF;-0.000934794102626248;1186
8;USD/CHF;-0.000949737851366724;1187
8;USD/CHF;-0.00175171232864258;1188
8;USD/CHF;-0.000911971181173808;1189
8;USD/CHF;0.000318422715336575;1190
8;USD/CHF;0.00198939300483156;1191
8;USD/CHF;0.00143558002266558;1192
8;USD/CHF;0.00124704814275656;1193
8;USD/CHF;-6.98357280327988E-05;1194
8;USD/CHF;-0.000713464750959384;1195
8;USD/CHF;0.000321599236920993;1196
8;USD/CHF;0.00101014567194295;1197
8;USD/CHF;0.00229760734195261;1198
8;USD/CHF;0.0023943058936366;1199
8;USD/CHF;0.0024046027002526;1200
8;USD/CHF;0.000898990936373643;1201
8;USD/CHF;0.00172851806662262;1202
8;USD/CHF;0.00114209805588651;1203
8;USD/CHF;0.000891046678242051;1204
8;USD/CHF;0.00122269758793202;1205
8;USD/CHF;0.00144165789174059;1206
8;USD/CHF;0.000488461641359222;1207
8;USD/CHF;-0.000695319787270242;1208
8;USD/CHF;-0.000529558628559508;1209
8;USD/CHF;-0.00122269758793201;1210
8;USD/CHF;-0.000432239396028933;1211
8;USD/CHF;-0.000744600949495569;1212
8;USD/CHF;-0.000969982668918426;1213
8;USD/CHF;4.1748424148551E-05;1214
8;USD/CHF;0.000446619755465355;1215
8;USD/CHF;2.49622965636707E-05;1216
8;USD/CHF;0.00043503391786306;1217
8;USD/CHF;0.00170270621953185;1218
8;USD/CHF;-0.000717195137629852;1219
8;USD/CHF;8.12859871023509E-05;1220
8;USD/CHF;0.00013515832231884;1221
8;USD/CHF;0.000436164419859449;1222
8;USD/CHF;0.00026163066055146;1223
8;USD/CHF;0.00141102894891956;1224
8;USD/CHF;0.000925162383409296;1225
8;USD/CHF;0.000209834177548213;1226
8;USD/CHF;0.000714497272852486;1227
8;USD/CHF;0.00143700316845153;1228
8;USD/CHF;0.00166947260727257;1229
8;USD/CHF;0.000840363461498426;1230
8;USD/CHF;0.000576429029692151;1231
8;USD/CHF;-0.000797502908051363;1232
8;USD/CHF;-0.000743057915314646;1233
8;USD/CHF;-0.000373694886800202;1234
8;USD/CHF;-2.06552890453319E-06;1235
8;USD/CHF;0.000661465126744214;1236
8;USD/CHF;0.000747881272763913;1237
8;USD/CHF;0.00125539596805416;1238
8;USD/CHF;0.00210911269740704;1239
8;USD/CHF;0.00234912710017962;1240
8;USD/CHF;0.00244488282136143;1241
8;USD/CHF;0.00244365390918862;1242
8;USD/CHF;0.00199970995782399;1243
8;USD/CHF;0.00056766590766923;1244
8;USD/CHF;0.00027540205395182;1245
8;USD/CHF;-7.13633984704713E-05;1246
8;USD/CHF;0.000699426184760347;1247
8;USD/CHF;0.000140331615452459;1248
8;USD/CHF;0.000246575234122114;1249
8;USD/CHF;0.000773175863227241;1250
8;USD/CHF;0.000596629387107161;1251
8;USD/CHF;-0.000248495311575966;1252
8;USD/CHF;0.000639396467679;1253
8;USD/CHF;0.00121011911978523;1254
8;USD/CHF;-9.54678195097866E-05;1255
8;USD/CHF;-0.00298665880371303;1256
8;USD/CHF;-0.00120406555696504;1257
8;USD/CHF;-0.0017668606779197;1258
8;USD/CHF;-0.00244399737837863;1259
8;USD/CHF;-0.00182260107674049;1260
8;USD/CHF;0.00169750299754127;1261
8;USD/CHF;0.000548758982614795;1262
8;USD/CHF;-0.000227076314867007;1263
8;USD/CHF;0.000440084714738344;1264
8;USD/CHF;0.000335969268172534;1265
8;USD/CHF;0.000202490237939735;1266
8;USD/CHF;-0.000460610358510047;1267
8;USD/CHF;-0.000137188962691942;1268
8;USD/CHF;-0.000143177105960352;1269
8;USD/CHF;-0.000399539126342011;1270
8;USD/CHF;-0.00166691581399966;1271
8;USD/CHF;-0.00207458558457894;1272
8;USD/CHF;-0.00250637078568566;1273
8;USD/CHF;-0.00316571621259711;1274
8;USD/CHF;-0.00330459563155507;1275
8;USD/CHF;-0.00254968159473633;1276
8;USD/CHF;-0.00357083318571159;1277
8;USD/CHF;-0.00355113825624393;1278
8;USD/CHF;-0.00361417078791114;1279
8;USD/CHF;-0.00512789037038135;1280
8;USD/CHF;-0.00525900757159078;1281
8;USD/CHF;-0.00189791722916944;1282
8;USD/CHF;0.000326981872604364;1283
8;USD/CHF;-0.00127618216683272;1284
8;USD/CHF;0.00131560483982672;1285
8;USD/CHF;0.00303351983284932;1286
8;USD/CHF;0.00259451439673365;1287
8;USD/CHF;0.00105953830043706;1288
8;USD/CHF;0.0051188864182071;1289
8;USD/CHF;0.00511541129253135;1290
8;USD/CHF;0.00259053318393228;1291
8;USD/CHF;0.00213563830531041;1292
8;USD/CHF;0.00153100601945269;1293
8;USD/CHF;-0.000139166564098916;1294
8;USD/CHF;0.000568878607404554;1295
8;USD/CHF;0.00115539991337647;1296
8;USD/CHF;-0.000922923111324944;1297
8;USD/CHF;0.000218355389852289;1298
8;USD/CHF;-0.000499303315480246;1299
8;USD/CHF;-0.00100231113618998;1300
8;USD/CHF;0.000822986862419796;1301
8;USD/CHF;0.00255827212506276;1302
8;USD/CHF;0.00145789541580313;1303
8;USD/CHF;0.00341599159287637;1304
8;USD/CHF;0.00218247428376901;1305
8;USD/CHF;0.00110917615893063;1306
8;USD/CHF;0.0010917360688862;1307
8;USD/CHF;0.000517230120692387;1308
8;USD/CHF;-0.00083517709820361;1309
8;USD/CHF;0.000201147377922297;1310
8;USD/CHF;0.000254304235408959;1311
8;USD/CHF;4.10037724906751E-05;1312
8;USD/CHF;0.00129032043888457;1313
8;USD/CHF;0.00110325307954694;1314
8;USD/CHF;0.000499938792468582;1315
8;USD/CHF;0.000196658863957051;1316
8;USD/CHF;-7.1762119597732E-05;1317
8;USD/CHF;-0.000329480937510255;1318
8;USD/CHF;-0.000953197829567425;1319
8;USD/CHF;-0.000842831804549917;1320
8;USD/CHF;-0.000771354209256849;1321
8;USD/CHF;-0.000346871318700898;1322
8;USD/CHF;-0.00153791557078779;1323
8;USD/CHF;-0.000629753249761876;1324
8;USD/CHF;-0.000935158661842913;1325
8;USD/CHF;-0.000970460605526654;1326
8;USD/CHF;-0.00072647651688728;1327
8;USD/CHF;0.00135759692735548;1328
8;USD/CHF;0.000812545151866145;1329
8;USD/CHF;0.00079742539638679;1330
8;USD/CHF;0.000103244992329672;1331
8;USD/CHF;4.94758653068866E-05;1332
8;USD/CHF;-0.00170464350420556;1333
8;USD/CHF;-0.00067860806637979;1334
8;USD/CHF;-0.00218762196374754;1335
8;USD/CHF;-0.00216480857431928;1336
8;USD/CHF;-0.0018159260485425;1337
8;USD/CHF;0.000419272210512086;1338
8;USD/CHF;-0.000711924441761245;1339
8;USD/CHF;0.0017285118794384;1340
8;USD/CHF;0.00281402930732209;1341
8;USD/CHF;0.00221540726778148;1342
8;USD/CHF;0.000821533962404019;1343
8;USD/CHF;0.00161827506058931;1344
8;USD/CHF;0.00134756726364647;1345
8;USD/CHF;0.00123285602827314;1346
8;USD/CHF;0.00141644667749145;1347
8;USD/CHF;0.000435135279043399;1348
8;USD/CHF;-0.000488631357358635;1349
8;USD/CHF;0.000253705878462738;1350
8;USD/CHF;0.00106263348030203;1351
8;USD/CHF;-0.000648557427027341;1352
8;USD/CHF;0.000804146627542538;1353
8;USD/CHF;0.00111103425100564;1354
8;USD/CHF;-0.000928408772644356;1355
8;USD/CHF;-0.00172837555176529;1356
8;USD/CHF;-0.00107257592479699;1357
8;USD/CHF;-0.00171243579935135;1358
8;USD/CHF;-0.00149373860530393;1359
8;USD/CHF;0.000174533518943153;1360
8;USD/CHF;0.000532770824153407;1361
8;USD/CHF;0.00069310614545557;1362
8;USD/CHF;0.00133225029338867;1363
8;USD/CHF;0.000672331740803744;1364
8;USD/CHF;0.00038138993287763;1365
8;USD/CHF;0.000180001443979898;1366
8;USD/CHF;-0.00117992012798186;1367
8;USD/CHF;-0.00129312122396933;1368
8;USD/CHF;-0.000713526385645545;1369
8;USD/CHF;-0.000323929872354507;1370
8;USD/CHF;-0.000556892410789423;1371
8;USD/CHF;0.00102998507569689;1372
8;USD/CHF;-0.000686899574210738;1373
8;USD/CHF;-0.000711946478832247;1374
8;USD/CHF;-0.00130925278418538;1375
8;USD/CHF;-0.000792967060391288;1376
8;USD/CHF;-1.02736383599495E-05;1377
8;USD/CHF;0.00015078361717012;1378
8;USD/CHF;-2.27414861806682E-05;1379
8;USD/CHF;-0.000419701297861544;1380
8;USD/CHF;-0.00192976423861125;1381
8;USD/CHF;-0.00243737802579469;1382
8;USD/CHF;-0.00151921764717;1383
8;USD/CHF;-0.00121733465140384;1384
8;USD/CHF;-0.00105000189295072;1385
8;USD/CHF;0.000126739424875844;1386
8;USD/CHF;-0.000460203546294503;1387
8;USD/CHF;-0.000410277914423998;1388
8;USD/CHF;-0.000650061515510718;1389
8;USD/CHF;-0.00106390996974724;1390
8;USD/CHF;-0.00233151084482558;1391
8;USD/CHF;-0.00204515329026021;1392
8;USD/CHF;-0.00191250704555034;1393
8;USD/CHF;-0.00196295891397017;1394
8;USD/CHF;-0.000981298622144072;1395
8;USD/CHF;0.000377893357584139;1396
8;USD/CHF;0.000897328961488669;1397
8;USD/CHF;0.000596871075489881;1398
8;USD/CHF;0.00105098561328866;1399
8;USD/CHF;0.000975023554555824;1400
8;USD/CHF;0.000573870456144936;1401
8;USD/CHF;2.09665583586381E-05;1402
8;USD/CHF;0.000176198528392157;1403
8;USD/CHF;0.000414668518564442;1404
8;USD/CHF;-0.000552978369305109;1405
8;USD/CHF;0.000177691382681877;1406
8;USD/CHF;0.00111017894209085;1407
8;USD/CHF;0.00128323463131361;1408
8;USD/CHF;0.00313234530868946;1409
8;USD/CHF;0.00418039669702588;1410
8;USD/CHF;0.0034861662204326;1411
8;USD/CHF;0.00364647503700181;1412
8;USD/CHF;0.00387460282689232;1413
8;USD/CHF;0.00113368277098708;1414
