12;EUR/JPY;0;-200
12;EUR/JPY;0;-199
12;EUR/JPY;0;-198
12;EUR/JPY;0;-197
12;EUR/JPY;0;-196
12;EUR/JPY;0;-195
12;EUR/JPY;0;-194
12;EUR/JPY;0;-193
12;EUR/JPY;0;-192
12;EUR/JPY;0;-191
12;EUR/JPY;0;-190
12;EUR/JPY;0;-189
12;EUR/JPY;138.376;-188
12;EUR/JPY;0;-187
12;EUR/JPY;0;-186
12;EUR/JPY;0;-185
12;EUR/JPY;0;-184
12;EUR/JPY;0;-183
12;EUR/JPY;0;-182
12;EUR/JPY;0;-181
12;EUR/JPY;0;-180
12;EUR/JPY;0;-179
12;EUR/JPY;0;-178
12;EUR/JPY;0;-177
12;EUR/JPY;0;-176
12;EUR/JPY;0;-175
12;EUR/JPY;0;-174
12;EUR/JPY;0;-173
12;EUR/JPY;0;-172
12;EUR/JPY;0;-171
12;EUR/JPY;0;-170
12;EUR/JPY;0;-169
12;EUR/JPY;0;-168
12;EUR/JPY;0;-167
1;EUR/JPY;142.761;34
0;EUR/JPY;142.069;34
12;EUR/JPY;0;-166
12;EUR/JPY;0;-165
12;EUR/JPY;0;-164
12;EUR/JPY;0;-163
1;EUR/JPY;142.809;38
12;EUR/JPY;0;-162
12;EUR/JPY;0;-161
12;EUR/JPY;0;-160
0;EUR/JPY;142.057;41
12;EUR/JPY;0;-159
12;EUR/JPY;0;-158
12;EUR/JPY;0;-157
12;EUR/JPY;0;-156
12;EUR/JPY;0;-155
12;EUR/JPY;0;-154
12;EUR/JPY;0;-153
12;EUR/JPY;0;-152
12;EUR/JPY;0;-151
1;EUR/JPY;141.36;50
12;EUR/JPY;0;-150
12;EUR/JPY;0;-149
12;EUR/JPY;0;-148
12;EUR/JPY;0;-147
12;EUR/JPY;0;-146
12;EUR/JPY;0;-145
12;EUR/JPY;0;-144
12;EUR/JPY;0;-143
12;EUR/JPY;0;-142
12;EUR/JPY;0;-141
12;EUR/JPY;0;-140
12;EUR/JPY;0;-139
12;EUR/JPY;0;-138
12;EUR/JPY;0;-137
12;EUR/JPY;0;-136
12;EUR/JPY;0;-135
12;EUR/JPY;0;-134
12;EUR/JPY;0;-133
12;EUR/JPY;0;-132
12;EUR/JPY;0;-131
0;EUR/JPY;141.359;70
12;EUR/JPY;0;-130
12;EUR/JPY;0;-129
12;EUR/JPY;0;-128
12;EUR/JPY;0;-127
12;EUR/JPY;0;-126
12;EUR/JPY;0;-125
1;EUR/JPY;141.137;76
12;EUR/JPY;0;-124
12;EUR/JPY;0;-123
12;EUR/JPY;0;-122
12;EUR/JPY;0;-121
12;EUR/JPY;0;-120
12;EUR/JPY;0;-119
12;EUR/JPY;0;-118
12;EUR/JPY;0;-117
12;EUR/JPY;0;-116
12;EUR/JPY;0;-115
12;EUR/JPY;0;-114
12;EUR/JPY;0;-113
12;EUR/JPY;0;-112
12;EUR/JPY;0;-111
12;EUR/JPY;0;-110
12;EUR/JPY;0;-109
12;EUR/JPY;0;-108
12;EUR/JPY;0;-107
12;EUR/JPY;0;-106
0;EUR/JPY;141.137;95
12;EUR/JPY;0;-105
12;EUR/JPY;0;-104
12;EUR/JPY;0;-103
12;EUR/JPY;0;-102
12;EUR/JPY;0;-101
12;EUR/JPY;0;-100
12;EUR/JPY;0;-99
12;EUR/JPY;0;-98
12;EUR/JPY;0;-97
12;EUR/JPY;0;-96
1;EUR/JPY;140.571;105
12;EUR/JPY;0;-95
12;EUR/JPY;0;-94
12;EUR/JPY;0;-93
12;EUR/JPY;0;-92
12;EUR/JPY;0;-91
12;EUR/JPY;0;-90
12;EUR/JPY;0;-89
12;EUR/JPY;0;-88
12;EUR/JPY;0;-87
12;EUR/JPY;0;-86
12;EUR/JPY;0;-85
12;EUR/JPY;0;-84
0;EUR/JPY;140.57;117
12;EUR/JPY;0;-83
12;EUR/JPY;0;-82
12;EUR/JPY;0;-81
12;EUR/JPY;0;-80
12;EUR/JPY;0;-79
12;EUR/JPY;0;-78
12;EUR/JPY;0;-77
12;EUR/JPY;0;-76
12;EUR/JPY;0;-75
12;EUR/JPY;0;-74
12;EUR/JPY;0;-73
12;EUR/JPY;0;-72
12;EUR/JPY;0;-71
12;EUR/JPY;0;-70
12;EUR/JPY;0;-69
12;EUR/JPY;0;-68
12;EUR/JPY;0;-67
12;EUR/JPY;0;-66
12;EUR/JPY;0;-65
12;EUR/JPY;0;-64
12;EUR/JPY;0;-63
12;EUR/JPY;0;-62
12;EUR/JPY;0;-61
12;EUR/JPY;0;-60
12;EUR/JPY;0;-59
1;EUR/JPY;136.903;142
12;EUR/JPY;0;-58
12;EUR/JPY;0;-57
12;EUR/JPY;0;-56
12;EUR/JPY;0;-55
12;EUR/JPY;0;-54
12;EUR/JPY;0;-53
12;EUR/JPY;0;-52
12;EUR/JPY;0;-51
12;EUR/JPY;0;-50
12;EUR/JPY;0;-49
12;EUR/JPY;0;-48
12;EUR/JPY;0;-47
0;EUR/JPY;136.901;154
12;EUR/JPY;0;-46
12;EUR/JPY;0;-45
12;EUR/JPY;0;-44
12;EUR/JPY;0;-43
12;EUR/JPY;0;-42
12;EUR/JPY;0;-41
12;EUR/JPY;0;-40
12;EUR/JPY;0;-39
12;EUR/JPY;0;-38
12;EUR/JPY;0;-37
12;EUR/JPY;0;-36
12;EUR/JPY;0;-35
12;EUR/JPY;0;-34
12;EUR/JPY;0;-33
12;EUR/JPY;0;-32
12;EUR/JPY;0;-31
12;EUR/JPY;0;-30
12;EUR/JPY;0;-29
12;EUR/JPY;0;-28
12;EUR/JPY;0;-27
12;EUR/JPY;0;-26
12;EUR/JPY;0;-25
12;EUR/JPY;0;-24
12;EUR/JPY;0;-23
12;EUR/JPY;0;-22
12;EUR/JPY;0;-21
12;EUR/JPY;0;-20
12;EUR/JPY;0;-19
12;EUR/JPY;0;-18
12;EUR/JPY;0;-17
1;EUR/JPY;139.261;184
12;EUR/JPY;0;-16
12;EUR/JPY;0;-15
12;EUR/JPY;0;-14
0;EUR/JPY;139.245;187
12;EUR/JPY;0;-13
12;EUR/JPY;0;-12
12;EUR/JPY;0;-11
12;EUR/JPY;0;-10
12;EUR/JPY;0;-9
12;EUR/JPY;0;-8
12;EUR/JPY;0;-7
12;EUR/JPY;0;-6
12;EUR/JPY;0;-5
1;EUR/JPY;139.674;196
12;EUR/JPY;0;-4
0;EUR/JPY;139.638;197
12;EUR/JPY;0;-3
12;EUR/JPY;0;-2
12;EUR/JPY;0;-1
12;EUR/JPY;0;0
12;EUR/JPY;0;1
12;EUR/JPY;0;2
12;EUR/JPY;0;3
12;EUR/JPY;0;4
12;EUR/JPY;0;5
12;EUR/JPY;0;6
12;EUR/JPY;0;7
12;EUR/JPY;0;8
12;EUR/JPY;0;9
12;EUR/JPY;0;10
12;EUR/JPY;0;11
12;EUR/JPY;141.499;12
12;EUR/JPY;0;13
12;EUR/JPY;0;14
12;EUR/JPY;0;15
1;EUR/JPY;140.358;216
12;EUR/JPY;0;16
12;EUR/JPY;0;17
12;EUR/JPY;0;18
0;EUR/JPY;140.358;219
12;EUR/JPY;0;19
12;EUR/JPY;0;20
12;EUR/JPY;0;21
12;EUR/JPY;0;22
12;EUR/JPY;0;23
12;EUR/JPY;0;24
12;EUR/JPY;143.169;25
12;EUR/JPY;0;26
12;EUR/JPY;0;27
12;EUR/JPY;0;28
1;EUR/JPY;140.794;229
12;EUR/JPY;0;29
12;EUR/JPY;0;30
12;EUR/JPY;0;31
0;EUR/JPY;140.293;232
12;EUR/JPY;0;32
12;EUR/JPY;142.042;33
12;EUR/JPY;0;34
12;EUR/JPY;0;35
12;EUR/JPY;0;36
1;EUR/JPY;140.629;237
12;EUR/JPY;0;37
0;EUR/JPY;140.079;238
12;EUR/JPY;0;38
12;EUR/JPY;143.061;39
12;EUR/JPY;0;40
12;EUR/JPY;0;41
12;EUR/JPY;0;42
12;EUR/JPY;0;43
12;EUR/JPY;0;44
12;EUR/JPY;0;45
1;EUR/JPY;139.943;246
12;EUR/JPY;140.498;46
12;EUR/JPY;0;47
12;EUR/JPY;0;48
12;EUR/JPY;0;49
12;EUR/JPY;0;50
12;EUR/JPY;0;51
0;EUR/JPY;139.618;252
12;EUR/JPY;0;52
12;EUR/JPY;0;53
12;EUR/JPY;0;54
12;EUR/JPY;0;55
12;EUR/JPY;0;56
12;EUR/JPY;0;57
12;EUR/JPY;0;58
12;EUR/JPY;0;59
12;EUR/JPY;142.909;60
1;EUR/JPY;140.011;261
12;EUR/JPY;0;61
12;EUR/JPY;0;62
12;EUR/JPY;0;63
12;EUR/JPY;0;64
12;EUR/JPY;0;65
12;EUR/JPY;0;66
12;EUR/JPY;0;67
12;EUR/JPY;0;68
12;EUR/JPY;0;69
12;EUR/JPY;0;70
12;EUR/JPY;0;71
12;EUR/JPY;140.32;72
12;EUR/JPY;0;73
12;EUR/JPY;0;74
12;EUR/JPY;0;75
12;EUR/JPY;0;76
12;EUR/JPY;0;77
12;EUR/JPY;0;78
12;EUR/JPY;0;79
12;EUR/JPY;0;80
12;EUR/JPY;0;81
12;EUR/JPY;0;82
12;EUR/JPY;0;83
12;EUR/JPY;0;84
12;EUR/JPY;0;85
12;EUR/JPY;0;86
12;EUR/JPY;0;87
12;EUR/JPY;0;88
12;EUR/JPY;0;89
12;EUR/JPY;0;90
12;EUR/JPY;0;91
12;EUR/JPY;142.415;92
12;EUR/JPY;0;93
12;EUR/JPY;0;94
12;EUR/JPY;0;95
12;EUR/JPY;0;96
12;EUR/JPY;0;97
12;EUR/JPY;0;98
12;EUR/JPY;0;99
12;EUR/JPY;0;100
12;EUR/JPY;139.142;101
12;EUR/JPY;0;102
12;EUR/JPY;0;103
12;EUR/JPY;0;104
0;EUR/JPY;142.215;305
12;EUR/JPY;0;105
12;EUR/JPY;0;106
12;EUR/JPY;0;107
12;EUR/JPY;0;108
12;EUR/JPY;0;109
12;EUR/JPY;0;110
12;EUR/JPY;0;111
1;EUR/JPY;140.89;312
12;EUR/JPY;0;112
12;EUR/JPY;141.25;113
12;EUR/JPY;0;114
12;EUR/JPY;0;115
12;EUR/JPY;0;116
12;EUR/JPY;0;117
12;EUR/JPY;0;118
12;EUR/JPY;0;119
12;EUR/JPY;0;120
12;EUR/JPY;0;121
12;EUR/JPY;0;122
12;EUR/JPY;0;123
12;EUR/JPY;0;124
12;EUR/JPY;0;125
12;EUR/JPY;0;126
12;EUR/JPY;0;127
12;EUR/JPY;0;128
12;EUR/JPY;0;129
12;EUR/JPY;0;130
12;EUR/JPY;0;131
12;EUR/JPY;0;132
12;EUR/JPY;0;133
0;EUR/JPY;140.89;334
12;EUR/JPY;0;134
12;EUR/JPY;0;135
12;EUR/JPY;0;136
12;EUR/JPY;0;137
12;EUR/JPY;0;138
12;EUR/JPY;136.227;139
12;EUR/JPY;0;140
2;EUR/JPY;0.682423066432702;341
12;EUR/JPY;0;141
2;EUR/JPY;0.728390066909163;342
12;EUR/JPY;0;142
2;EUR/JPY;0.625274712510614;343
12;EUR/JPY;0;143
2;EUR/JPY;0.572029318906569;344
12;EUR/JPY;0;144
2;EUR/JPY;0.42980855229407;345
12;EUR/JPY;0;145
2;EUR/JPY;0.355958696348265;346
12;EUR/JPY;0;146
2;EUR/JPY;0.412009854295816;347
12;EUR/JPY;0;147
2;EUR/JPY;0.239764073579733;348
12;EUR/JPY;0;148
2;EUR/JPY;0.269141418649994;349
12;EUR/JPY;0;149
2;EUR/JPY;0.293961722601403;350
12;EUR/JPY;0;150
2;EUR/JPY;0.178076678706891;351
12;EUR/JPY;0;151
2;EUR/JPY;0.237534569586743;352
12;EUR/JPY;0;152
2;EUR/JPY;0.191290979229296;353
12;EUR/JPY;0;153
2;EUR/JPY;0.274324069009558;354
12;EUR/JPY;0;154
2;EUR/JPY;0.363447453437985;355
12;EUR/JPY;0;155
2;EUR/JPY;0.410456803702811;356
12;EUR/JPY;0;156
2;EUR/JPY;0.334502214320595;357
12;EUR/JPY;0;157
2;EUR/JPY;0.309132783515033;358
12;EUR/JPY;0;158
2;EUR/JPY;0.49174282013124;359
12;EUR/JPY;0;159
2;EUR/JPY;0.580960488791321;360
12;EUR/JPY;0;160
2;EUR/JPY;0.572898041707294;361
12;EUR/JPY;0;161
2;EUR/JPY;0.693053555452251;362
12;EUR/JPY;0;162
2;EUR/JPY;0.864955760420041;363
12;EUR/JPY;0;163
2;EUR/JPY;0.824408506971321;364
12;EUR/JPY;0;164
2;EUR/JPY;0.796805703184277;365
12;EUR/JPY;0;165
2;EUR/JPY;0.774163254825645;366
12;EUR/JPY;0;166
2;EUR/JPY;0.735840070157096;367
12;EUR/JPY;0;167
2;EUR/JPY;0.86142581985666;368
12;EUR/JPY;0;168
2;EUR/JPY;0.874554853526545;369
12;EUR/JPY;0;169
2;EUR/JPY;0.874068351525721;370
12;EUR/JPY;0;170
2;EUR/JPY;0.674092445682904;371
12;EUR/JPY;140.304;171
2;EUR/JPY;0.37413882044076;372
12;EUR/JPY;0;172
2;EUR/JPY;0.236952943119765;373
12;EUR/JPY;0;173
2;EUR/JPY;0.274043877580856;374
12;EUR/JPY;0;174
2;EUR/JPY;0.172903767173993;375
12;EUR/JPY;0;175
2;EUR/JPY;0.122034000039741;376
12;EUR/JPY;0;176
2;EUR/JPY;0.134183004338444;377
12;EUR/JPY;138.671;177
2;EUR/JPY;0.0515636502623845;378
12;EUR/JPY;0;178
2;EUR/JPY;0.0431288543287844;379
12;EUR/JPY;0;179
2;EUR/JPY;0.0580908857974257;380
12;EUR/JPY;0;180
2;EUR/JPY;0.0471867431363119;381
12;EUR/JPY;0;181
2;EUR/JPY;0.0674486694201404;382
12;EUR/JPY;0;182
2;EUR/JPY;0.04681301909549;383
12;EUR/JPY;0;183
2;EUR/JPY;0.0468256273666757;384
12;EUR/JPY;0;184
2;EUR/JPY;0.0585019102783377;385
12;EUR/JPY;0;185
2;EUR/JPY;0.071047725033071;386
12;EUR/JPY;0;186
2;EUR/JPY;0.0898579546492977;387
12;EUR/JPY;0;187
2;EUR/JPY;0.096371740569193;388
12;EUR/JPY;0;188
2;EUR/JPY;0.0797665779238142;389
12;EUR/JPY;0;189
2;EUR/JPY;0.120249227117622;390
12;EUR/JPY;0;190
2;EUR/JPY;0.096533718642729;391
12;EUR/JPY;0;191
2;EUR/JPY;0.160540319400756;392
12;EUR/JPY;0;192
2;EUR/JPY;0.146243385982952;393
12;EUR/JPY;0;193
2;EUR/JPY;0.100364881620773;394
12;EUR/JPY;0;194
2;EUR/JPY;0.233676988787247;395
12;EUR/JPY;0;195
2;EUR/JPY;0.288749967979253;396
12;EUR/JPY;0;196
2;EUR/JPY;0.320693280041326;397
12;EUR/JPY;0;197
2;EUR/JPY;0.582526560533424;398
12;EUR/JPY;0;198
2;EUR/JPY;0.523213904251787;399
12;EUR/JPY;0;199
2;EUR/JPY;0.501997843423921;400
12;EUR/JPY;0;200
2;EUR/JPY;0.635549025173886;401
12;EUR/JPY;141.033;201
2;EUR/JPY;0.618467250230071;402
12;EUR/JPY;0;202
2;EUR/JPY;0.716147409009815;403
12;EUR/JPY;0;203
2;EUR/JPY;0.836212971007993;404
12;EUR/JPY;0;204
2;EUR/JPY;0.862811898919344;405
12;EUR/JPY;0;205
2;EUR/JPY;0.838651179313687;406
12;EUR/JPY;0;206
2;EUR/JPY;0.69854471243196;407
1;EUR/JPY;141.632;407
12;EUR/JPY;0;207
2;EUR/JPY;0.533572414711336;408
12;EUR/JPY;0;208
2;EUR/JPY;0.474411111003036;409
12;EUR/JPY;0;209
2;EUR/JPY;0.635586470661215;410
12;EUR/JPY;0;210
2;EUR/JPY;0.729393033479378;411
0;EUR/JPY;141.068;411
12;EUR/JPY;0;211
2;EUR/JPY;0.799945779473089;412
12;EUR/JPY;139.199;212
2;EUR/JPY;0.498266754320232;413
12;EUR/JPY;0;213
2;EUR/JPY;0.642312540320852;414
12;EUR/JPY;0;214
2;EUR/JPY;0.553752940087315;415
12;EUR/JPY;0;215
2;EUR/JPY;0.653584409126856;416
12;EUR/JPY;0;216
2;EUR/JPY;0.705195141154403;417
1;EUR/JPY;140.784;417
12;EUR/JPY;0;217
2;EUR/JPY;0.58894132043932;418
12;EUR/JPY;0;218
2;EUR/JPY;0.470231638394263;419
12;EUR/JPY;141.268;219
2;EUR/JPY;0.447430161160249;420
12;EUR/JPY;0;220
2;EUR/JPY;0.275543713950461;421
12;EUR/JPY;0;221
2;EUR/JPY;0.236053338044119;422
12;EUR/JPY;0;222
2;EUR/JPY;0.235465801008961;423
12;EUR/JPY;0;223
2;EUR/JPY;0.178791030602832;424
12;EUR/JPY;0;224
2;EUR/JPY;0.193329015634796;425
12;EUR/JPY;0;225
2;EUR/JPY;0.275433808175881;426
12;EUR/JPY;0;226
2;EUR/JPY;0.324989628357718;427
12;EUR/JPY;0;227
2;EUR/JPY;0.187340157710208;428
12;EUR/JPY;0;228
2;EUR/JPY;0.220707449006991;429
0;EUR/JPY;140.78;429
12;EUR/JPY;0;229
2;EUR/JPY;0.220732262859095;430
12;EUR/JPY;0;230
2;EUR/JPY;0.211717928913044;431
12;EUR/JPY;0;231
2;EUR/JPY;0.190322831800869;432
12;EUR/JPY;0;232
2;EUR/JPY;0.252793615077471;433
12;EUR/JPY;0;233
2;EUR/JPY;0.270998486765996;434
12;EUR/JPY;0;234
2;EUR/JPY;0.429650578892155;435
12;EUR/JPY;0;235
2;EUR/JPY;0.335362255131786;436
12;EUR/JPY;0;236
2;EUR/JPY;0.632073016452814;437
12;EUR/JPY;0;237
2;EUR/JPY;0.464155051751168;438
12;EUR/JPY;0;238
2;EUR/JPY;0.516907650613397;439
12;EUR/JPY;0;239
2;EUR/JPY;0.728971322317291;440
12;EUR/JPY;0;240
2;EUR/JPY;0.810170205887498;441
12;EUR/JPY;0;241
2;EUR/JPY;0.685565435037675;442
12;EUR/JPY;138.791;242
2;EUR/JPY;0.576711474867894;443
12;EUR/JPY;0;243
2;EUR/JPY;0.718813509017624;444
12;EUR/JPY;0;244
2;EUR/JPY;0.481402423462615;445
12;EUR/JPY;0;245
2;EUR/JPY;0.368347431606781;446
12;EUR/JPY;0;246
2;EUR/JPY;0.506196788820016;447
12;EUR/JPY;0;247
2;EUR/JPY;0.471090090613493;448
12;EUR/JPY;0;248
2;EUR/JPY;0.126113996776228;449
12;EUR/JPY;0;249
2;EUR/JPY;0.188173273011919;450
12;EUR/JPY;0;250
2;EUR/JPY;0.258268648723145;451
12;EUR/JPY;0;251
2;EUR/JPY;0.151251756248902;452
12;EUR/JPY;0;252
2;EUR/JPY;0.185674863914068;453
12;EUR/JPY;0;253
2;EUR/JPY;0.236556807282137;454
12;EUR/JPY;0;254
2;EUR/JPY;0.26767991428571;455
12;EUR/JPY;0;255
2;EUR/JPY;0.160108913437936;456
12;EUR/JPY;0;256
2;EUR/JPY;0.388660563385506;457
12;EUR/JPY;0;257
2;EUR/JPY;0.274350359975147;458
12;EUR/JPY;0;258
2;EUR/JPY;0.213127242090946;459
12;EUR/JPY;0;259
2;EUR/JPY;0.14977209794672;460
12;EUR/JPY;0;260
2;EUR/JPY;0.0736386445203037;461
12;EUR/JPY;0;261
2;EUR/JPY;0.152886306208652;462
12;EUR/JPY;0;262
2;EUR/JPY;0.431337261654919;463
12;EUR/JPY;0;263
2;EUR/JPY;0.350142235379533;464
12;EUR/JPY;0;264
2;EUR/JPY;0.413082964905078;465
12;EUR/JPY;0;265
2;EUR/JPY;0.375392754212125;466
12;EUR/JPY;0;266
2;EUR/JPY;0.325305554492983;467
12;EUR/JPY;0;267
2;EUR/JPY;0.431559978265954;468
12;EUR/JPY;0;268
2;EUR/JPY;0.665852991521593;469
12;EUR/JPY;0;269
2;EUR/JPY;0.383722653826205;470
12;EUR/JPY;0;270
2;EUR/JPY;0.707426888781643;471
12;EUR/JPY;0;271
2;EUR/JPY;0.839037919922036;472
12;EUR/JPY;0;272
2;EUR/JPY;0.739685286329557;473
12;EUR/JPY;0;273
2;EUR/JPY;0.839059909261656;474
12;EUR/JPY;0;274
2;EUR/JPY;0.68596954808186;475
12;EUR/JPY;0;275
2;EUR/JPY;0.501072474416737;476
12;EUR/JPY;0;276
2;EUR/JPY;0.365638373222182;477
12;EUR/JPY;0;277
2;EUR/JPY;0.705433888782838;478
12;EUR/JPY;0;278
2;EUR/JPY;0.472632140573648;479
12;EUR/JPY;143.791;279
2;EUR/JPY;0.787315257220278;480
12;EUR/JPY;0;280
2;EUR/JPY;0.797259008911909;481
12;EUR/JPY;0;281
2;EUR/JPY;0.81589836269686;482
12;EUR/JPY;0;282
2;EUR/JPY;0.854890828224436;483
12;EUR/JPY;0;283
2;EUR/JPY;0.934074620429649;484
1;EUR/JPY;141.592;484
0;EUR/JPY;141.28;484
12;EUR/JPY;0;284
2;EUR/JPY;0.932117391843827;485
12;EUR/JPY;0;285
2;EUR/JPY;0.893932269592758;486
12;EUR/JPY;0;286
2;EUR/JPY;0.935631063796576;487
12;EUR/JPY;0;287
2;EUR/JPY;0.645247286116772;488
1;EUR/JPY;141.585;488
12;EUR/JPY;0;288
2;EUR/JPY;0.805695005547856;489
12;EUR/JPY;0;289
2;EUR/JPY;0.648266184428243;490
12;EUR/JPY;0;290
2;EUR/JPY;0.833858720623761;491
12;EUR/JPY;0;291
2;EUR/JPY;0.923061405473718;492
12;EUR/JPY;0;292
2;EUR/JPY;0.932861104497146;493
0;EUR/JPY;140.995;493
12;EUR/JPY;0;293
2;EUR/JPY;0.909411823524087;494
12;EUR/JPY;0;294
2;EUR/JPY;0.694745360427722;495
1;EUR/JPY;141.733;495
12;EUR/JPY;0;295
2;EUR/JPY;0.597953600881039;496
12;EUR/JPY;142.236;296
2;EUR/JPY;0.239377656851972;497
0;EUR/JPY;141.733;497
12;EUR/JPY;0;297
2;EUR/JPY;0.27993348675421;498
12;EUR/JPY;0;298
2;EUR/JPY;0.236280551823402;499
12;EUR/JPY;0;299
2;EUR/JPY;0.159830453462257;500
12;EUR/JPY;0;300
2;EUR/JPY;0.0815255681394221;501
12;EUR/JPY;143.379;301
2;EUR/JPY;0.053967599349958;502
12;EUR/JPY;0;302
2;EUR/JPY;0.105990705194904;503
12;EUR/JPY;0;303
2;EUR/JPY;0.159584345661973;504
12;EUR/JPY;0;304
2;EUR/JPY;0.464410214200376;505
12;EUR/JPY;0;305
2;EUR/JPY;0.794910199291448;506
12;EUR/JPY;0;306
2;EUR/JPY;0.906463857262457;507
12;EUR/JPY;0;307
2;EUR/JPY;0.903624203480653;508
12;EUR/JPY;0;308
2;EUR/JPY;0.673653936106896;509
12;EUR/JPY;0;309
2;EUR/JPY;0.791877590992701;510
12;EUR/JPY;0;310
2;EUR/JPY;0.657279185220635;511
12;EUR/JPY;0;311
2;EUR/JPY;0.42536387346648;512
12;EUR/JPY;0;312
2;EUR/JPY;0.516666089073133;513
12;EUR/JPY;0;313
2;EUR/JPY;0.294561931232852;514
12;EUR/JPY;0;314
2;EUR/JPY;0.105969680831608;515
12;EUR/JPY;0;315
2;EUR/JPY;0.221653717275877;516
12;EUR/JPY;0;316
2;EUR/JPY;0.317368285778458;517
12;EUR/JPY;0;317
2;EUR/JPY;0.386745178811411;518
12;EUR/JPY;0;318
2;EUR/JPY;0.519798790998385;519
12;EUR/JPY;0;319
2;EUR/JPY;0.496811277345102;520
12;EUR/JPY;0;320
2;EUR/JPY;0.191870177361221;521
12;EUR/JPY;0;321
2;EUR/JPY;0.350300418155532;522
12;EUR/JPY;0;322
2;EUR/JPY;0.879802062954437;523
12;EUR/JPY;0;323
2;EUR/JPY;0.785950835065953;524
12;EUR/JPY;0;324
2;EUR/JPY;0.914024544980593;525
12;EUR/JPY;0;325
2;EUR/JPY;0.948897511915467;526
12;EUR/JPY;0;326
2;EUR/JPY;0.856155887953484;527
12;EUR/JPY;0;327
2;EUR/JPY;0.881927994226893;528
1;EUR/JPY;141.736;528
12;EUR/JPY;0;328
2;EUR/JPY;0.935052270339166;529
12;EUR/JPY;0;329
2;EUR/JPY;0.931428265932455;530
12;EUR/JPY;0;330
2;EUR/JPY;0.8092479663153;531
12;EUR/JPY;0;331
2;EUR/JPY;0.528222896957228;532
0;EUR/JPY;141.735;532
12;EUR/JPY;0;332
2;EUR/JPY;0.525673940157546;533
12;EUR/JPY;0;333
2;EUR/JPY;0.465797292201355;534
12;EUR/JPY;0;334
2;EUR/JPY;0.52686874909268;535
12;EUR/JPY;0;335
2;EUR/JPY;0.707411976527626;536
12;EUR/JPY;0;336
2;EUR/JPY;0.925530016616699;537
12;EUR/JPY;0;337
2;EUR/JPY;0.955530161384135;538
12;EUR/JPY;140.44;338
2;EUR/JPY;0.851155300746578;539
1;EUR/JPY;141.576;539
12;EUR/JPY;0;339
2;EUR/JPY;0.819986017529474;540
12;EUR/JPY;0;340
2;EUR/JPY;0.810719145839346;541
12;EUR/JPY;0;341
2;EUR/JPY;0.23307730923031;542
0;EUR/JPY;141.576;542
12;EUR/JPY;0;342
2;EUR/JPY;0.187443090086659;543
12;EUR/JPY;0;343
2;EUR/JPY;0.191316996949149;544
12;EUR/JPY;141.887;344
2;EUR/JPY;0.0736997953604006;545
12;EUR/JPY;0;345
2;EUR/JPY;0.664579099453947;546
12;EUR/JPY;0;346
2;EUR/JPY;0.607939096880642;547
12;EUR/JPY;0;347
2;EUR/JPY;0.809769893856073;548
12;EUR/JPY;0;348
2;EUR/JPY;0.966842604570681;549
12;EUR/JPY;0;349
2;EUR/JPY;0.983636019011077;550
12;EUR/JPY;0;350
2;EUR/JPY;0.981014888672507;551
12;EUR/JPY;0;351
2;EUR/JPY;0.975635592111206;552
12;EUR/JPY;0;352
2;EUR/JPY;0.953005593394493;553
12;EUR/JPY;0;353
2;EUR/JPY;0.940823765331149;554
1;EUR/JPY;140.297;554
12;EUR/JPY;0;354
2;EUR/JPY;0.688881904150557;555
12;EUR/JPY;0;355
2;EUR/JPY;0.481161700097526;556
12;EUR/JPY;0;356
2;EUR/JPY;0.17366046116613;557
12;EUR/JPY;0;357
2;EUR/JPY;0.0882876502392459;558
12;EUR/JPY;0;358
2;EUR/JPY;0.0936643886244736;559
12;EUR/JPY;0;359
2;EUR/JPY;0.0725250312005193;560
12;EUR/JPY;0;360
2;EUR/JPY;0.0614372710715577;561
12;EUR/JPY;0;361
2;EUR/JPY;0.251226752973204;562
12;EUR/JPY;0;362
2;EUR/JPY;0.557516516119414;563
12;EUR/JPY;0;363
2;EUR/JPY;0.467059326412219;564
12;EUR/JPY;0;364
2;EUR/JPY;0.851580870935235;565
12;EUR/JPY;0;365
2;EUR/JPY;0.905453561280012;566
12;EUR/JPY;0;366
2;EUR/JPY;0.963118833942876;567
0;EUR/JPY;139.832;567
12;EUR/JPY;0;367
2;EUR/JPY;0.96102628162704;568
12;EUR/JPY;139.962;368
2;EUR/JPY;0.954377780999765;569
12;EUR/JPY;0;369
2;EUR/JPY;0.951025022122027;570
12;EUR/JPY;0;370
2;EUR/JPY;0.940870348292005;571
12;EUR/JPY;0;371
2;EUR/JPY;0.817637301884134;572
12;EUR/JPY;0;372
2;EUR/JPY;0.8969635338239;573
12;EUR/JPY;0;373
2;EUR/JPY;0.831343328366532;574
12;EUR/JPY;0;374
2;EUR/JPY;0.712081704965641;575
12;EUR/JPY;0;375
2;EUR/JPY;0.842278425290534;576
12;EUR/JPY;0;376
2;EUR/JPY;0.78869173840208;577
12;EUR/JPY;0;377
2;EUR/JPY;0.878175154780149;578
12;EUR/JPY;0;378
2;EUR/JPY;0.915151555541245;579
1;EUR/JPY;139.354;579
0;EUR/JPY;138.922;579
12;EUR/JPY;0;379
2;EUR/JPY;0.890685322782274;580
12;EUR/JPY;0;380
2;EUR/JPY;0.682638875388841;581
12;EUR/JPY;0;381
2;EUR/JPY;0.90191585489603;582
12;EUR/JPY;0;382
2;EUR/JPY;0.687078490596249;583
12;EUR/JPY;0;383
2;EUR/JPY;0.723095311285619;584
1;EUR/JPY;139.087;584
12;EUR/JPY;0;384
2;EUR/JPY;0.876858676370034;585
0;EUR/JPY;138.726;585
12;EUR/JPY;143.474;385
2;EUR/JPY;0.738454950494214;586
12;EUR/JPY;0;386
2;EUR/JPY;0.780882377943828;587
12;EUR/JPY;0;387
2;EUR/JPY;0.780232975000395;588
1;EUR/JPY;139.02;588
12;EUR/JPY;0;388
2;EUR/JPY;0.758233596748447;589
12;EUR/JPY;0;389
2;EUR/JPY;0.328051694833387;590
12;EUR/JPY;0;390
2;EUR/JPY;0.505364504166228;591
0;EUR/JPY;138.561;591
12;EUR/JPY;0;391
2;EUR/JPY;0.399451271136308;592
12;EUR/JPY;0;392
2;EUR/JPY;0.541072495181745;593
12;EUR/JPY;0;393
2;EUR/JPY;0.680186144709323;594
12;EUR/JPY;0;394
2;EUR/JPY;0.731872568147309;595
12;EUR/JPY;0;395
2;EUR/JPY;0.923297283626641;596
12;EUR/JPY;0;396
2;EUR/JPY;0.884422345959401;597
12;EUR/JPY;0;397
2;EUR/JPY;0.966015018164882;598
12;EUR/JPY;0;398
2;EUR/JPY;0.910598071165796;599
12;EUR/JPY;0;399
2;EUR/JPY;0.927742199282686;600
12;EUR/JPY;0;400
2;EUR/JPY;0.896107746930125;601
12;EUR/JPY;0;401
2;EUR/JPY;0.355300028354048;602
12;EUR/JPY;0;402
2;EUR/JPY;0.463697280576852;603
12;EUR/JPY;0;403
2;EUR/JPY;0.117866602145815;604
12;EUR/JPY;0;404
2;EUR/JPY;0.117495379714255;605
12;EUR/JPY;0;405
2;EUR/JPY;0.0979254867681945;606
12;EUR/JPY;0;406
2;EUR/JPY;0.0564023716640218;607
12;EUR/JPY;0;407
2;EUR/JPY;0.283971998332419;608
12;EUR/JPY;0;408
2;EUR/JPY;0.425313828871093;609
12;EUR/JPY;0;409
2;EUR/JPY;0.599968430423923;610
12;EUR/JPY;0;410
2;EUR/JPY;0.620632974545926;611
12;EUR/JPY;0;411
2;EUR/JPY;0.586535708288389;612
12;EUR/JPY;140.081;412
2;EUR/JPY;0.730593689732277;613
12;EUR/JPY;0;413
2;EUR/JPY;0.708726777723801;614
12;EUR/JPY;0;414
2;EUR/JPY;0.545947941788316;615
12;EUR/JPY;0;415
2;EUR/JPY;0.618375207332151;616
12;EUR/JPY;0;416
2;EUR/JPY;0.154881469812887;617
12;EUR/JPY;0;417
2;EUR/JPY;0.126834009569659;618
12;EUR/JPY;0;418
2;EUR/JPY;0.0970922319193914;619
12;EUR/JPY;0;419
2;EUR/JPY;0.0795981707834926;620
12;EUR/JPY;0;420
2;EUR/JPY;0.360623083153402;621
12;EUR/JPY;0;421
2;EUR/JPY;0.376192702950538;622
12;EUR/JPY;0;422
2;EUR/JPY;0.483640646503327;623
12;EUR/JPY;0;423
2;EUR/JPY;0.617843864651166;624
12;EUR/JPY;0;424
2;EUR/JPY;0.846537281925823;625
12;EUR/JPY;0;425
2;EUR/JPY;0.902775903699965;626
12;EUR/JPY;0;426
2;EUR/JPY;0.92666001690849;627
12;EUR/JPY;141.554;427
2;EUR/JPY;0.959794481218287;628
12;EUR/JPY;0;428
2;EUR/JPY;0.939281221342288;629
12;EUR/JPY;0;429
2;EUR/JPY;0.94927815799378;630
12;EUR/JPY;0;430
2;EUR/JPY;0.94746196172799;631
12;EUR/JPY;0;431
2;EUR/JPY;0.917973190781283;632
12;EUR/JPY;0;432
2;EUR/JPY;0.914112511918009;633
12;EUR/JPY;0;433
2;EUR/JPY;0.933841293397575;634
12;EUR/JPY;0;434
2;EUR/JPY;0.9008770498596;635
1;EUR/JPY;138.229;635
12;EUR/JPY;0;435
2;EUR/JPY;0.838702869908102;636
12;EUR/JPY;0;436
2;EUR/JPY;0.56179899014258;637
12;EUR/JPY;0;437
2;EUR/JPY;0.877967439399485;638
12;EUR/JPY;0;438
2;EUR/JPY;0.678642334409423;639
12;EUR/JPY;0;439
2;EUR/JPY;0.760926991612368;640
12;EUR/JPY;0;440
2;EUR/JPY;0.209288541864192;641
12;EUR/JPY;140.233;441
2;EUR/JPY;0.14086567487051;642
12;EUR/JPY;0;442
2;EUR/JPY;0.067698310842315;643
12;EUR/JPY;0;443
2;EUR/JPY;0.0288344616156022;644
12;EUR/JPY;0;444
2;EUR/JPY;0.0288283349301323;645
12;EUR/JPY;0;445
2;EUR/JPY;0.0171551768812258;646
12;EUR/JPY;0;446
2;EUR/JPY;0.0126907168683454;647
12;EUR/JPY;0;447
2;EUR/JPY;0.0121411846870914;648
12;EUR/JPY;0;448
2;EUR/JPY;0.0141062912939845;649
12;EUR/JPY;0;449
2;EUR/JPY;0.00945924975915082;650
12;EUR/JPY;0;450
2;EUR/JPY;0.00927213047546681;651
12;EUR/JPY;0;451
2;EUR/JPY;0.0170067159842471;652
12;EUR/JPY;0;452
2;EUR/JPY;0.0111721037307588;653
12;EUR/JPY;0;453
2;EUR/JPY;0.0169139312070111;654
12;EUR/JPY;0;454
2;EUR/JPY;0.0166651309715632;655
12;EUR/JPY;0;455
2;EUR/JPY;0.0257311105036495;656
12;EUR/JPY;0;456
2;EUR/JPY;0.0173613262266676;657
12;EUR/JPY;0;457
2;EUR/JPY;0.0228252455073002;658
12;EUR/JPY;0;458
2;EUR/JPY;0.0271902914974418;659
12;EUR/JPY;0;459
2;EUR/JPY;0.0377245181240356;660
12;EUR/JPY;0;460
2;EUR/JPY;0.198932216421774;661
12;EUR/JPY;0;461
2;EUR/JPY;0.375388168894024;662
12;EUR/JPY;141.822;462
2;EUR/JPY;0.480040223781348;663
12;EUR/JPY;0;463
2;EUR/JPY;0.821306227338272;664
12;EUR/JPY;0;464
2;EUR/JPY;0.885542143638008;665
12;EUR/JPY;0;465
4;EUR/JPY;138.636;665
4;EUR/JPY;138.636;662
2;EUR/JPY;0.687444390410598;666
12;EUR/JPY;0;466
2;EUR/JPY;0.590627236993747;667
12;EUR/JPY;0;467
2;EUR/JPY;0.338257725741851;668
12;EUR/JPY;0;468
2;EUR/JPY;0.22003277339921;669
12;EUR/JPY;141.214;469
2;EUR/JPY;0.22930185419461;670
12;EUR/JPY;0;470
2;EUR/JPY;0.393711657274993;671
12;EUR/JPY;0;471
2;EUR/JPY;0.255025639499002;672
12;EUR/JPY;0;472
2;EUR/JPY;0.180698047932117;673
12;EUR/JPY;0;473
2;EUR/JPY;0.142196110555021;674
12;EUR/JPY;0;474
2;EUR/JPY;0.127299172834146;675
12;EUR/JPY;141.997;475
2;EUR/JPY;0.260696797911958;676
12;EUR/JPY;0;476
2;EUR/JPY;0.387676955413801;677
12;EUR/JPY;0;477
2;EUR/JPY;0.752916994780325;678
12;EUR/JPY;0;478
2;EUR/JPY;0.891262448460019;679
12;EUR/JPY;0;479
2;EUR/JPY;0.922846103323417;680
12;EUR/JPY;0;480
2;EUR/JPY;0.945409044432006;681
0;EUR/JPY;138.636;681
12;EUR/JPY;0;481
2;EUR/JPY;0.963329809206269;682
12;EUR/JPY;0;482
2;EUR/JPY;0.956309783223036;683
12;EUR/JPY;0;483
2;EUR/JPY;0.948598963236705;684
12;EUR/JPY;0;484
2;EUR/JPY;0.965428585050694;685
12;EUR/JPY;0;485
2;EUR/JPY;0.971806257816018;686
12;EUR/JPY;0;486
2;EUR/JPY;0.972206749794987;687
12;EUR/JPY;0;487
2;EUR/JPY;0.963048900715077;688
12;EUR/JPY;0;488
2;EUR/JPY;0.952189710339765;689
12;EUR/JPY;0;489
2;EUR/JPY;0.91059344185894;690
12;EUR/JPY;0;490
2;EUR/JPY;0.944425201986643;691
12;EUR/JPY;0;491
2;EUR/JPY;0.860871965967623;692
1;EUR/JPY;138.29;692
12;EUR/JPY;140.991;492
2;EUR/JPY;0.806285310051179;693
0;EUR/JPY;137.823;693
12;EUR/JPY;0;493
2;EUR/JPY;0.742175995027126;694
12;EUR/JPY;0;494
2;EUR/JPY;0.599991850475885;695
12;EUR/JPY;0;495
2;EUR/JPY;0.625141008924719;696
12;EUR/JPY;0;496
2;EUR/JPY;0.354258016768859;697
12;EUR/JPY;0;497
2;EUR/JPY;0.506932322433725;698
1;EUR/JPY;138.112;698
12;EUR/JPY;0;498
2;EUR/JPY;0.299203858879132;699
12;EUR/JPY;0;499
2;EUR/JPY;0.171968254116426;700
12;EUR/JPY;142.47;500
2;EUR/JPY;0.0620003294509616;701
12;EUR/JPY;0;501
2;EUR/JPY;0.0422403180693044;702
12;EUR/JPY;0;502
2;EUR/JPY;0.0447649087257882;703
12;EUR/JPY;0;503
2;EUR/JPY;0.0765414538891103;704
12;EUR/JPY;0;504
2;EUR/JPY;0.149737508493509;705
12;EUR/JPY;141.128;505
2;EUR/JPY;0.195681572983879;706
12;EUR/JPY;0;506
2;EUR/JPY;0.131607034790261;707
12;EUR/JPY;0;507
2;EUR/JPY;0.0426144220000646;708
12;EUR/JPY;0;508
2;EUR/JPY;0.0137940183558835;709
12;EUR/JPY;0;509
2;EUR/JPY;0.0089138755139053;710
12;EUR/JPY;0;510
2;EUR/JPY;0.0131933299294591;711
12;EUR/JPY;0;511
2;EUR/JPY;0.0112583141995177;712
12;EUR/JPY;0;512
2;EUR/JPY;0.0155322117575442;713
12;EUR/JPY;0;513
2;EUR/JPY;0.0109433221206769;714
12;EUR/JPY;0;514
2;EUR/JPY;0.018723947334636;715
12;EUR/JPY;0;515
2;EUR/JPY;0.0120060483349229;716
12;EUR/JPY;0;516
2;EUR/JPY;0.027864164184605;717
12;EUR/JPY;0;517
2;EUR/JPY;0.0201503972223309;718
12;EUR/JPY;0;518
2;EUR/JPY;0.0543175895642743;719
12;EUR/JPY;142.376;519
2;EUR/JPY;0.0690561442953753;720
12;EUR/JPY;0;520
2;EUR/JPY;0.114137333120664;721
12;EUR/JPY;0;521
2;EUR/JPY;0.140724764981094;722
12;EUR/JPY;0;522
2;EUR/JPY;0.13792617112083;723
12;EUR/JPY;0;523
2;EUR/JPY;0.0933078371365283;724
12;EUR/JPY;0;524
2;EUR/JPY;0.0896507194035752;725
12;EUR/JPY;0;525
2;EUR/JPY;0.12490795945799;726
12;EUR/JPY;0;526
2;EUR/JPY;0.203061336444227;727
12;EUR/JPY;0;527
2;EUR/JPY;0.120078455936467;728
12;EUR/JPY;0;528
2;EUR/JPY;0.139553477935387;729
12;EUR/JPY;0;529
2;EUR/JPY;0.150435799387109;730
12;EUR/JPY;0;530
2;EUR/JPY;0.301230404676985;731
12;EUR/JPY;0;531
2;EUR/JPY;0.21065114318899;732
12;EUR/JPY;0;532
2;EUR/JPY;0.211997852519936;733
12;EUR/JPY;0;533
2;EUR/JPY;0.161226359066116;734
12;EUR/JPY;0;534
2;EUR/JPY;0.554456603562356;735
12;EUR/JPY;141.152;535
2;EUR/JPY;0.816332584035607;736
12;EUR/JPY;0;536
2;EUR/JPY;0.886764897387144;737
12;EUR/JPY;0;537
2;EUR/JPY;0.930884934988186;738
12;EUR/JPY;0;538
2;EUR/JPY;0.911312849008182;739
0;EUR/JPY;138.466;739
12;EUR/JPY;0;539
2;EUR/JPY;0.884871160044331;740
12;EUR/JPY;0;540
2;EUR/JPY;0.725627191371776;741
12;EUR/JPY;0;541
2;EUR/JPY;0.448111589580757;742
12;EUR/JPY;0;542
2;EUR/JPY;0.233810276435979;743
12;EUR/JPY;142.364;543
2;EUR/JPY;0.397819702480069;744
12;EUR/JPY;0;544
2;EUR/JPY;0.52982500247567;745
12;EUR/JPY;0;545
2;EUR/JPY;0.686827249490527;746
12;EUR/JPY;0;546
2;EUR/JPY;0.889699658129011;747
12;EUR/JPY;0;547
2;EUR/JPY;0.815426202393469;748
12;EUR/JPY;0;548
2;EUR/JPY;0.696774910056578;749
12;EUR/JPY;139.884;549
2;EUR/JPY;0.584785897007756;750
12;EUR/JPY;0;550
2;EUR/JPY;0.677220179839864;751
12;EUR/JPY;0;551
2;EUR/JPY;0.787690656048257;752
12;EUR/JPY;0;552
2;EUR/JPY;0.76651537241456;753
12;EUR/JPY;0;553
2;EUR/JPY;0.875630430976124;754
12;EUR/JPY;0;554
2;EUR/JPY;0.893320894496015;755
12;EUR/JPY;0;555
2;EUR/JPY;0.904798492460809;756
12;EUR/JPY;0;556
2;EUR/JPY;0.943342008591798;757
12;EUR/JPY;0;557
2;EUR/JPY;0.977809379306345;758
12;EUR/JPY;0;558
2;EUR/JPY;0.973859995392996;759
12;EUR/JPY;0;559
2;EUR/JPY;0.965545453542098;760
12;EUR/JPY;140.944;560
2;EUR/JPY;0.979357460801841;761
12;EUR/JPY;0;561
2;EUR/JPY;0.961682471815538;762
1;EUR/JPY;138.404;762
12;EUR/JPY;0;562
2;EUR/JPY;0.869952476503785;763
12;EUR/JPY;0;563
2;EUR/JPY;0.647666901234155;764
12;EUR/JPY;0;564
2;EUR/JPY;0.627405983185221;765
12;EUR/JPY;0;565
2;EUR/JPY;0.192334427939334;766
12;EUR/JPY;0;566
2;EUR/JPY;0.186551506064547;767
12;EUR/JPY;0;567
2;EUR/JPY;0.185947991616952;768
12;EUR/JPY;0;568
2;EUR/JPY;0.155854763880426;769
12;EUR/JPY;0;569
2;EUR/JPY;0.127787700071338;770
12;EUR/JPY;0;570
2;EUR/JPY;0.0788662332522356;771
12;EUR/JPY;0;571
2;EUR/JPY;0.0539962725636587;772
12;EUR/JPY;0;572
2;EUR/JPY;0.0387615403086255;773
12;EUR/JPY;0;573
2;EUR/JPY;0.0470479871509025;774
12;EUR/JPY;0;574
2;EUR/JPY;0.0453150199024967;775
12;EUR/JPY;0;575
2;EUR/JPY;0.0691292467032518;776
12;EUR/JPY;0;576
2;EUR/JPY;0.110468424126414;777
12;EUR/JPY;0;577
2;EUR/JPY;0.207299946727488;778
12;EUR/JPY;0;578
2;EUR/JPY;0.296684208917931;779
12;EUR/JPY;0;579
2;EUR/JPY;0.223837039483143;780
12;EUR/JPY;0;580
2;EUR/JPY;0.28642881674867;781
12;EUR/JPY;0;581
2;EUR/JPY;0.26286537711375;782
12;EUR/JPY;0;582
2;EUR/JPY;0.15902655512206;783
12;EUR/JPY;0;583
2;EUR/JPY;0.0682608829210098;784
12;EUR/JPY;0;584
2;EUR/JPY;0.112822400700765;785
12;EUR/JPY;0;585
2;EUR/JPY;0.299823946245679;786
12;EUR/JPY;0;586
2;EUR/JPY;0.660558541396966;787
12;EUR/JPY;0;587
2;EUR/JPY;0.856957716036097;788
12;EUR/JPY;0;588
2;EUR/JPY;0.934356109305501;789
12;EUR/JPY;0;589
2;EUR/JPY;0.963654227967485;790
12;EUR/JPY;0;590
2;EUR/JPY;0.956298995096879;791
12;EUR/JPY;0;591
2;EUR/JPY;0.96586789301718;792
12;EUR/JPY;0;592
2;EUR/JPY;0.975101771219887;793
12;EUR/JPY;0;593
2;EUR/JPY;0.96547104325039;794
0;EUR/JPY;138.679;794
12;EUR/JPY;0;594
2;EUR/JPY;0.974351733555839;795
12;EUR/JPY;0;595
2;EUR/JPY;0.968625947651781;796
12;EUR/JPY;0;596
2;EUR/JPY;0.929797229471204;797
12;EUR/JPY;138.146;597
2;EUR/JPY;0.891812973824501;798
12;EUR/JPY;0;598
2;EUR/JPY;0.970896093885264;799
12;EUR/JPY;0;599
2;EUR/JPY;0.97732990322223;800
12;EUR/JPY;0;600
2;EUR/JPY;0.961802694990809;801
12;EUR/JPY;0;601
2;EUR/JPY;0.954677152184811;802
12;EUR/JPY;0;602
2;EUR/JPY;0.976972769017371;803
12;EUR/JPY;0;603
2;EUR/JPY;0.966712333068503;804
12;EUR/JPY;0;604
2;EUR/JPY;0.977713103502601;805
12;EUR/JPY;0;605
2;EUR/JPY;0.974759588605796;806
1;EUR/JPY;138.347;806
12;EUR/JPY;0;606
2;EUR/JPY;0.946942374366025;807
12;EUR/JPY;0;607
2;EUR/JPY;0.744980650431377;808
12;EUR/JPY;0;608
2;EUR/JPY;0.265887877405695;809
12;EUR/JPY;0;609
2;EUR/JPY;0.101938663487123;810
12;EUR/JPY;0;610
2;EUR/JPY;0.0861626854979876;811
12;EUR/JPY;0;611
2;EUR/JPY;0.0408255323211511;812
12;EUR/JPY;0;612
2;EUR/JPY;0.222507843419866;813
0;EUR/JPY;138.347;813
12;EUR/JPY;0;613
2;EUR/JPY;0.431682440716781;814
12;EUR/JPY;0;614
2;EUR/JPY;0.746655397625112;815
12;EUR/JPY;0;615
2;EUR/JPY;0.872640524682296;816
12;EUR/JPY;0;616
2;EUR/JPY;0.903378070004832;817
12;EUR/JPY;0;617
2;EUR/JPY;0.973577043006976;818
12;EUR/JPY;139.363;618
2;EUR/JPY;0.952817798833434;819
12;EUR/JPY;0;619
2;EUR/JPY;0.859429774589853;820
1;EUR/JPY;137.858;820
12;EUR/JPY;0;620
2;EUR/JPY;0.876411876626502;821
12;EUR/JPY;0;621
2;EUR/JPY;0.747550367409986;822
12;EUR/JPY;0;622
2;EUR/JPY;0.341344917939393;823
12;EUR/JPY;0;623
2;EUR/JPY;0.366305367637005;824
12;EUR/JPY;0;624
2;EUR/JPY;0.0818027404706652;825
12;EUR/JPY;0;625
2;EUR/JPY;0.0636133912682891;826
12;EUR/JPY;0;626
2;EUR/JPY;0.0419775226602244;827
12;EUR/JPY;0;627
2;EUR/JPY;0.0303405139901188;828
12;EUR/JPY;0;628
2;EUR/JPY;0.117476197678403;829
12;EUR/JPY;0;629
2;EUR/JPY;0.09341792640956;830
12;EUR/JPY;0;630
2;EUR/JPY;0.294920880692051;831
12;EUR/JPY;0;631
2;EUR/JPY;0.471486014778239;832
12;EUR/JPY;137.977;632
2;EUR/JPY;0.308949131806151;833
12;EUR/JPY;0;633
2;EUR/JPY;0.707793615340094;834
12;EUR/JPY;0;634
2;EUR/JPY;0.749281568767434;835
12;EUR/JPY;0;635
2;EUR/JPY;0.910398321603458;836
0;EUR/JPY;137.855;836
12;EUR/JPY;0;636
2;EUR/JPY;0.894942603349346;837
12;EUR/JPY;0;637
2;EUR/JPY;0.86174113383291;838
12;EUR/JPY;0;638
2;EUR/JPY;0.893619241728287;839
12;EUR/JPY;0;639
2;EUR/JPY;0.845069482772547;840
12;EUR/JPY;0;640
2;EUR/JPY;0.801123105681434;841
12;EUR/JPY;0;641
2;EUR/JPY;0.962628716214798;842
12;EUR/JPY;0;642
2;EUR/JPY;0.956991086945746;843
12;EUR/JPY;0;643
2;EUR/JPY;0.952710996086196;844
12;EUR/JPY;0;644
2;EUR/JPY;0.984489820080995;845
12;EUR/JPY;0;645
2;EUR/JPY;0.978122492459719;846
12;EUR/JPY;0;646
2;EUR/JPY;0.986696498018833;847
12;EUR/JPY;0;647
2;EUR/JPY;0.967996518510129;848
12;EUR/JPY;0;648
2;EUR/JPY;0.95641884621841;849
1;EUR/JPY;137.218;849
12;EUR/JPY;0;649
2;EUR/JPY;0.927708027428798;850
12;EUR/JPY;0;650
2;EUR/JPY;0.915217777560803;851
12;EUR/JPY;0;651
2;EUR/JPY;0.709652738724078;852
12;EUR/JPY;0;652
2;EUR/JPY;0.206884275172498;853
12;EUR/JPY;0;653
2;EUR/JPY;0.38280214332977;854
12;EUR/JPY;139.959;654
2;EUR/JPY;0.681329898003712;855
12;EUR/JPY;0;655
2;EUR/JPY;0.68972998635713;856
12;EUR/JPY;0;656
2;EUR/JPY;0.500625533929836;857
12;EUR/JPY;0;657
2;EUR/JPY;0.630292026448013;858
12;EUR/JPY;0;658
2;EUR/JPY;0.251445700480807;859
12;EUR/JPY;0;659
2;EUR/JPY;0.0513026552195847;860
12;EUR/JPY;0;660
2;EUR/JPY;0.055047855443769;861
0;EUR/JPY;137.07;861
12;EUR/JPY;0;661
2;EUR/JPY;0.0902647593269048;862
12;EUR/JPY;0;662
2;EUR/JPY;0.228097194980205;863
12;EUR/JPY;138.676;663
2;EUR/JPY;0.500824331803363;864
12;EUR/JPY;0;664
2;EUR/JPY;0.754133503286655;865
12;EUR/JPY;0;665
2;EUR/JPY;0.838107587646301;866
12;EUR/JPY;0;666
2;EUR/JPY;0.956942342035243;867
12;EUR/JPY;0;667
2;EUR/JPY;0.980289566052345;868
12;EUR/JPY;0;668
2;EUR/JPY;0.912371304318402;869
12;EUR/JPY;0;669
2;EUR/JPY;0.472102638942418;870
12;EUR/JPY;0;670
2;EUR/JPY;0.562560505498873;871
12;EUR/JPY;140.091;671
2;EUR/JPY;0.389237989506525;872
12;EUR/JPY;0;672
2;EUR/JPY;0.34000579540969;873
12;EUR/JPY;0;673
2;EUR/JPY;0.0885114106875406;874
12;EUR/JPY;0;674
2;EUR/JPY;0.0495226176736098;875
12;EUR/JPY;0;675
2;EUR/JPY;0.0464481324760242;876
12;EUR/JPY;0;676
2;EUR/JPY;0.0586611190362952;877
12;EUR/JPY;0;677
2;EUR/JPY;0.0288694691280578;878
12;EUR/JPY;0;678
2;EUR/JPY;0.0208814715940067;879
12;EUR/JPY;0;679
2;EUR/JPY;0.0253873189131094;880
12;EUR/JPY;0;680
2;EUR/JPY;0.0478376374364594;881
12;EUR/JPY;0;681
2;EUR/JPY;0.194934855950915;882
12;EUR/JPY;0;682
2;EUR/JPY;0.600176190177257;883
12;EUR/JPY;0;683
2;EUR/JPY;0.761700349115867;884
12;EUR/JPY;0;684
2;EUR/JPY;0.7674228364933;885
12;EUR/JPY;0;685
2;EUR/JPY;0.349272321228396;886
12;EUR/JPY;0;686
2;EUR/JPY;0.0887565482973982;887
12;EUR/JPY;0;687
2;EUR/JPY;0.110909665692188;888
12;EUR/JPY;0;688
2;EUR/JPY;0.0375657591006611;889
12;EUR/JPY;0;689
2;EUR/JPY;0.0172402526938193;890
12;EUR/JPY;0;690
2;EUR/JPY;0.018495756060071;891
12;EUR/JPY;0;691
2;EUR/JPY;0.0138075625153012;892
12;EUR/JPY;0;692
2;EUR/JPY;0.0267520389023191;893
12;EUR/JPY;0;693
2;EUR/JPY;0.0657559286772063;894
12;EUR/JPY;0;694
2;EUR/JPY;0.244566513919732;895
12;EUR/JPY;0;695
2;EUR/JPY;0.423990571112408;896
12;EUR/JPY;0;696
2;EUR/JPY;0.849849813708335;897
12;EUR/JPY;0;697
2;EUR/JPY;0.522782898275744;898
12;EUR/JPY;0;698
2;EUR/JPY;0.238038133811997;899
12;EUR/JPY;0;699
2;EUR/JPY;0.0537562535957582;900
12;EUR/JPY;0;700
2;EUR/JPY;0.0191367428569218;901
12;EUR/JPY;0;701
2;EUR/JPY;0.0284220819635239;902
12;EUR/JPY;0;702
2;EUR/JPY;0.011225963206977;903
12;EUR/JPY;137.706;703
2;EUR/JPY;0.0161715284949354;904
12;EUR/JPY;0;704
2;EUR/JPY;0.0472564254913031;905
12;EUR/JPY;0;705
2;EUR/JPY;0.026794443388786;906
12;EUR/JPY;0;706
2;EUR/JPY;0.126866874306135;907
12;EUR/JPY;0;707
2;EUR/JPY;0.108487328860491;908
12;EUR/JPY;0;708
2;EUR/JPY;0.162431928435272;909
12;EUR/JPY;0;709
2;EUR/JPY;0.0648242923923102;910
12;EUR/JPY;0;710
2;EUR/JPY;0.0320636898576774;911
12;EUR/JPY;0;711
2;EUR/JPY;0.0977768581966792;912
12;EUR/JPY;0;712
2;EUR/JPY;0.0602440288473729;913
12;EUR/JPY;0;713
2;EUR/JPY;0.0412839581898768;914
12;EUR/JPY;0;714
2;EUR/JPY;0.0474448584446733;915
12;EUR/JPY;0;715
2;EUR/JPY;0.186997526723468;916
12;EUR/JPY;0;716
2;EUR/JPY;0.269949010194217;917
12;EUR/JPY;0;717
2;EUR/JPY;0.649251402846408;918
12;EUR/JPY;0;718
2;EUR/JPY;0.815066368487471;919
12;EUR/JPY;0;719
2;EUR/JPY;0.922622794480243;920
12;EUR/JPY;0;720
2;EUR/JPY;0.955787235250688;921
12;EUR/JPY;0;721
2;EUR/JPY;0.910987199378251;922
12;EUR/JPY;0;722
2;EUR/JPY;0.966640618298699;923
12;EUR/JPY;0;723
2;EUR/JPY;0.947693118723422;924
12;EUR/JPY;0;724
2;EUR/JPY;0.965820310830531;925
12;EUR/JPY;0;725
2;EUR/JPY;0.98156458745626;926
12;EUR/JPY;0;726
2;EUR/JPY;0.979674395011285;927
12;EUR/JPY;0;727
2;EUR/JPY;0.984208012828101;928
12;EUR/JPY;138.893;728
2;EUR/JPY;0.981236723630522;929
12;EUR/JPY;0;729
2;EUR/JPY;0.986426109165776;930
12;EUR/JPY;0;730
2;EUR/JPY;0.974475261337357;931
12;EUR/JPY;0;731
2;EUR/JPY;0.985692624537782;932
1;EUR/JPY;136.798;932
12;EUR/JPY;0;732
2;EUR/JPY;0.9827853580624;933
12;EUR/JPY;0;733
2;EUR/JPY;0.929199230823157;934
12;EUR/JPY;138.282;734
2;EUR/JPY;0.882152967682419;935
12;EUR/JPY;0;735
2;EUR/JPY;0.861429024662271;936
12;EUR/JPY;0;736
2;EUR/JPY;0.859192216613254;937
0;EUR/JPY;136.105;937
12;EUR/JPY;0;737
2;EUR/JPY;0.953345308179905;938
12;EUR/JPY;0;738
2;EUR/JPY;0.933667729586403;939
12;EUR/JPY;0;739
2;EUR/JPY;0.89675859256357;940
1;EUR/JPY;136.472;940
12;EUR/JPY;138.925;740
2;EUR/JPY;0.739924106969557;941
12;EUR/JPY;0;741
2;EUR/JPY;0.0924826389428594;942
12;EUR/JPY;0;742
2;EUR/JPY;0.0505490940433883;943
12;EUR/JPY;0;743
2;EUR/JPY;0.0260816409293832;944
12;EUR/JPY;0;744
2;EUR/JPY;0.0166193336062876;945
12;EUR/JPY;0;745
2;EUR/JPY;0.0443442324931861;946
12;EUR/JPY;0;746
2;EUR/JPY;0.0249663902108332;947
12;EUR/JPY;0;747
2;EUR/JPY;0.0997154004294221;948
12;EUR/JPY;0;748
2;EUR/JPY;0.0258955501269351;949
12;EUR/JPY;0;749
2;EUR/JPY;0.0197856929380751;950
12;EUR/JPY;0;750
2;EUR/JPY;0.104768474806239;951
0;EUR/JPY;136.472;951
12;EUR/JPY;0;751
2;EUR/JPY;0.318684483954248;952
12;EUR/JPY;0;752
2;EUR/JPY;0.587247821316461;953
12;EUR/JPY;137.922;753
2;EUR/JPY;0.482620405098911;954
12;EUR/JPY;0;754
2;EUR/JPY;0.820459834000049;955
12;EUR/JPY;0;755
2;EUR/JPY;0.226274223557594;956
12;EUR/JPY;0;756
2;EUR/JPY;0.16742467142075;957
12;EUR/JPY;0;757
2;EUR/JPY;0.0286037759903965;958
12;EUR/JPY;0;758
2;EUR/JPY;0.0119594092250196;959
12;EUR/JPY;0;759
2;EUR/JPY;0.0155797886036614;960
12;EUR/JPY;0;760
2;EUR/JPY;0.0222688345841695;961
12;EUR/JPY;0;761
2;EUR/JPY;0.0313225401839266;962
12;EUR/JPY;0;762
2;EUR/JPY;0.0481128431651644;963
12;EUR/JPY;0;763
2;EUR/JPY;0.142220918162545;964
12;EUR/JPY;0;764
2;EUR/JPY;0.113872573917584;965
12;EUR/JPY;0;765
2;EUR/JPY;0.141254714601583;966
12;EUR/JPY;0;766
2;EUR/JPY;0.371211485362393;967
12;EUR/JPY;0;767
2;EUR/JPY;0.879895471703484;968
12;EUR/JPY;0;768
2;EUR/JPY;0.642999102715918;969
12;EUR/JPY;0;769
2;EUR/JPY;0.37647430161057;970
12;EUR/JPY;0;770
2;EUR/JPY;0.6431792142904;971
12;EUR/JPY;0;771
2;EUR/JPY;0.602131358530393;972
12;EUR/JPY;0;772
2;EUR/JPY;0.302633496941943;973
12;EUR/JPY;0;773
2;EUR/JPY;0.463641464556347;974
12;EUR/JPY;0;774
2;EUR/JPY;0.487783524906952;975
12;EUR/JPY;0;775
2;EUR/JPY;0.291785946133638;976
12;EUR/JPY;0;776
2;EUR/JPY;0.164446049458096;977
12;EUR/JPY;0;777
2;EUR/JPY;0.273860077838329;978
12;EUR/JPY;0;778
2;EUR/JPY;0.504175206151889;979
12;EUR/JPY;0;779
2;EUR/JPY;0.482596750615757;980
12;EUR/JPY;0;780
2;EUR/JPY;0.953195401394097;981
12;EUR/JPY;139.279;781
2;EUR/JPY;0.958586870450824;982
12;EUR/JPY;0;782
2;EUR/JPY;0.935232774302774;983
12;EUR/JPY;0;783
2;EUR/JPY;0.969680244015871;984
12;EUR/JPY;0;784
2;EUR/JPY;0.7254369617779;985
12;EUR/JPY;0;785
2;EUR/JPY;0.190529379869366;986
12;EUR/JPY;0;786
2;EUR/JPY;0.462016909495566;987
12;EUR/JPY;0;787
2;EUR/JPY;0.233292313073762;988
12;EUR/JPY;0;788
2;EUR/JPY;0.0619483195599069;989
12;EUR/JPY;0;789
2;EUR/JPY;0.0558945448273031;990
12;EUR/JPY;0;790
2;EUR/JPY;0.0791218537430884;991
12;EUR/JPY;0;791
2;EUR/JPY;0.0531885270634262;992
12;EUR/JPY;0;792
2;EUR/JPY;0.0958170044393402;993
12;EUR/JPY;0;793
2;EUR/JPY;0.112042532323683;994
12;EUR/JPY;0;794
2;EUR/JPY;0.0731860181683865;995
12;EUR/JPY;0;795
2;EUR/JPY;0.151352305731867;996
