12;GBP/CHF;0;-200
12;GBP/CHF;0;-199
12;GBP/CHF;0;-198
12;GBP/CHF;0;-197
12;GBP/CHF;0;-196
12;GBP/CHF;0;-195
12;GBP/CHF;0;-194
12;GBP/CHF;0;-193
12;GBP/CHF;0;-192
12;GBP/CHF;0;-191
12;GBP/CHF;0;-190
12;GBP/CHF;0;-189
12;GBP/CHF;0;-188
12;GBP/CHF;0;-187
12;GBP/CHF;0;-186
12;GBP/CHF;0;-185
12;GBP/CHF;0;-184
12;GBP/CHF;0;-183
12;GBP/CHF;0;-182
12;GBP/CHF;0;-181
12;GBP/CHF;0;-180
12;GBP/CHF;0;-179
12;GBP/CHF;0;-178
12;GBP/CHF;0;-177
12;GBP/CHF;0;-176
12;GBP/CHF;0;-175
12;GBP/CHF;0;-174
12;GBP/CHF;0;-173
12;GBP/CHF;0;-172
12;GBP/CHF;0;-171
12;GBP/CHF;0;-170
12;GBP/CHF;0;-169
12;GBP/CHF;0;-168
12;GBP/CHF;0;-167
12;GBP/CHF;0;-166
12;GBP/CHF;0;-165
12;GBP/CHF;0;-164
12;GBP/CHF;0;-163
12;GBP/CHF;0;-162
12;GBP/CHF;0;-161
12;GBP/CHF;0;-160
12;GBP/CHF;0;-159
12;GBP/CHF;0;-158
12;GBP/CHF;0;-157
12;GBP/CHF;0;-156
12;GBP/CHF;0;-155
12;GBP/CHF;0;-154
12;GBP/CHF;0;-153
12;GBP/CHF;0;-152
12;GBP/CHF;0;-151
12;GBP/CHF;0;-150
12;GBP/CHF;0;-149
1;GBP/CHF;1.48107;52
12;GBP/CHF;0;-148
12;GBP/CHF;0;-147
12;GBP/CHF;0;-146
12;GBP/CHF;0;-145
12;GBP/CHF;0;-144
12;GBP/CHF;0;-143
12;GBP/CHF;0;-142
12;GBP/CHF;0;-141
12;GBP/CHF;0;-140
12;GBP/CHF;0;-139
12;GBP/CHF;0;-138
12;GBP/CHF;0;-137
0;GBP/CHF;1.48106;64
12;GBP/CHF;0;-136
12;GBP/CHF;0;-135
12;GBP/CHF;0;-134
12;GBP/CHF;0;-133
12;GBP/CHF;0;-132
12;GBP/CHF;0;-131
12;GBP/CHF;0;-130
12;GBP/CHF;0;-129
12;GBP/CHF;0;-128
12;GBP/CHF;0;-127
12;GBP/CHF;0;-126
12;GBP/CHF;0;-125
12;GBP/CHF;0;-124
12;GBP/CHF;0;-123
12;GBP/CHF;0;-122
12;GBP/CHF;0;-121
12;GBP/CHF;0;-120
12;GBP/CHF;0;-119
12;GBP/CHF;0;-118
12;GBP/CHF;0;-117
12;GBP/CHF;0;-116
12;GBP/CHF;0;-115
12;GBP/CHF;0;-114
12;GBP/CHF;0;-113
12;GBP/CHF;0;-112
12;GBP/CHF;0;-111
12;GBP/CHF;0;-110
12;GBP/CHF;0;-109
12;GBP/CHF;0;-108
12;GBP/CHF;0;-107
12;GBP/CHF;0;-106
12;GBP/CHF;0;-105
12;GBP/CHF;0;-104
12;GBP/CHF;0;-103
12;GBP/CHF;0;-102
12;GBP/CHF;0;-101
12;GBP/CHF;0;-100
12;GBP/CHF;0;-99
12;GBP/CHF;0;-98
12;GBP/CHF;0;-97
12;GBP/CHF;0;-96
12;GBP/CHF;0;-95
1;GBP/CHF;1.48608;106
12;GBP/CHF;0;-94
12;GBP/CHF;0;-93
12;GBP/CHF;0;-92
12;GBP/CHF;0;-91
12;GBP/CHF;0;-90
12;GBP/CHF;0;-89
12;GBP/CHF;0;-88
12;GBP/CHF;0;-87
12;GBP/CHF;0;-86
12;GBP/CHF;0;-85
12;GBP/CHF;0;-84
0;GBP/CHF;1.48605;117
12;GBP/CHF;0;-83
12;GBP/CHF;0;-82
12;GBP/CHF;0;-81
12;GBP/CHF;0;-80
12;GBP/CHF;0;-79
12;GBP/CHF;0;-78
12;GBP/CHF;0;-77
12;GBP/CHF;0;-76
12;GBP/CHF;0;-75
12;GBP/CHF;0;-74
12;GBP/CHF;0;-73
12;GBP/CHF;0;-72
12;GBP/CHF;0;-71
12;GBP/CHF;0;-70
12;GBP/CHF;0;-69
12;GBP/CHF;0;-68
12;GBP/CHF;0;-67
12;GBP/CHF;0;-66
12;GBP/CHF;0;-65
12;GBP/CHF;0;-64
12;GBP/CHF;0;-63
12;GBP/CHF;0;-62
12;GBP/CHF;0;-61
12;GBP/CHF;0;-60
12;GBP/CHF;0;-59
1;GBP/CHF;1.47586;142
12;GBP/CHF;0;-58
12;GBP/CHF;0;-57
12;GBP/CHF;0;-56
12;GBP/CHF;0;-55
12;GBP/CHF;0;-54
12;GBP/CHF;0;-53
12;GBP/CHF;0;-52
12;GBP/CHF;0;-51
12;GBP/CHF;0;-50
12;GBP/CHF;0;-49
12;GBP/CHF;0;-48
12;GBP/CHF;0;-47
0;GBP/CHF;1.46423;154
12;GBP/CHF;0;-46
12;GBP/CHF;0;-45
12;GBP/CHF;0;-44
12;GBP/CHF;0;-43
12;GBP/CHF;0;-42
1;GBP/CHF;1.47297;159
12;GBP/CHF;0;-41
12;GBP/CHF;0;-40
12;GBP/CHF;0;-39
12;GBP/CHF;0;-38
12;GBP/CHF;0;-37
0;GBP/CHF;1.47297;164
12;GBP/CHF;0;-36
12;GBP/CHF;0;-35
12;GBP/CHF;0;-34
12;GBP/CHF;0;-33
12;GBP/CHF;0;-32
12;GBP/CHF;0;-31
12;GBP/CHF;0;-30
12;GBP/CHF;0;-29
12;GBP/CHF;0;-28
12;GBP/CHF;0;-27
12;GBP/CHF;0;-26
12;GBP/CHF;0;-25
12;GBP/CHF;0;-24
12;GBP/CHF;0;-23
12;GBP/CHF;0;-22
12;GBP/CHF;0;-21
12;GBP/CHF;0;-20
12;GBP/CHF;0;-19
12;GBP/CHF;0;-18
12;GBP/CHF;0;-17
12;GBP/CHF;0;-16
12;GBP/CHF;0;-15
12;GBP/CHF;0;-14
12;GBP/CHF;0;-13
12;GBP/CHF;0;-12
12;GBP/CHF;0;-11
12;GBP/CHF;0;-10
12;GBP/CHF;0;-9
12;GBP/CHF;0;-8
12;GBP/CHF;0;-7
12;GBP/CHF;0;-6
12;GBP/CHF;0;-5
12;GBP/CHF;0;-4
12;GBP/CHF;0;-3
12;GBP/CHF;0;-2
12;GBP/CHF;0;-1
12;GBP/CHF;0;0
12;GBP/CHF;0;1
12;GBP/CHF;1.48763;2
12;GBP/CHF;0;3
12;GBP/CHF;0;4
12;GBP/CHF;0;5
12;GBP/CHF;0;6
12;GBP/CHF;0;7
12;GBP/CHF;0;8
12;GBP/CHF;0;9
1;GBP/CHF;1.48295;210
12;GBP/CHF;0;10
12;GBP/CHF;0;11
0;GBP/CHF;1.47752;212
12;GBP/CHF;0;12
12;GBP/CHF;0;13
1;GBP/CHF;1.48391;214
12;GBP/CHF;1.4773;14
12;GBP/CHF;0;15
12;GBP/CHF;0;16
12;GBP/CHF;0;17
12;GBP/CHF;0;18
12;GBP/CHF;0;19
12;GBP/CHF;0;20
0;GBP/CHF;1.47658;221
12;GBP/CHF;0;21
12;GBP/CHF;0;22
12;GBP/CHF;0;23
12;GBP/CHF;0;24
12;GBP/CHF;0;25
12;GBP/CHF;0;26
1;GBP/CHF;1.47966;227
12;GBP/CHF;0;27
12;GBP/CHF;0;28
12;GBP/CHF;0;29
12;GBP/CHF;0;30
0;GBP/CHF;1.4788;231
12;GBP/CHF;0;31
12;GBP/CHF;0;32
12;GBP/CHF;1.50249;33
12;GBP/CHF;0;34
12;GBP/CHF;0;35
12;GBP/CHF;0;36
12;GBP/CHF;0;37
12;GBP/CHF;0;38
12;GBP/CHF;0;39
12;GBP/CHF;0;40
12;GBP/CHF;0;41
12;GBP/CHF;0;42
12;GBP/CHF;0;43
12;GBP/CHF;0;44
12;GBP/CHF;0;45
12;GBP/CHF;0;46
12;GBP/CHF;1.47262;47
12;GBP/CHF;0;48
12;GBP/CHF;0;49
12;GBP/CHF;0;50
12;GBP/CHF;0;51
12;GBP/CHF;0;52
12;GBP/CHF;0;53
12;GBP/CHF;0;54
12;GBP/CHF;0;55
12;GBP/CHF;0;56
1;GBP/CHF;1.4722;257
12;GBP/CHF;1.49138;57
12;GBP/CHF;0;58
12;GBP/CHF;0;59
12;GBP/CHF;0;60
12;GBP/CHF;0;61
12;GBP/CHF;0;62
12;GBP/CHF;0;63
12;GBP/CHF;0;64
12;GBP/CHF;0;65
12;GBP/CHF;0;66
12;GBP/CHF;1.4773;67
12;GBP/CHF;0;68
12;GBP/CHF;0;69
12;GBP/CHF;0;70
12;GBP/CHF;0;71
12;GBP/CHF;0;72
12;GBP/CHF;0;73
12;GBP/CHF;0;74
12;GBP/CHF;0;75
12;GBP/CHF;0;76
0;GBP/CHF;1.47209;277
12;GBP/CHF;0;77
12;GBP/CHF;0;78
12;GBP/CHF;0;79
12;GBP/CHF;0;80
12;GBP/CHF;0;81
12;GBP/CHF;0;82
12;GBP/CHF;0;83
12;GBP/CHF;0;84
12;GBP/CHF;0;85
12;GBP/CHF;0;86
12;GBP/CHF;0;87
12;GBP/CHF;0;88
12;GBP/CHF;0;89
12;GBP/CHF;1.51229;90
1;GBP/CHF;1.46397;291
12;GBP/CHF;0;91
12;GBP/CHF;0;92
0;GBP/CHF;1.45893;293
12;GBP/CHF;0;93
12;GBP/CHF;0;94
12;GBP/CHF;0;95
12;GBP/CHF;0;96
1;GBP/CHF;1.46035;297
0;GBP/CHF;1.45726;297
12;GBP/CHF;0;97
12;GBP/CHF;0;98
12;GBP/CHF;0;99
12;GBP/CHF;0;100
12;GBP/CHF;1.47208;101
1;GBP/CHF;1.45427;302
12;GBP/CHF;0;102
0;GBP/CHF;1.45094;303
12;GBP/CHF;0;103
1;GBP/CHF;1.45617;304
12;GBP/CHF;0;104
12;GBP/CHF;0;105
12;GBP/CHF;0;106
12;GBP/CHF;0;107
12;GBP/CHF;0;108
0;GBP/CHF;1.45068;309
12;GBP/CHF;0;109
12;GBP/CHF;0;110
12;GBP/CHF;1.49308;111
12;GBP/CHF;0;112
12;GBP/CHF;0;113
12;GBP/CHF;0;114
12;GBP/CHF;0;115
12;GBP/CHF;0;116
12;GBP/CHF;0;117
12;GBP/CHF;0;118
12;GBP/CHF;0;119
12;GBP/CHF;0;120
12;GBP/CHF;0;121
12;GBP/CHF;1.47878;122
12;GBP/CHF;0;123
12;GBP/CHF;0;124
12;GBP/CHF;0;125
12;GBP/CHF;0;126
12;GBP/CHF;0;127
12;GBP/CHF;0;128
12;GBP/CHF;1.49301;129
12;GBP/CHF;0;130
2;GBP/CHF;0.381444370470272;331
12;GBP/CHF;0;131
2;GBP/CHF;0.319952076593023;332
12;GBP/CHF;0;132
2;GBP/CHF;0.184089920312996;333
12;GBP/CHF;0;133
2;GBP/CHF;0.099003235176433;334
12;GBP/CHF;0;134
2;GBP/CHF;0.0678733842101067;335
12;GBP/CHF;0;135
2;GBP/CHF;0.097074628390351;336
12;GBP/CHF;0;136
2;GBP/CHF;0.114523970165521;337
12;GBP/CHF;0;137
2;GBP/CHF;0.12990465391791;338
12;GBP/CHF;0;138
2;GBP/CHF;0.128129063630916;339
12;GBP/CHF;0;139
2;GBP/CHF;0.190845286641541;340
12;GBP/CHF;0;140
2;GBP/CHF;0.224384815893093;341
12;GBP/CHF;0;141
2;GBP/CHF;0.26257351784873;342
12;GBP/CHF;0;142
2;GBP/CHF;0.434738104217332;343
12;GBP/CHF;0;143
2;GBP/CHF;0.620103200892394;344
12;GBP/CHF;0;144
2;GBP/CHF;0.564673782169346;345
12;GBP/CHF;0;145
2;GBP/CHF;0.387942977117;346
12;GBP/CHF;0;146
2;GBP/CHF;0.297565198011876;347
12;GBP/CHF;0;147
2;GBP/CHF;0.270438581559988;348
12;GBP/CHF;0;148
2;GBP/CHF;0.383287586774874;349
12;GBP/CHF;0;149
2;GBP/CHF;0.396393255726685;350
12;GBP/CHF;0;150
2;GBP/CHF;0.400721303711651;351
12;GBP/CHF;0;151
2;GBP/CHF;0.28516334960852;352
12;GBP/CHF;0;152
2;GBP/CHF;0.215631614431726;353
12;GBP/CHF;1.46268;153
2;GBP/CHF;0.209257874059468;354
12;GBP/CHF;0;154
2;GBP/CHF;0.241717342836958;355
12;GBP/CHF;0;155
2;GBP/CHF;0.239765441541985;356
12;GBP/CHF;0;156
2;GBP/CHF;0.218247035212562;357
12;GBP/CHF;0;157
2;GBP/CHF;0.194688947144848;358
12;GBP/CHF;0;158
2;GBP/CHF;0.196071872009364;359
12;GBP/CHF;1.47772;159
2;GBP/CHF;0.118886354374949;360
12;GBP/CHF;0;160
2;GBP/CHF;0.113350001143952;361
12;GBP/CHF;0;161
2;GBP/CHF;0.139588685660666;362
12;GBP/CHF;0;162
2;GBP/CHF;0.15566366334868;363
12;GBP/CHF;0;163
2;GBP/CHF;0.0880599218520408;364
12;GBP/CHF;0;164
2;GBP/CHF;0.0608879190665983;365
12;GBP/CHF;0;165
2;GBP/CHF;0.0649911760313263;366
12;GBP/CHF;0;166
2;GBP/CHF;0.0786597143165721;367
12;GBP/CHF;0;167
2;GBP/CHF;0.115736763259584;368
12;GBP/CHF;0;168
2;GBP/CHF;0.147486423884346;369
12;GBP/CHF;0;169
2;GBP/CHF;0.130082239744773;370
12;GBP/CHF;1.46738;170
2;GBP/CHF;0.103498469915616;371
12;GBP/CHF;0;171
2;GBP/CHF;0.076690075793646;372
12;GBP/CHF;0;172
2;GBP/CHF;0.0841577291860388;373
12;GBP/CHF;0;173
2;GBP/CHF;0.119385459802189;374
12;GBP/CHF;0;174
2;GBP/CHF;0.118479721347572;375
12;GBP/CHF;0;175
2;GBP/CHF;0.111272422433979;376
12;GBP/CHF;0;176
2;GBP/CHF;0.137775812562457;377
12;GBP/CHF;0;177
2;GBP/CHF;0.19674280753141;378
12;GBP/CHF;0;178
2;GBP/CHF;0.325359858971121;379
12;GBP/CHF;0;179
2;GBP/CHF;0.316931716415407;380
12;GBP/CHF;0;180
2;GBP/CHF;0.532004096817751;381
12;GBP/CHF;0;181
2;GBP/CHF;0.561027104805436;382
12;GBP/CHF;0;182
2;GBP/CHF;0.621386168750723;383
12;GBP/CHF;0;183
2;GBP/CHF;0.733646256813356;384
12;GBP/CHF;0;184
2;GBP/CHF;0.836217327049127;385
12;GBP/CHF;0;185
2;GBP/CHF;0.885155777331433;386
12;GBP/CHF;0;186
2;GBP/CHF;0.873247829913925;387
12;GBP/CHF;0;187
2;GBP/CHF;0.813225841100631;388
1;GBP/CHF;1.47217;388
12;GBP/CHF;0;188
2;GBP/CHF;0.675321704574348;389
12;GBP/CHF;0;189
2;GBP/CHF;0.632283920022675;390
12;GBP/CHF;0;190
2;GBP/CHF;0.496838205407126;391
12;GBP/CHF;0;191
2;GBP/CHF;0.324387419580499;392
12;GBP/CHF;1.49758;192
2;GBP/CHF;0.234897906741932;393
0;GBP/CHF;1.47217;393
12;GBP/CHF;0;193
2;GBP/CHF;0.165919700656152;394
12;GBP/CHF;0;194
2;GBP/CHF;0.125372627456875;395
12;GBP/CHF;0;195
2;GBP/CHF;0.127902047938038;396
12;GBP/CHF;0;196
2;GBP/CHF;0.14094643392662;397
12;GBP/CHF;0;197
2;GBP/CHF;0.143029387523881;398
12;GBP/CHF;0;198
2;GBP/CHF;0.11706634909227;399
12;GBP/CHF;0;199
2;GBP/CHF;0.085285615080298;400
12;GBP/CHF;0;200
2;GBP/CHF;0.126847303202255;401
12;GBP/CHF;0;201
2;GBP/CHF;0.21143192768932;402
12;GBP/CHF;0;202
2;GBP/CHF;0.311153208344639;403
12;GBP/CHF;0;203
2;GBP/CHF;0.272039224847632;404
12;GBP/CHF;0;204
2;GBP/CHF;0.337335151386143;405
12;GBP/CHF;0;205
2;GBP/CHF;0.407530869307126;406
12;GBP/CHF;0;206
2;GBP/CHF;0.395439546441121;407
12;GBP/CHF;0;207
2;GBP/CHF;0.447974017686377;408
12;GBP/CHF;0;208
2;GBP/CHF;0.449919660428902;409
12;GBP/CHF;0;209
2;GBP/CHF;0.569103993825615;410
12;GBP/CHF;0;210
2;GBP/CHF;0.571012717479242;411
12;GBP/CHF;0;211
2;GBP/CHF;0.409481724884113;412
1;GBP/CHF;1.48017;412
12;GBP/CHF;0;212
2;GBP/CHF;0.356095276508401;413
0;GBP/CHF;1.47942;413
12;GBP/CHF;0;213
2;GBP/CHF;0.382316511453855;414
12;GBP/CHF;0;214
2;GBP/CHF;0.284510827475174;415
12;GBP/CHF;0;215
2;GBP/CHF;0.306717916263688;416
12;GBP/CHF;0;216
2;GBP/CHF;0.207247692198851;417
12;GBP/CHF;0;217
2;GBP/CHF;0.148264804116852;418
12;GBP/CHF;0;218
2;GBP/CHF;0.145206643349849;419
12;GBP/CHF;0;219
2;GBP/CHF;0.181708430935492;420
12;GBP/CHF;0;220
2;GBP/CHF;0.197049157575194;421
12;GBP/CHF;0;221
2;GBP/CHF;0.292027916504164;422
12;GBP/CHF;0;222
2;GBP/CHF;0.306866665097271;423
12;GBP/CHF;0;223
2;GBP/CHF;0.385299000449474;424
12;GBP/CHF;1.47165;224
2;GBP/CHF;0.477767495732871;425
12;GBP/CHF;0;225
2;GBP/CHF;0.624085155071026;426
12;GBP/CHF;0;226
2;GBP/CHF;0.775777255349824;427
12;GBP/CHF;0;227
2;GBP/CHF;0.797116246272534;428
12;GBP/CHF;0;228
2;GBP/CHF;0.724256117288569;429
12;GBP/CHF;0;229
2;GBP/CHF;0.605134947796691;430
12;GBP/CHF;0;230
2;GBP/CHF;0.885059567476261;431
12;GBP/CHF;0;231
2;GBP/CHF;0.833094533649801;432
12;GBP/CHF;0;232
2;GBP/CHF;0.820031808904143;433
1;GBP/CHF;1.46733;433
12;GBP/CHF;0;233
2;GBP/CHF;0.840283179186519;434
12;GBP/CHF;0;234
2;GBP/CHF;0.776406677325561;435
12;GBP/CHF;0;235
2;GBP/CHF;0.672620671241695;436
12;GBP/CHF;0;236
2;GBP/CHF;0.650115756519171;437
12;GBP/CHF;1.48587;237
2;GBP/CHF;0.494198829962602;438
12;GBP/CHF;0;238
2;GBP/CHF;0.503119004517989;439
12;GBP/CHF;0;239
2;GBP/CHF;0.397063825241435;440
12;GBP/CHF;0;240
2;GBP/CHF;0.244191297342556;441
12;GBP/CHF;0;241
2;GBP/CHF;0.349685654532161;442
12;GBP/CHF;0;242
2;GBP/CHF;0.328342232095079;443
12;GBP/CHF;0;243
2;GBP/CHF;0.371230341384712;444
12;GBP/CHF;0;244
2;GBP/CHF;0.45716337696349;445
12;GBP/CHF;0;245
2;GBP/CHF;0.652147763736245;446
12;GBP/CHF;0;246
2;GBP/CHF;0.669353888324912;447
12;GBP/CHF;0;247
2;GBP/CHF;0.687961613478596;448
12;GBP/CHF;0;248
2;GBP/CHF;0.619225779318538;449
12;GBP/CHF;0;249
2;GBP/CHF;0.500256313397058;450
12;GBP/CHF;0;250
2;GBP/CHF;0.515202993787173;451
12;GBP/CHF;0;251
2;GBP/CHF;0.436112730536001;452
12;GBP/CHF;0;252
2;GBP/CHF;0.305455841128922;453
12;GBP/CHF;0;253
2;GBP/CHF;0.259558362761062;454
12;GBP/CHF;0;254
2;GBP/CHF;0.194714110105434;455
12;GBP/CHF;0;255
2;GBP/CHF;0.176686945615536;456
12;GBP/CHF;1.46928;256
2;GBP/CHF;0.15552508546552;457
12;GBP/CHF;0;257
2;GBP/CHF;0.117200487040686;458
12;GBP/CHF;0;258
2;GBP/CHF;0.104989780118614;459
12;GBP/CHF;0;259
2;GBP/CHF;0.138839287061137;460
12;GBP/CHF;0;260
2;GBP/CHF;0.118316314062398;461
12;GBP/CHF;0;261
2;GBP/CHF;0.0920812055545463;462
12;GBP/CHF;0;262
2;GBP/CHF;0.107283611185577;463
12;GBP/CHF;0;263
2;GBP/CHF;0.0827759369834057;464
12;GBP/CHF;0;264
2;GBP/CHF;0.0904736368023866;465
12;GBP/CHF;0;265
2;GBP/CHF;0.0928045133014266;466
12;GBP/CHF;0;266
2;GBP/CHF;0.074856411259789;467
12;GBP/CHF;0;267
2;GBP/CHF;0.0905967694194825;468
12;GBP/CHF;0;268
2;GBP/CHF;0.1058525603123;469
12;GBP/CHF;0;269
2;GBP/CHF;0.0933106470981708;470
12;GBP/CHF;0;270
2;GBP/CHF;0.122658296183395;471
12;GBP/CHF;0;271
2;GBP/CHF;0.133766941760348;472
12;GBP/CHF;1.48653;272
2;GBP/CHF;0.127237826260797;473
12;GBP/CHF;0;273
2;GBP/CHF;0.109355913175786;474
12;GBP/CHF;0;274
2;GBP/CHF;0.152110519638847;475
12;GBP/CHF;0;275
2;GBP/CHF;0.139818750964015;476
12;GBP/CHF;0;276
2;GBP/CHF;0.225556113703617;477
12;GBP/CHF;0;277
2;GBP/CHF;0.278502062881514;478
12;GBP/CHF;0;278
2;GBP/CHF;0.31230403998852;479
12;GBP/CHF;0;279
2;GBP/CHF;0.556186029681618;480
12;GBP/CHF;0;280
2;GBP/CHF;0.649793370847871;481
12;GBP/CHF;0;281
2;GBP/CHF;0.756666576710003;482
12;GBP/CHF;0;282
2;GBP/CHF;0.752678031779618;483
12;GBP/CHF;0;283
2;GBP/CHF;0.801506035234574;484
12;GBP/CHF;0;284
2;GBP/CHF;0.807631387061493;485
12;GBP/CHF;0;285
2;GBP/CHF;0.799833832469521;486
12;GBP/CHF;0;286
2;GBP/CHF;0.769449144236386;487
12;GBP/CHF;0;287
2;GBP/CHF;0.70699772531101;488
12;GBP/CHF;0;288
2;GBP/CHF;0.667895120277326;489
0;GBP/CHF;1.4797;489
12;GBP/CHF;0;289
2;GBP/CHF;0.648829437546852;490
12;GBP/CHF;0;290
2;GBP/CHF;0.680436443542541;491
12;GBP/CHF;0;291
2;GBP/CHF;0.738270940862174;492
12;GBP/CHF;0;292
2;GBP/CHF;0.777791067226988;493
12;GBP/CHF;0;293
2;GBP/CHF;0.819534080156094;494
12;GBP/CHF;0;294
2;GBP/CHF;0.840664165551586;495
1;GBP/CHF;1.47971;495
0;GBP/CHF;1.47823;495
12;GBP/CHF;0;295
2;GBP/CHF;0.853346708340482;496
12;GBP/CHF;0;296
2;GBP/CHF;0.872421291048446;497
12;GBP/CHF;0;297
2;GBP/CHF;0.899952421324161;498
12;GBP/CHF;0;298
2;GBP/CHF;0.915169147961189;499
12;GBP/CHF;0;299
2;GBP/CHF;0.930993832626426;500
12;GBP/CHF;0;300
2;GBP/CHF;0.920745794968784;501
12;GBP/CHF;0;301
2;GBP/CHF;0.8978488345266;502
1;GBP/CHF;1.47977;502
12;GBP/CHF;0;302
2;GBP/CHF;0.907761292717448;503
12;GBP/CHF;0;303
2;GBP/CHF;0.819406915062072;504
12;GBP/CHF;0;304
2;GBP/CHF;0.81836025739161;505
12;GBP/CHF;0;305
2;GBP/CHF;0.733490309061949;506
12;GBP/CHF;0;306
2;GBP/CHF;0.750750852705912;507
12;GBP/CHF;0;307
2;GBP/CHF;0.648175005378343;508
12;GBP/CHF;0;308
2;GBP/CHF;0.463044004272649;509
12;GBP/CHF;1.44678;309
2;GBP/CHF;0.490430003235238;510
12;GBP/CHF;0;310
2;GBP/CHF;0.461472624505025;511
12;GBP/CHF;0;311
2;GBP/CHF;0.473445615755153;512
12;GBP/CHF;0;312
2;GBP/CHF;0.449359199509845;513
12;GBP/CHF;0;313
2;GBP/CHF;0.509180997719634;514
12;GBP/CHF;0;314
2;GBP/CHF;0.432141416730403;515
12;GBP/CHF;0;315
2;GBP/CHF;0.450688805241693;516
12;GBP/CHF;0;316
2;GBP/CHF;0.379500042415883;517
12;GBP/CHF;0;317
2;GBP/CHF;0.291020699091678;518
12;GBP/CHF;0;318
2;GBP/CHF;0.329770536845294;519
12;GBP/CHF;0;319
2;GBP/CHF;0.424778627368546;520
12;GBP/CHF;0;320
2;GBP/CHF;0.317507983066889;521
12;GBP/CHF;0;321
2;GBP/CHF;0.386454068234188;522
0;GBP/CHF;1.47975;522
12;GBP/CHF;0;322
2;GBP/CHF;0.589703769760391;523
12;GBP/CHF;0;323
2;GBP/CHF;0.644626751514255;524
12;GBP/CHF;0;324
2;GBP/CHF;0.762918623212512;525
12;GBP/CHF;0;325
2;GBP/CHF;0.805343272307847;526
12;GBP/CHF;0;326
2;GBP/CHF;0.841604796597782;527
12;GBP/CHF;0;327
2;GBP/CHF;0.872410754410894;528
12;GBP/CHF;0;328
2;GBP/CHF;0.864065722115992;529
1;GBP/CHF;1.48098;529
12;GBP/CHF;0;329
2;GBP/CHF;0.822497050162125;530
12;GBP/CHF;0;330
2;GBP/CHF;0.24902254444176;531
12;GBP/CHF;0;331
2;GBP/CHF;0.211796300420768;532
12;GBP/CHF;1.46481;332
2;GBP/CHF;0.0513514652439613;533
12;GBP/CHF;0;333
2;GBP/CHF;0.0439131522768776;534
12;GBP/CHF;0;334
2;GBP/CHF;0.0586921003571182;535
12;GBP/CHF;0;335
2;GBP/CHF;0.0566925024776975;536
12;GBP/CHF;0;336
2;GBP/CHF;0.0728149256332029;537
12;GBP/CHF;0;337
2;GBP/CHF;0.0366261860796736;538
12;GBP/CHF;0;338
2;GBP/CHF;0.0207938587508999;539
12;GBP/CHF;0;339
2;GBP/CHF;0.0214076863313823;540
12;GBP/CHF;0;340
2;GBP/CHF;0.035609133763947;541
12;GBP/CHF;1.45113;341
2;GBP/CHF;0.0432352126467625;542
12;GBP/CHF;0;342
2;GBP/CHF;0.0676675850714421;543
0;GBP/CHF;1.48098;543
12;GBP/CHF;0;343
2;GBP/CHF;0.0467227604911634;544
12;GBP/CHF;0;344
2;GBP/CHF;0.0527142317816441;545
12;GBP/CHF;0;345
2;GBP/CHF;0.0425314025895026;546
12;GBP/CHF;0;346
2;GBP/CHF;0.0307932367784991;547
12;GBP/CHF;0;347
2;GBP/CHF;0.0438281590293588;548
12;GBP/CHF;0;348
2;GBP/CHF;0.0352469536398752;549
12;GBP/CHF;0;349
2;GBP/CHF;0.0217654430743409;550
12;GBP/CHF;0;350
2;GBP/CHF;0.0154673225517436;551
12;GBP/CHF;0;351
2;GBP/CHF;0.0185134461056103;552
12;GBP/CHF;0;352
2;GBP/CHF;0.0185100751122059;553
12;GBP/CHF;0;353
2;GBP/CHF;0.0164313898379084;554
12;GBP/CHF;0;354
2;GBP/CHF;0.0159218819333713;555
12;GBP/CHF;0;355
2;GBP/CHF;0.0115732004590066;556
12;GBP/CHF;0;356
2;GBP/CHF;0.00924282087411401;557
12;GBP/CHF;0;357
2;GBP/CHF;0.0143862527221132;558
12;GBP/CHF;0;358
2;GBP/CHF;0.0226665440260458;559
12;GBP/CHF;0;359
2;GBP/CHF;0.0282700854155749;560
12;GBP/CHF;0;360
2;GBP/CHF;0.0331348213119719;561
12;GBP/CHF;0;361
2;GBP/CHF;0.0325231504794466;562
12;GBP/CHF;0;362
2;GBP/CHF;0.0176290388600984;563
12;GBP/CHF;0;363
2;GBP/CHF;0.012619824049311;564
12;GBP/CHF;0;364
2;GBP/CHF;0.0132920625681106;565
12;GBP/CHF;0;365
2;GBP/CHF;0.0294566363011032;566
12;GBP/CHF;0;366
2;GBP/CHF;0.0278687886420274;567
12;GBP/CHF;0;367
2;GBP/CHF;0.0244906959051767;568
12;GBP/CHF;1.47903;368
2;GBP/CHF;0.0386100560704363;569
12;GBP/CHF;0;369
2;GBP/CHF;0.0959604663583947;570
12;GBP/CHF;0;370
2;GBP/CHF;0.159473821132732;571
12;GBP/CHF;0;371
2;GBP/CHF;0.293431911646052;572
12;GBP/CHF;0;372
2;GBP/CHF;0.203065209539189;573
12;GBP/CHF;0;373
2;GBP/CHF;0.0735894077761911;574
1;GBP/CHF;1.49904;574
12;GBP/CHF;0;374
2;GBP/CHF;0.101916367828371;575
12;GBP/CHF;0;375
2;GBP/CHF;0.1744213624372;576
12;GBP/CHF;0;376
2;GBP/CHF;0.459953466740106;577
12;GBP/CHF;0;377
2;GBP/CHF;0.407187671128887;578
12;GBP/CHF;0;378
2;GBP/CHF;0.270978670897955;579
12;GBP/CHF;0;379
2;GBP/CHF;0.124347459231352;580
12;GBP/CHF;0;380
2;GBP/CHF;0.0223221443990109;581
12;GBP/CHF;1.4659;381
2;GBP/CHF;0.0353967641456992;582
12;GBP/CHF;0;382
2;GBP/CHF;0.0540006578418613;583
12;GBP/CHF;0;383
2;GBP/CHF;0.0443966266730413;584
0;GBP/CHF;1.49904;584
12;GBP/CHF;0;384
2;GBP/CHF;0.0402184396331549;585
12;GBP/CHF;0;385
2;GBP/CHF;0.0246308966127431;586
1;GBP/CHF;1.50082;586
12;GBP/CHF;0;386
2;GBP/CHF;0.0253400550168471;587
12;GBP/CHF;0;387
2;GBP/CHF;0.0225785895334134;588
12;GBP/CHF;0;388
2;GBP/CHF;0.0324913183316096;589
12;GBP/CHF;0;389
2;GBP/CHF;0.0369860450366038;590
12;GBP/CHF;0;390
2;GBP/CHF;0.0160256406129539;591
12;GBP/CHF;0;391
2;GBP/CHF;0.0205536122828645;592
12;GBP/CHF;0;392
2;GBP/CHF;0.0206114898384816;593
12;GBP/CHF;0;393
2;GBP/CHF;0.0218872958599677;594
12;GBP/CHF;0;394
2;GBP/CHF;0.0290122028778117;595
12;GBP/CHF;0;395
2;GBP/CHF;0.0458909664487431;596
12;GBP/CHF;0;396
2;GBP/CHF;0.0524117405537751;597
12;GBP/CHF;0;397
2;GBP/CHF;0.0161317604958731;598
12;GBP/CHF;0;398
2;GBP/CHF;0.012837224073969;599
12;GBP/CHF;1.48278;399
2;GBP/CHF;0.0164152403432517;600
12;GBP/CHF;0;400
2;GBP/CHF;0.0262495919296196;601
12;GBP/CHF;0;401
2;GBP/CHF;0.0304164175976377;602
12;GBP/CHF;0;402
2;GBP/CHF;0.0192056744752466;603
12;GBP/CHF;0;403
2;GBP/CHF;0.0226637977825063;604
12;GBP/CHF;0;404
2;GBP/CHF;0.0196864185143534;605
12;GBP/CHF;0;405
2;GBP/CHF;0.0491333238021544;606
12;GBP/CHF;0;406
2;GBP/CHF;0.0438221307875055;607
12;GBP/CHF;0;407
2;GBP/CHF;0.0234348379114527;608
12;GBP/CHF;0;408
2;GBP/CHF;0.0224396178630034;609
12;GBP/CHF;0;409
2;GBP/CHF;0.0137368300875848;610
12;GBP/CHF;0;410
2;GBP/CHF;0.0246225346245513;611
12;GBP/CHF;0;411
2;GBP/CHF;0.0814170050268124;612
12;GBP/CHF;0;412
2;GBP/CHF;0.0666954830143739;613
12;GBP/CHF;0;413
2;GBP/CHF;0.037471974002874;614
12;GBP/CHF;0;414
2;GBP/CHF;0.0331064502615527;615
12;GBP/CHF;0;415
2;GBP/CHF;0.0169326392982653;616
12;GBP/CHF;0;416
2;GBP/CHF;0.0279425602565038;617
12;GBP/CHF;0;417
2;GBP/CHF;0.0652114019726913;618
12;GBP/CHF;0;418
2;GBP/CHF;0.117673584024143;619
12;GBP/CHF;0;419
2;GBP/CHF;0.182627492839328;620
12;GBP/CHF;0;420
2;GBP/CHF;0.187139141934684;621
12;GBP/CHF;0;421
2;GBP/CHF;0.105798377055934;622
12;GBP/CHF;0;422
2;GBP/CHF;0.202570905637458;623
12;GBP/CHF;0;423
2;GBP/CHF;0.136300195923695;624
12;GBP/CHF;0;424
2;GBP/CHF;0.178506517933491;625
12;GBP/CHF;0;425
2;GBP/CHF;0.164514504636499;626
12;GBP/CHF;0;426
2;GBP/CHF;0.319974197783439;627
12;GBP/CHF;0;427
2;GBP/CHF;0.42429202175854;628
12;GBP/CHF;0;428
2;GBP/CHF;0.376527249613898;629
12;GBP/CHF;0;429
2;GBP/CHF;0.231469709921797;630
12;GBP/CHF;0;430
2;GBP/CHF;0.949194263777486;631
12;GBP/CHF;0;431
2;GBP/CHF;0.965689736585329;632
12;GBP/CHF;0;432
2;GBP/CHF;0.961299936836013;633
12;GBP/CHF;0;433
2;GBP/CHF;0.978917296983313;634
12;GBP/CHF;0;434
2;GBP/CHF;0.976595754948552;635
12;GBP/CHF;0;435
2;GBP/CHF;0.981327409473231;636
12;GBP/CHF;0;436
2;GBP/CHF;0.957320711945142;637
12;GBP/CHF;0;437
2;GBP/CHF;0.942665215014593;638
12;GBP/CHF;0;438
2;GBP/CHF;0.811597149505197;639
12;GBP/CHF;0;439
2;GBP/CHF;0.744296943004064;640
0;GBP/CHF;1.49873;640
12;GBP/CHF;0;440
2;GBP/CHF;0.820468965227896;641
12;GBP/CHF;0;441
2;GBP/CHF;0.795003637483916;642
12;GBP/CHF;0;442
2;GBP/CHF;0.913095507052075;643
12;GBP/CHF;0;443
2;GBP/CHF;0.951000943051753;644
12;GBP/CHF;0;444
2;GBP/CHF;0.822283736224389;645
1;GBP/CHF;1.50418;645
12;GBP/CHF;0;445
2;GBP/CHF;0.597612369677686;646
12;GBP/CHF;0;446
2;GBP/CHF;0.156429299456252;647
0;GBP/CHF;1.50418;647
12;GBP/CHF;0;447
2;GBP/CHF;0.334446434519641;648
12;GBP/CHF;0;448
2;GBP/CHF;0.504374058767278;649
12;GBP/CHF;0;449
2;GBP/CHF;0.447068645878848;650
12;GBP/CHF;0;450
2;GBP/CHF;0.370055374235097;651
12;GBP/CHF;0;451
2;GBP/CHF;0.306231671664756;652
12;GBP/CHF;0;452
2;GBP/CHF;0.454936321400781;653
12;GBP/CHF;0;453
2;GBP/CHF;0.812100352931815;654
12;GBP/CHF;0;454
2;GBP/CHF;0.921907864356835;655
12;GBP/CHF;0;455
2;GBP/CHF;0.953251455575711;656
12;GBP/CHF;0;456
2;GBP/CHF;0.974839068125252;657
12;GBP/CHF;0;457
2;GBP/CHF;0.978221521895662;658
12;GBP/CHF;0;458
2;GBP/CHF;0.973880354291511;659
12;GBP/CHF;0;459
2;GBP/CHF;0.990793945569937;660
12;GBP/CHF;0;460
2;GBP/CHF;0.979392945328236;661
12;GBP/CHF;0;461
2;GBP/CHF;0.96298002669229;662
12;GBP/CHF;0;462
2;GBP/CHF;0.809842434983237;663
12;GBP/CHF;0;463
2;GBP/CHF;0.355891224734863;664
12;GBP/CHF;0;464
2;GBP/CHF;0.346602266504447;665
12;GBP/CHF;0;465
2;GBP/CHF;0.630950554132059;666
12;GBP/CHF;0;466
2;GBP/CHF;0.827827282974334;667
12;GBP/CHF;0;467
2;GBP/CHF;0.843239335998122;668
12;GBP/CHF;0;468
2;GBP/CHF;0.941052398251437;669
12;GBP/CHF;0;469
2;GBP/CHF;0.572764768612139;670
12;GBP/CHF;0;470
2;GBP/CHF;0.812937178352175;671
12;GBP/CHF;1.4903;471
2;GBP/CHF;0.630455988624166;672
12;GBP/CHF;0;472
2;GBP/CHF;0.957262510681664;673
12;GBP/CHF;0;473
2;GBP/CHF;0.893196158529734;674
12;GBP/CHF;0;474
2;GBP/CHF;0.729338839401602;675
12;GBP/CHF;0;475
2;GBP/CHF;0.376063374371138;676
12;GBP/CHF;0;476
2;GBP/CHF;0.107173729640043;677
12;GBP/CHF;0;477
2;GBP/CHF;0.290760010736882;678
12;GBP/CHF;0;478
2;GBP/CHF;0.240973433950623;679
12;GBP/CHF;0;479
2;GBP/CHF;0.196294074520224;680
12;GBP/CHF;0;480
2;GBP/CHF;0.149544369685803;681
12;GBP/CHF;0;481
2;GBP/CHF;0.0560333074007182;682
12;GBP/CHF;0;482
2;GBP/CHF;0.0865902619292948;683
12;GBP/CHF;0;483
2;GBP/CHF;0.137890568640256;684
12;GBP/CHF;0;484
2;GBP/CHF;0.366574353944247;685
12;GBP/CHF;0;485
2;GBP/CHF;0.549870448950684;686
12;GBP/CHF;0;486
2;GBP/CHF;0.515713440343321;687
12;GBP/CHF;0;487
2;GBP/CHF;0.209304786570006;688
12;GBP/CHF;0;488
2;GBP/CHF;0.244125287880106;689
12;GBP/CHF;0;489
2;GBP/CHF;0.293072847451189;690
12;GBP/CHF;0;490
2;GBP/CHF;0.294268206888533;691
12;GBP/CHF;0;491
2;GBP/CHF;0.324746009292295;692
12;GBP/CHF;0;492
2;GBP/CHF;0.0913694112750819;693
12;GBP/CHF;0;493
2;GBP/CHF;0.0642417898812448;694
12;GBP/CHF;0;494
2;GBP/CHF;0.0831182834982938;695
12;GBP/CHF;0;495
2;GBP/CHF;0.104715541056608;696
12;GBP/CHF;0;496
2;GBP/CHF;0.115786435196592;697
12;GBP/CHF;0;497
2;GBP/CHF;0.0598004608769618;698
12;GBP/CHF;0;498
2;GBP/CHF;0.0586920077333896;699
12;GBP/CHF;0;499
2;GBP/CHF;0.0320842536745957;700
12;GBP/CHF;1.47687;500
2;GBP/CHF;0.0261702437075602;701
12;GBP/CHF;1.48856;501
2;GBP/CHF;0.0582353820103584;702
12;GBP/CHF;0;502
2;GBP/CHF;0.0218258209139289;703
12;GBP/CHF;0;503
2;GBP/CHF;0.0399105205661706;704
12;GBP/CHF;0;504
2;GBP/CHF;0.0197687547370442;705
12;GBP/CHF;0;505
2;GBP/CHF;0.0241506215205466;706
12;GBP/CHF;0;506
2;GBP/CHF;0.0380951667806555;707
12;GBP/CHF;0;507
2;GBP/CHF;0.0349558426974916;708
12;GBP/CHF;0;508
2;GBP/CHF;0.0507199425391246;709
12;GBP/CHF;0;509
2;GBP/CHF;0.181154595964731;710
12;GBP/CHF;0;510
2;GBP/CHF;0.157608218514988;711
12;GBP/CHF;0;511
2;GBP/CHF;0.165491437622417;712
12;GBP/CHF;0;512
2;GBP/CHF;0.0478265869172866;713
12;GBP/CHF;0;513
2;GBP/CHF;0.0660467718661452;714
12;GBP/CHF;0;514
2;GBP/CHF;0.108375545879855;715
12;GBP/CHF;0;515
2;GBP/CHF;0.0290838197179783;716
12;GBP/CHF;0;516
2;GBP/CHF;0.0248490182970145;717
1;GBP/CHF;1.526;717
0;GBP/CHF;1.5208;717
12;GBP/CHF;0;517
2;GBP/CHF;0.0730167760929459;718
12;GBP/CHF;0;518
2;GBP/CHF;0.124846738986863;719
12;GBP/CHF;1.48813;519
2;GBP/CHF;0.618763788130321;720
12;GBP/CHF;0;520
2;GBP/CHF;0.703967189818773;721
12;GBP/CHF;0;521
2;GBP/CHF;0.808674865756024;722
12;GBP/CHF;0;522
2;GBP/CHF;0.93328771639627;723
12;GBP/CHF;0;523
2;GBP/CHF;0.900877514011778;724
12;GBP/CHF;0;524
2;GBP/CHF;0.954785307991259;725
12;GBP/CHF;1.47838;525
2;GBP/CHF;0.951707705312931;726
1;GBP/CHF;1.52368;726
12;GBP/CHF;0;526
2;GBP/CHF;0.920669808730324;727
12;GBP/CHF;0;527
2;GBP/CHF;0.925892970402579;728
12;GBP/CHF;0;528
2;GBP/CHF;0.73496064020342;729
12;GBP/CHF;0;529
2;GBP/CHF;0.21728743162157;730
12;GBP/CHF;0;530
2;GBP/CHF;0.0251288919213833;731
0;GBP/CHF;1.52366;731
12;GBP/CHF;0;531
2;GBP/CHF;0.0590665911291807;732
12;GBP/CHF;0;532
2;GBP/CHF;0.25014538440895;733
12;GBP/CHF;0;533
2;GBP/CHF;0.257029793569913;734
12;GBP/CHF;0;534
2;GBP/CHF;0.0357680713893468;735
1;GBP/CHF;1.52539;735
12;GBP/CHF;0;535
2;GBP/CHF;0.123276934919703;736
0;GBP/CHF;1.52185;736
12;GBP/CHF;0;536
2;GBP/CHF;0.721517645561264;737
12;GBP/CHF;0;537
2;GBP/CHF;0.967284901477682;738
12;GBP/CHF;0;538
2;GBP/CHF;0.891560867029558;739
12;GBP/CHF;0;539
2;GBP/CHF;0.351536417784352;740
12;GBP/CHF;0;540
2;GBP/CHF;0.427853762681345;741
12;GBP/CHF;0;541
2;GBP/CHF;0.903498970211073;742
12;GBP/CHF;0;542
2;GBP/CHF;0.954657391175922;743
12;GBP/CHF;0;543
2;GBP/CHF;0.775333283130051;744
12;GBP/CHF;0;544
2;GBP/CHF;0.67266775824001;745
12;GBP/CHF;0;545
2;GBP/CHF;0.779771604435862;746
12;GBP/CHF;0;546
2;GBP/CHF;0.95115417953321;747
12;GBP/CHF;0;547
2;GBP/CHF;0.925426710221102;748
12;GBP/CHF;0;548
2;GBP/CHF;0.861132910564803;749
12;GBP/CHF;0;549
2;GBP/CHF;0.960470135184169;750
12;GBP/CHF;0;550
2;GBP/CHF;0.990456644214211;751
1;GBP/CHF;1.5163;751
12;GBP/CHF;0;551
2;GBP/CHF;0.949375213124891;752
12;GBP/CHF;0;552
2;GBP/CHF;0.923872158109697;753
12;GBP/CHF;0;553
2;GBP/CHF;0.384389722784819;754
12;GBP/CHF;0;554
2;GBP/CHF;0.253076928741095;755
12;GBP/CHF;0;555
2;GBP/CHF;0.209417261650522;756
12;GBP/CHF;0;556
2;GBP/CHF;0.195115285169797;757
12;GBP/CHF;0;557
2;GBP/CHF;0.0385180918414973;758
12;GBP/CHF;0;558
2;GBP/CHF;0.0347109958717244;759
12;GBP/CHF;0;559
2;GBP/CHF;0.0634510356065544;760
0;GBP/CHF;1.51625;760
12;GBP/CHF;0;560
2;GBP/CHF;0.547905425159319;761
12;GBP/CHF;0;561
2;GBP/CHF;0.461205507498622;762
12;GBP/CHF;0;562
2;GBP/CHF;0.901328540407585;763
12;GBP/CHF;0;563
2;GBP/CHF;0.951601787474354;764
12;GBP/CHF;0;564
2;GBP/CHF;0.976842496054461;765
12;GBP/CHF;0;565
2;GBP/CHF;0.978453092073534;766
12;GBP/CHF;0;566
2;GBP/CHF;0.985582737282153;767
1;GBP/CHF;1.51702;767
12;GBP/CHF;0;567
2;GBP/CHF;0.980156222454349;768
12;GBP/CHF;0;568
2;GBP/CHF;0.963098986657515;769
12;GBP/CHF;0;569
2;GBP/CHF;0.707871008850139;770
12;GBP/CHF;0;570
2;GBP/CHF;0.513995226445309;771
12;GBP/CHF;0;571
2;GBP/CHF;0.0701576381645785;772
12;GBP/CHF;0;572
2;GBP/CHF;0.0201812001257079;773
12;GBP/CHF;0;573
2;GBP/CHF;0.0198855920396823;774
12;GBP/CHF;0;574
2;GBP/CHF;0.0315611720730208;775
12;GBP/CHF;0;575
2;GBP/CHF;0.0275972692106004;776
12;GBP/CHF;0;576
2;GBP/CHF;0.0281457441046032;777
12;GBP/CHF;0;577
2;GBP/CHF;0.0235398856713694;778
12;GBP/CHF;0;578
2;GBP/CHF;0.0317686818379266;779
12;GBP/CHF;0;579
2;GBP/CHF;0.051818779549255;780
12;GBP/CHF;0;580
2;GBP/CHF;0.0640111813704321;781
12;GBP/CHF;0;581
2;GBP/CHF;0.0404438621047865;782
12;GBP/CHF;0;582
2;GBP/CHF;0.0443484700445267;783
12;GBP/CHF;0;583
2;GBP/CHF;0.061182005717867;784
12;GBP/CHF;0;584
2;GBP/CHF;0.0605144673453534;785
12;GBP/CHF;0;585
2;GBP/CHF;0.0383715199137841;786
12;GBP/CHF;0;586
2;GBP/CHF;0.0507533330747803;787
12;GBP/CHF;0;587
2;GBP/CHF;0.0236973649806248;788
12;GBP/CHF;0;588
2;GBP/CHF;0.0202804946955912;789
12;GBP/CHF;0;589
2;GBP/CHF;0.0233207625491489;790
12;GBP/CHF;0;590
2;GBP/CHF;0.00996854459050402;791
12;GBP/CHF;0;591
2;GBP/CHF;0.0318988196591937;792
12;GBP/CHF;0;592
2;GBP/CHF;0.0228830656046084;793
12;GBP/CHF;0;593
2;GBP/CHF;0.0213247708974959;794
12;GBP/CHF;0;594
2;GBP/CHF;0.0149774172729967;795
12;GBP/CHF;0;595
2;GBP/CHF;0.026156798875659;796
12;GBP/CHF;0;596
2;GBP/CHF;0.0584150313909694;797
12;GBP/CHF;0;597
2;GBP/CHF;0.231254473611289;798
12;GBP/CHF;0;598
2;GBP/CHF;0.446775981635796;799
12;GBP/CHF;0;599
2;GBP/CHF;0.353860215947321;800
12;GBP/CHF;0;600
2;GBP/CHF;0.378927412241955;801
12;GBP/CHF;0;601
2;GBP/CHF;0.596191079759079;802
12;GBP/CHF;0;602
2;GBP/CHF;0.725642772630761;803
12;GBP/CHF;0;603
2;GBP/CHF;0.851182848672902;804
12;GBP/CHF;0;604
2;GBP/CHF;0.894760947565731;805
12;GBP/CHF;0;605
2;GBP/CHF;0.918972348182593;806
12;GBP/CHF;0;606
2;GBP/CHF;0.865893216976471;807
12;GBP/CHF;0;607
2;GBP/CHF;0.776774163602023;808
12;GBP/CHF;1.51163;608
2;GBP/CHF;0.966273553159652;809
12;GBP/CHF;0;609
2;GBP/CHF;0.939006373634307;810
12;GBP/CHF;0;610
2;GBP/CHF;0.975125852418675;811
12;GBP/CHF;0;611
2;GBP/CHF;0.922051567226812;812
12;GBP/CHF;0;612
2;GBP/CHF;0.970240145835241;813
12;GBP/CHF;0;613
2;GBP/CHF;0.974618851259699;814
12;GBP/CHF;0;614
2;GBP/CHF;0.917189470043027;815
12;GBP/CHF;0;615
2;GBP/CHF;0.716193871221638;816
12;GBP/CHF;0;616
2;GBP/CHF;0.714811310384952;817
12;GBP/CHF;0;617
2;GBP/CHF;0.616267952527575;818
12;GBP/CHF;0;618
2;GBP/CHF;0.317881399369421;819
12;GBP/CHF;0;619
2;GBP/CHF;0.236709654582423;820
12;GBP/CHF;0;620
2;GBP/CHF;0.582373570518806;821
12;GBP/CHF;0;621
2;GBP/CHF;0.760874367138092;822
12;GBP/CHF;0;622
2;GBP/CHF;0.833733841019628;823
12;GBP/CHF;0;623
2;GBP/CHF;0.83432023170677;824
0;GBP/CHF;1.5242;824
12;GBP/CHF;0;624
2;GBP/CHF;0.871718473101414;825
12;GBP/CHF;0;625
2;GBP/CHF;0.963228224675689;826
12;GBP/CHF;0;626
2;GBP/CHF;0.974645542700561;827
12;GBP/CHF;0;627
2;GBP/CHF;0.991318765465462;828
12;GBP/CHF;0;628
2;GBP/CHF;0.979681234665672;829
12;GBP/CHF;0;629
2;GBP/CHF;0.978814160449263;830
12;GBP/CHF;0;630
2;GBP/CHF;0.981675682446743;831
12;GBP/CHF;0;631
2;GBP/CHF;0.849973395359532;832
1;GBP/CHF;1.52989;832
12;GBP/CHF;0;632
2;GBP/CHF;0.0710762428695504;833
12;GBP/CHF;1.49773;633
2;GBP/CHF;0.0164149983133804;834
12;GBP/CHF;0;634
2;GBP/CHF;0.0170597557906269;835
12;GBP/CHF;0;635
2;GBP/CHF;0.0329093527437376;836
12;GBP/CHF;0;636
2;GBP/CHF;0.00980738501542729;837
12;GBP/CHF;0;637
2;GBP/CHF;0.00347315138936008;838
12;GBP/CHF;0;638
2;GBP/CHF;0.00340573695613561;839
12;GBP/CHF;0;639
2;GBP/CHF;0.00805689991295419;840
12;GBP/CHF;0;640
2;GBP/CHF;0.0418149989149989;841
12;GBP/CHF;0;641
2;GBP/CHF;0.0213665110427307;842
12;GBP/CHF;0;642
2;GBP/CHF;0.0155807350167455;843
12;GBP/CHF;0;643
2;GBP/CHF;0.0315084443820029;844
12;GBP/CHF;0;644
2;GBP/CHF;0.116497660902389;845
12;GBP/CHF;0;645
2;GBP/CHF;0.696217663714343;846
12;GBP/CHF;0;646
2;GBP/CHF;0.894746919542939;847
12;GBP/CHF;0;647
2;GBP/CHF;0.767129883919276;848
12;GBP/CHF;0;648
2;GBP/CHF;0.764616917523893;849
12;GBP/CHF;0;649
2;GBP/CHF;0.626231618841973;850
12;GBP/CHF;1.50793;650
2;GBP/CHF;0.715888281586264;851
12;GBP/CHF;0;651
2;GBP/CHF;0.462449505530508;852
12;GBP/CHF;0;652
2;GBP/CHF;0.600732434320525;853
12;GBP/CHF;0;653
2;GBP/CHF;0.657266390766332;854
12;GBP/CHF;0;654
2;GBP/CHF;0.339676941752151;855
12;GBP/CHF;0;655
2;GBP/CHF;0.104020446621032;856
12;GBP/CHF;0;656
2;GBP/CHF;0.386781868929152;857
12;GBP/CHF;0;657
2;GBP/CHF;0.409476174039679;858
12;GBP/CHF;0;658
2;GBP/CHF;0.657524534405525;859
12;GBP/CHF;0;659
2;GBP/CHF;0.563855165652141;860
12;GBP/CHF;0;660
2;GBP/CHF;0.569141936979552;861
12;GBP/CHF;0;661
2;GBP/CHF;0.396291764855298;862
12;GBP/CHF;1.49674;662
2;GBP/CHF;0.0474016411552174;863
12;GBP/CHF;0;663
2;GBP/CHF;0.139243243372284;864
12;GBP/CHF;0;664
2;GBP/CHF;0.12175990276779;865
12;GBP/CHF;0;665
2;GBP/CHF;0.0407245128976297;866
12;GBP/CHF;0;666
2;GBP/CHF;0.0202065934718047;867
12;GBP/CHF;0;667
2;GBP/CHF;0.0129159714476347;868
12;GBP/CHF;0;668
2;GBP/CHF;0.00697236183065507;869
12;GBP/CHF;0;669
2;GBP/CHF;0.0571942920054356;870
12;GBP/CHF;0;670
2;GBP/CHF;0.126639828380169;871
12;GBP/CHF;0;671
2;GBP/CHF;0.300033893691922;872
12;GBP/CHF;0;672
2;GBP/CHF;0.160120414899586;873
12;GBP/CHF;0;673
2;GBP/CHF;0.713779010684132;874
12;GBP/CHF;0;674
2;GBP/CHF;0.902973860875302;875
12;GBP/CHF;0;675
2;GBP/CHF;0.955317979192778;876
12;GBP/CHF;0;676
2;GBP/CHF;0.971491656711539;877
12;GBP/CHF;0;677
2;GBP/CHF;0.976790253807175;878
12;GBP/CHF;0;678
2;GBP/CHF;0.970749788526662;879
12;GBP/CHF;0;679
2;GBP/CHF;0.703727274909542;880
12;GBP/CHF;0;680
2;GBP/CHF;0.321861561671688;881
12;GBP/CHF;0;681
2;GBP/CHF;0.317021679703799;882
12;GBP/CHF;0;682
2;GBP/CHF;0.12860828911302;883
12;GBP/CHF;0;683
2;GBP/CHF;0.416390670761239;884
12;GBP/CHF;0;684
2;GBP/CHF;0.148467412875485;885
12;GBP/CHF;0;685
2;GBP/CHF;0.0342717910071518;886
12;GBP/CHF;0;686
2;GBP/CHF;0.164095230491752;887
12;GBP/CHF;0;687
2;GBP/CHF;0.288616059691061;888
12;GBP/CHF;0;688
2;GBP/CHF;0.81335269430058;889
12;GBP/CHF;0;689
2;GBP/CHF;0.886715741690766;890
12;GBP/CHF;0;690
2;GBP/CHF;0.676081927670692;891
12;GBP/CHF;0;691
2;GBP/CHF;0.769848980149171;892
12;GBP/CHF;0;692
2;GBP/CHF;0.401043071978773;893
12;GBP/CHF;0;693
2;GBP/CHF;0.566207802471924;894
12;GBP/CHF;0;694
2;GBP/CHF;0.453245193325795;895
12;GBP/CHF;0;695
4;GBP/CHF;1.53244;895
4;GBP/CHF;1.53244;889
2;GBP/CHF;0.345211340310398;896
12;GBP/CHF;0;696
2;GBP/CHF;0.120748503619822;897
12;GBP/CHF;0;697
2;GBP/CHF;0.0784092865042301;898
12;GBP/CHF;0;698
2;GBP/CHF;0.00707582540991389;899
12;GBP/CHF;0;699
2;GBP/CHF;0.006357863622637;900
12;GBP/CHF;0;700
2;GBP/CHF;0.0301767777175439;901
12;GBP/CHF;0;701
2;GBP/CHF;0.0223097106727122;902
12;GBP/CHF;0;702
2;GBP/CHF;0.118957418551142;903
0;GBP/CHF;1.53241;903
12;GBP/CHF;1.53016;703
2;GBP/CHF;0.207635413135516;904
12;GBP/CHF;0;704
2;GBP/CHF;0.26046773010719;905
12;GBP/CHF;0;705
2;GBP/CHF;0.874509064573977;906
12;GBP/CHF;0;706
2;GBP/CHF;0.950079054632197;907
12;GBP/CHF;0;707
2;GBP/CHF;0.963769127031051;908
12;GBP/CHF;0;708
2;GBP/CHF;0.947447507435645;909
12;GBP/CHF;0;709
2;GBP/CHF;0.918815012005209;910
12;GBP/CHF;1.52131;710
2;GBP/CHF;0.896868697338027;911
12;GBP/CHF;0;711
2;GBP/CHF;0.900208265127819;912
12;GBP/CHF;0;712
2;GBP/CHF;0.900774686410274;913
12;GBP/CHF;0;713
2;GBP/CHF;0.926165370830635;914
12;GBP/CHF;0;714
2;GBP/CHF;0.941063826912536;915
12;GBP/CHF;0;715
2;GBP/CHF;0.706702377810715;916
1;GBP/CHF;1.52603;916
12;GBP/CHF;1.52878;716
2;GBP/CHF;0.602986949586356;917
12;GBP/CHF;0;717
2;GBP/CHF;0.386356199151261;918
12;GBP/CHF;0;718
2;GBP/CHF;0.433286072983577;919
12;GBP/CHF;0;719
2;GBP/CHF;0.599839560339373;920
12;GBP/CHF;0;720
2;GBP/CHF;0.248705913285055;921
12;GBP/CHF;0;721
2;GBP/CHF;0.0481105836051594;922
12;GBP/CHF;1.51671;722
2;GBP/CHF;0.0111514722010595;923
12;GBP/CHF;0;723
2;GBP/CHF;0.0183348127892488;924
12;GBP/CHF;0;724
2;GBP/CHF;0.0698591045625842;925
12;GBP/CHF;0;725
2;GBP/CHF;0.094324310105276;926
12;GBP/CHF;0;726
2;GBP/CHF;0.225981687238873;927
12;GBP/CHF;0;727
2;GBP/CHF;0.0802205427256466;928
12;GBP/CHF;0;728
2;GBP/CHF;0.216863038309561;929
12;GBP/CHF;1.52751;729
2;GBP/CHF;0.860675103814233;930
12;GBP/CHF;0;730
2;GBP/CHF;0.855473826260151;931
12;GBP/CHF;0;731
2;GBP/CHF;0.953049641556613;932
12;GBP/CHF;0;732
2;GBP/CHF;0.899717122645933;933
12;GBP/CHF;0;733
2;GBP/CHF;0.960484562281466;934
12;GBP/CHF;0;734
2;GBP/CHF;0.932080505922865;935
12;GBP/CHF;0;735
2;GBP/CHF;0.967683528053424;936
12;GBP/CHF;0;736
2;GBP/CHF;0.963935902107902;937
0;GBP/CHF;1.526;937
12;GBP/CHF;0;737
2;GBP/CHF;0.94633388812673;938
12;GBP/CHF;0;738
2;GBP/CHF;0.875000274919329;939
12;GBP/CHF;0;739
2;GBP/CHF;0.811854987207574;940
12;GBP/CHF;0;740
2;GBP/CHF;0.952648813830553;941
12;GBP/CHF;0;741
2;GBP/CHF;0.968036408530912;942
12;GBP/CHF;0;742
2;GBP/CHF;0.980680882946036;943
12;GBP/CHF;0;743
2;GBP/CHF;0.961288188160451;944
12;GBP/CHF;0;744
2;GBP/CHF;0.977053050381671;945
1;GBP/CHF;1.5213;945
12;GBP/CHF;0;745
2;GBP/CHF;0.943019153212979;946
12;GBP/CHF;0;746
2;GBP/CHF;0.930865024386103;947
12;GBP/CHF;0;747
2;GBP/CHF;0.763127637997623;948
12;GBP/CHF;1.51388;748
2;GBP/CHF;0.448867308482894;949
12;GBP/CHF;0;749
2;GBP/CHF;0.157949215370359;950
12;GBP/CHF;0;750
2;GBP/CHF;0.0288031894934722;951
12;GBP/CHF;0;751
2;GBP/CHF;0.0225996633347485;952
12;GBP/CHF;0;752
2;GBP/CHF;0.010539206143215;953
12;GBP/CHF;1.52375;753
2;GBP/CHF;0.0318369142199122;954
12;GBP/CHF;0;754
2;GBP/CHF;0.0638598104315652;955
12;GBP/CHF;0;755
2;GBP/CHF;0.0483381043043897;956
12;GBP/CHF;0;756
2;GBP/CHF;0.030706739443985;957
0;GBP/CHF;1.5213;957
12;GBP/CHF;0;757
2;GBP/CHF;0.0757102379976135;958
12;GBP/CHF;0;758
2;GBP/CHF;0.401078402362408;959
12;GBP/CHF;0;759
2;GBP/CHF;0.940025871429543;960
12;GBP/CHF;0;760
2;GBP/CHF;0.971573372879343;961
12;GBP/CHF;0;761
2;GBP/CHF;0.98769922775797;962
12;GBP/CHF;0;762
2;GBP/CHF;0.988689756739227;963
12;GBP/CHF;0;763
2;GBP/CHF;0.99246241573571;964
12;GBP/CHF;1.5138;764
2;GBP/CHF;0.995349638873226;965
12;GBP/CHF;0;765
2;GBP/CHF;0.995663867368848;966
1;GBP/CHF;1.51275;966
12;GBP/CHF;0;766
2;GBP/CHF;0.993450946300743;967
12;GBP/CHF;0;767
2;GBP/CHF;0.965253774565552;968
12;GBP/CHF;0;768
2;GBP/CHF;0.943908384946445;969
12;GBP/CHF;0;769
2;GBP/CHF;0.925864547139646;970
0;GBP/CHF;1.50685;970
12;GBP/CHF;0;770
2;GBP/CHF;0.954435089636911;971
12;GBP/CHF;0;771
2;GBP/CHF;0.90318297359472;972
12;GBP/CHF;0;772
2;GBP/CHF;0.783512164803757;973
1;GBP/CHF;1.5108;973
12;GBP/CHF;0;773
2;GBP/CHF;0.681342221282781;974
12;GBP/CHF;0;774
2;GBP/CHF;0.562428879558684;975
12;GBP/CHF;0;775
2;GBP/CHF;0.47214673693904;976
12;GBP/CHF;0;776
2;GBP/CHF;0.392825518087172;977
12;GBP/CHF;0;777
2;GBP/CHF;0.251136531416697;978
12;GBP/CHF;0;778
2;GBP/CHF;0.0947178518368929;979
12;GBP/CHF;0;779
2;GBP/CHF;0.0662517512460178;980
12;GBP/CHF;0;780
2;GBP/CHF;0.0412384383723682;981
0;GBP/CHF;1.51075;981
12;GBP/CHF;0;781
2;GBP/CHF;0.0694874082995919;982
12;GBP/CHF;0;782
2;GBP/CHF;0.0870951664949954;983
12;GBP/CHF;0;783
2;GBP/CHF;0.730422805815437;984
12;GBP/CHF;0;784
2;GBP/CHF;0.9035934446044;985
12;GBP/CHF;0;785
2;GBP/CHF;0.978489539112631;986
12;GBP/CHF;0;786
2;GBP/CHF;0.975339743294725;987
12;GBP/CHF;0;787
2;GBP/CHF;0.943027049973458;988
12;GBP/CHF;0;788
2;GBP/CHF;0.828946043932577;989
12;GBP/CHF;0;789
2;GBP/CHF;0.920840921865376;990
12;GBP/CHF;0;790
2;GBP/CHF;0.557076254681265;991
12;GBP/CHF;0;791
2;GBP/CHF;0.186677068034849;992
12;GBP/CHF;0;792
2;GBP/CHF;0.0243051801298286;993
12;GBP/CHF;1.53676;793
2;GBP/CHF;0.0430101073983408;994
12;GBP/CHF;0;794
2;GBP/CHF;0.114434524727735;995
12;GBP/CHF;0;795
2;GBP/CHF;0.468408858545682;996
