12;USD/CAD;0;-200
12;USD/CAD;0;-199
12;USD/CAD;0;-198
12;USD/CAD;0;-197
12;USD/CAD;0;-196
12;USD/CAD;0;-195
12;USD/CAD;0;-194
12;USD/CAD;0;-193
12;USD/CAD;0;-192
12;USD/CAD;0;-191
12;USD/CAD;0;-190
12;USD/CAD;0;-189
12;USD/CAD;1.22701;-188
12;USD/CAD;0;-187
12;USD/CAD;0;-186
12;USD/CAD;0;-185
12;USD/CAD;0;-184
12;USD/CAD;0;-183
12;USD/CAD;0;-182
12;USD/CAD;0;-181
12;USD/CAD;0;-180
12;USD/CAD;0;-179
12;USD/CAD;0;-178
12;USD/CAD;0;-177
12;USD/CAD;0;-176
12;USD/CAD;0;-175
12;USD/CAD;0;-174
12;USD/CAD;0;-173
12;USD/CAD;0;-172
12;USD/CAD;0;-171
12;USD/CAD;0;-170
12;USD/CAD;0;-169
12;USD/CAD;0;-168
12;USD/CAD;0;-167
12;USD/CAD;0;-166
12;USD/CAD;0;-165
12;USD/CAD;0;-164
12;USD/CAD;0;-163
12;USD/CAD;0;-162
12;USD/CAD;0;-161
12;USD/CAD;0;-160
12;USD/CAD;0;-159
12;USD/CAD;0;-158
12;USD/CAD;0;-157
12;USD/CAD;0;-156
12;USD/CAD;0;-155
12;USD/CAD;0;-154
12;USD/CAD;0;-153
12;USD/CAD;0;-152
12;USD/CAD;0;-151
12;USD/CAD;0;-150
12;USD/CAD;0;-149
12;USD/CAD;0;-148
12;USD/CAD;0;-147
12;USD/CAD;0;-146
12;USD/CAD;0;-145
12;USD/CAD;0;-144
12;USD/CAD;0;-143
12;USD/CAD;0;-142
12;USD/CAD;0;-141
12;USD/CAD;0;-140
12;USD/CAD;0;-139
12;USD/CAD;0;-138
12;USD/CAD;0;-137
12;USD/CAD;0;-136
12;USD/CAD;0;-135
12;USD/CAD;0;-134
12;USD/CAD;0;-133
12;USD/CAD;0;-132
12;USD/CAD;0;-131
12;USD/CAD;0;-130
12;USD/CAD;0;-129
12;USD/CAD;0;-128
12;USD/CAD;0;-127
12;USD/CAD;0;-126
12;USD/CAD;0;-125
12;USD/CAD;0;-124
12;USD/CAD;0;-123
12;USD/CAD;0;-122
12;USD/CAD;0;-121
12;USD/CAD;0;-120
12;USD/CAD;0;-119
12;USD/CAD;0;-118
12;USD/CAD;0;-117
12;USD/CAD;0;-116
12;USD/CAD;0;-115
12;USD/CAD;0;-114
12;USD/CAD;0;-113
12;USD/CAD;0;-112
12;USD/CAD;0;-111
12;USD/CAD;0;-110
12;USD/CAD;0;-109
12;USD/CAD;0;-108
12;USD/CAD;0;-107
12;USD/CAD;0;-106
12;USD/CAD;0;-105
12;USD/CAD;0;-104
12;USD/CAD;0;-103
12;USD/CAD;0;-102
12;USD/CAD;0;-101
12;USD/CAD;0;-100
12;USD/CAD;0;-99
12;USD/CAD;0;-98
12;USD/CAD;0;-97
12;USD/CAD;0;-96
12;USD/CAD;0;-95
12;USD/CAD;0;-94
12;USD/CAD;0;-93
1;USD/CAD;1.10969;108
12;USD/CAD;0;-92
12;USD/CAD;0;-91
0;USD/CAD;1.10944;110
12;USD/CAD;0;-90
12;USD/CAD;0;-89
12;USD/CAD;0;-88
12;USD/CAD;0;-87
12;USD/CAD;0;-86
12;USD/CAD;0;-85
12;USD/CAD;0;-84
12;USD/CAD;0;-83
12;USD/CAD;0;-82
12;USD/CAD;0;-81
12;USD/CAD;0;-80
12;USD/CAD;0;-79
12;USD/CAD;0;-78
12;USD/CAD;0;-77
12;USD/CAD;0;-76
12;USD/CAD;0;-75
12;USD/CAD;0;-74
12;USD/CAD;0;-73
12;USD/CAD;0;-72
12;USD/CAD;0;-71
12;USD/CAD;0;-70
12;USD/CAD;0;-69
12;USD/CAD;0;-68
12;USD/CAD;0;-67
12;USD/CAD;0;-66
12;USD/CAD;0;-65
12;USD/CAD;0;-64
12;USD/CAD;0;-63
12;USD/CAD;0;-62
1;USD/CAD;1.11099;139
12;USD/CAD;0;-61
12;USD/CAD;0;-60
12;USD/CAD;0;-59
12;USD/CAD;0;-58
12;USD/CAD;0;-57
12;USD/CAD;0;-56
12;USD/CAD;0;-55
12;USD/CAD;0;-54
12;USD/CAD;0;-53
12;USD/CAD;0;-52
12;USD/CAD;0;-51
12;USD/CAD;0;-50
12;USD/CAD;0;-49
12;USD/CAD;0;-48
12;USD/CAD;0;-47
12;USD/CAD;0;-46
12;USD/CAD;0;-45
12;USD/CAD;0;-44
12;USD/CAD;0;-43
12;USD/CAD;0;-42
12;USD/CAD;0;-41
0;USD/CAD;1.10349;160
12;USD/CAD;0;-40
12;USD/CAD;0;-39
12;USD/CAD;0;-38
12;USD/CAD;0;-37
12;USD/CAD;0;-36
12;USD/CAD;0;-35
1;USD/CAD;1.10435;166
12;USD/CAD;0;-34
12;USD/CAD;0;-33
12;USD/CAD;0;-32
12;USD/CAD;0;-31
12;USD/CAD;0;-30
0;USD/CAD;1.10435;171
12;USD/CAD;0;-29
12;USD/CAD;0;-28
12;USD/CAD;0;-27
12;USD/CAD;0;-26
12;USD/CAD;0;-25
12;USD/CAD;0;-24
12;USD/CAD;0;-23
12;USD/CAD;0;-22
12;USD/CAD;0;-21
12;USD/CAD;0;-20
1;USD/CAD;1.09977;181
12;USD/CAD;0;-19
12;USD/CAD;0;-18
12;USD/CAD;0;-17
12;USD/CAD;0;-16
0;USD/CAD;1.09709;185
12;USD/CAD;0;-15
12;USD/CAD;0;-14
12;USD/CAD;0;-13
12;USD/CAD;0;-12
12;USD/CAD;0;-11
12;USD/CAD;0;-10
12;USD/CAD;0;-9
1;USD/CAD;1.09811;192
12;USD/CAD;0;-8
12;USD/CAD;0;-7
12;USD/CAD;0;-6
12;USD/CAD;0;-5
12;USD/CAD;0;-4
12;USD/CAD;0;-3
12;USD/CAD;0;-2
12;USD/CAD;0;-1
12;USD/CAD;0;0
12;USD/CAD;0;1
12;USD/CAD;0;2
12;USD/CAD;1.05882;3
12;USD/CAD;0;4
12;USD/CAD;0;5
0;USD/CAD;1.09348;206
12;USD/CAD;0;6
12;USD/CAD;0;7
12;USD/CAD;0;8
12;USD/CAD;0;9
12;USD/CAD;0;10
12;USD/CAD;0;11
12;USD/CAD;0;12
12;USD/CAD;0;13
12;USD/CAD;0;14
12;USD/CAD;0;15
12;USD/CAD;0;16
12;USD/CAD;0;17
12;USD/CAD;0;18
12;USD/CAD;0;19
12;USD/CAD;0;20
12;USD/CAD;0;21
12;USD/CAD;0;22
12;USD/CAD;0;23
12;USD/CAD;0;24
12;USD/CAD;0;25
12;USD/CAD;0;26
12;USD/CAD;0;27
12;USD/CAD;0;28
12;USD/CAD;0;29
12;USD/CAD;0;30
12;USD/CAD;0;31
12;USD/CAD;0;32
1;USD/CAD;1.10778;233
12;USD/CAD;0;33
12;USD/CAD;0;34
12;USD/CAD;0;35
12;USD/CAD;0;36
12;USD/CAD;0;37
12;USD/CAD;0;38
12;USD/CAD;0;39
12;USD/CAD;0;40
12;USD/CAD;0;41
12;USD/CAD;0;42
12;USD/CAD;0;43
12;USD/CAD;0;44
12;USD/CAD;0;45
12;USD/CAD;0;46
12;USD/CAD;0;47
12;USD/CAD;0;48
12;USD/CAD;0;49
0;USD/CAD;1.10776;250
12;USD/CAD;0;50
12;USD/CAD;0;51
12;USD/CAD;0;52
12;USD/CAD;0;53
12;USD/CAD;0;54
12;USD/CAD;0;55
1;USD/CAD;1.10989;256
12;USD/CAD;1.09909;56
12;USD/CAD;0;57
12;USD/CAD;0;58
12;USD/CAD;0;59
12;USD/CAD;0;60
12;USD/CAD;0;61
12;USD/CAD;0;62
12;USD/CAD;1.09048;63
12;USD/CAD;0;64
12;USD/CAD;0;65
12;USD/CAD;0;66
12;USD/CAD;0;67
12;USD/CAD;0;68
12;USD/CAD;0;69
0;USD/CAD;1.10337;270
12;USD/CAD;0;70
12;USD/CAD;0;71
12;USD/CAD;0;72
12;USD/CAD;0;73
12;USD/CAD;0;74
12;USD/CAD;0;75
12;USD/CAD;0;76
12;USD/CAD;0;77
12;USD/CAD;0;78
1;USD/CAD;1.10041;279
12;USD/CAD;0;79
12;USD/CAD;0;80
12;USD/CAD;0;81
12;USD/CAD;0;82
12;USD/CAD;0;83
12;USD/CAD;0;84
12;USD/CAD;0;85
12;USD/CAD;0;86
12;USD/CAD;0;87
12;USD/CAD;0;88
12;USD/CAD;0;89
12;USD/CAD;0;90
12;USD/CAD;0;91
12;USD/CAD;1.11732;92
12;USD/CAD;0;93
12;USD/CAD;0;94
12;USD/CAD;0;95
12;USD/CAD;0;96
12;USD/CAD;0;97
4;USD/CAD;1.10675;297
4;USD/CAD;1.10675;290
12;USD/CAD;0;98
12;USD/CAD;0;99
12;USD/CAD;0;100
12;USD/CAD;0;101
12;USD/CAD;0;102
0;USD/CAD;1.10675;303
12;USD/CAD;0;103
12;USD/CAD;0;104
12;USD/CAD;1.10312;105
12;USD/CAD;0;106
12;USD/CAD;0;107
1;USD/CAD;1.10926;308
12;USD/CAD;0;108
12;USD/CAD;0;109
12;USD/CAD;0;110
12;USD/CAD;0;111
12;USD/CAD;0;112
12;USD/CAD;0;113
12;USD/CAD;0;114
12;USD/CAD;0;115
12;USD/CAD;0;116
12;USD/CAD;0;117
12;USD/CAD;0;118
12;USD/CAD;0;119
12;USD/CAD;0;120
12;USD/CAD;0;121
0;USD/CAD;1.10337;322
12;USD/CAD;0;122
1;USD/CAD;1.10877;323
12;USD/CAD;0;123
12;USD/CAD;0;124
12;USD/CAD;0;125
12;USD/CAD;0;126
12;USD/CAD;0;127
12;USD/CAD;0;128
12;USD/CAD;1.12243;129
12;USD/CAD;0;130
12;USD/CAD;0;131
12;USD/CAD;0;132
12;USD/CAD;0;133
12;USD/CAD;0;134
12;USD/CAD;0;135
12;USD/CAD;0;136
12;USD/CAD;0;137
12;USD/CAD;0;138
12;USD/CAD;0;139
12;USD/CAD;0;140
12;USD/CAD;0;141
12;USD/CAD;0;142
12;USD/CAD;0;143
12;USD/CAD;0;144
12;USD/CAD;0;145
12;USD/CAD;0;146
12;USD/CAD;1.10369;147
12;USD/CAD;0;148
12;USD/CAD;0;149
12;USD/CAD;0;150
12;USD/CAD;0;151
12;USD/CAD;0;152
12;USD/CAD;1.11221;153
12;USD/CAD;0;154
12;USD/CAD;0;155
12;USD/CAD;0;156
12;USD/CAD;0;157
12;USD/CAD;0;158
0;USD/CAD;1.10873;359
12;USD/CAD;1.09674;159
12;USD/CAD;0;160
12;USD/CAD;0;161
12;USD/CAD;0;162
12;USD/CAD;0;163
12;USD/CAD;0;164
12;USD/CAD;0;165
12;USD/CAD;0;166
12;USD/CAD;0;167
12;USD/CAD;1.10903;168
12;USD/CAD;0;169
12;USD/CAD;0;170
1;USD/CAD;1.10665;371
12;USD/CAD;0;171
12;USD/CAD;0;172
12;USD/CAD;0;173
12;USD/CAD;0;174
12;USD/CAD;0;175
12;USD/CAD;0;176
12;USD/CAD;0;177
12;USD/CAD;0;178
12;USD/CAD;0;179
12;USD/CAD;0;180
12;USD/CAD;0;181
0;USD/CAD;1.10524;382
12;USD/CAD;0;182
12;USD/CAD;0;183
12;USD/CAD;0;184
12;USD/CAD;0;185
12;USD/CAD;0;186
12;USD/CAD;0;187
12;USD/CAD;0;188
12;USD/CAD;0;189
12;USD/CAD;0;190
12;USD/CAD;0;191
12;USD/CAD;0;192
12;USD/CAD;0;193
12;USD/CAD;0;194
12;USD/CAD;0;195
12;USD/CAD;0;196
12;USD/CAD;0;197
12;USD/CAD;0;198
12;USD/CAD;0;199
12;USD/CAD;0;200
12;USD/CAD;0;201
12;USD/CAD;0;202
12;USD/CAD;0;203
12;USD/CAD;0;204
12;USD/CAD;0;205
1;USD/CAD;1.09882;406
12;USD/CAD;1.09101;206
12;USD/CAD;0;207
2;USD/CAD;0.708059463291169;408
12;USD/CAD;0;208
2;USD/CAD;0.453022603457072;409
12;USD/CAD;0;209
2;USD/CAD;0.465388081072048;410
0;USD/CAD;1.09519;410
12;USD/CAD;0;210
2;USD/CAD;0.723896617796484;411
12;USD/CAD;0;211
2;USD/CAD;0.902995682671587;412
12;USD/CAD;0;212
2;USD/CAD;0.923853276644411;413
12;USD/CAD;0;213
2;USD/CAD;0.809824244110576;414
12;USD/CAD;0;214
2;USD/CAD;0.750364316355082;415
12;USD/CAD;0;215
2;USD/CAD;0.734760629787884;416
12;USD/CAD;0;216
2;USD/CAD;0.870601850946063;417
12;USD/CAD;0;217
2;USD/CAD;0.865351184340345;418
1;USD/CAD;1.09295;418
0;USD/CAD;1.09058;418
12;USD/CAD;0;218
2;USD/CAD;0.91477843626466;419
12;USD/CAD;1.11928;219
2;USD/CAD;0.917505832683883;420
12;USD/CAD;0;220
2;USD/CAD;0.922744905267743;421
12;USD/CAD;0;221
2;USD/CAD;0.908984403241052;422
1;USD/CAD;1.08983;422
12;USD/CAD;0;222
2;USD/CAD;0.905372968986254;423
12;USD/CAD;0;223
2;USD/CAD;0.922457038932083;424
12;USD/CAD;0;224
2;USD/CAD;0.921800811408415;425
12;USD/CAD;0;225
2;USD/CAD;0.871696668003935;426
12;USD/CAD;0;226
2;USD/CAD;0.673844249399261;427
12;USD/CAD;0;227
2;USD/CAD;0.543645980816974;428
12;USD/CAD;0;228
2;USD/CAD;0.554288497187608;429
12;USD/CAD;0;229
2;USD/CAD;0.689518197335307;430
12;USD/CAD;0;230
2;USD/CAD;0.699433577363974;431
12;USD/CAD;0;231
2;USD/CAD;0.621257084459615;432
12;USD/CAD;0;232
2;USD/CAD;0.357603221509107;433
12;USD/CAD;0;233
2;USD/CAD;0.300286720817477;434
12;USD/CAD;0;234
2;USD/CAD;0.169897900010698;435
12;USD/CAD;0;235
2;USD/CAD;0.267289846482788;436
12;USD/CAD;0;236
2;USD/CAD;0.429961922030666;437
12;USD/CAD;0;237
2;USD/CAD;0.335171849788887;438
12;USD/CAD;0;238
2;USD/CAD;0.263836188661508;439
12;USD/CAD;0;239
2;USD/CAD;0.143579303156842;440
12;USD/CAD;0;240
2;USD/CAD;0.119062920045979;441
12;USD/CAD;0;241
2;USD/CAD;0.126566307089245;442
12;USD/CAD;0;242
2;USD/CAD;0.131786402619095;443
12;USD/CAD;1.11597;243
2;USD/CAD;0.125758085053114;444
12;USD/CAD;0;244
2;USD/CAD;0.0665198962236121;445
12;USD/CAD;0;245
2;USD/CAD;0.0498577908396365;446
12;USD/CAD;0;246
2;USD/CAD;0.0770968925590502;447
12;USD/CAD;0;247
2;USD/CAD;0.0778082575531805;448
12;USD/CAD;0;248
2;USD/CAD;0.132426260868859;449
12;USD/CAD;0;249
2;USD/CAD;0.0667570175061515;450
12;USD/CAD;0;250
2;USD/CAD;0.0667439292207638;451
12;USD/CAD;0;251
2;USD/CAD;0.0385140375680264;452
12;USD/CAD;0;252
2;USD/CAD;0.0403459394791284;453
12;USD/CAD;1.10387;253
2;USD/CAD;0.0653769655491449;454
12;USD/CAD;0;254
2;USD/CAD;0.133046647361125;455
12;USD/CAD;0;255
2;USD/CAD;0.180793617360317;456
12;USD/CAD;0;256
2;USD/CAD;0.080913005552361;457
12;USD/CAD;0;257
2;USD/CAD;0.0558525846605306;458
12;USD/CAD;0;258
2;USD/CAD;0.0484057085207858;459
12;USD/CAD;0;259
2;USD/CAD;0.0533437759674811;460
12;USD/CAD;0;260
2;USD/CAD;0.0602734618657521;461
12;USD/CAD;0;261
2;USD/CAD;0.0759104708232652;462
12;USD/CAD;1.11176;262
2;USD/CAD;0.0523166369040923;463
12;USD/CAD;0;263
2;USD/CAD;0.0541810084553579;464
12;USD/CAD;0;264
2;USD/CAD;0.0527689988688539;465
12;USD/CAD;0;265
2;USD/CAD;0.0893945705439301;466
12;USD/CAD;0;266
2;USD/CAD;0.113940746009727;467
12;USD/CAD;0;267
2;USD/CAD;0.0853739720747339;468
12;USD/CAD;0;268
2;USD/CAD;0.093668946557384;469
12;USD/CAD;0;269
2;USD/CAD;0.0625478060715433;470
12;USD/CAD;0;270
2;USD/CAD;0.0796056710154781;471
12;USD/CAD;0;271
2;USD/CAD;0.080457597181674;472
12;USD/CAD;0;272
2;USD/CAD;0.0843685784548423;473
12;USD/CAD;1.09551;273
2;USD/CAD;0.0743569759155285;474
12;USD/CAD;0;274
2;USD/CAD;0.0677767238332769;475
12;USD/CAD;0;275
2;USD/CAD;0.0645688925108603;476
12;USD/CAD;0;276
2;USD/CAD;0.0469489618752705;477
12;USD/CAD;0;277
2;USD/CAD;0.0551406819308459;478
12;USD/CAD;0;278
2;USD/CAD;0.0639261777322245;479
12;USD/CAD;0;279
2;USD/CAD;0.0595011367759914;480
12;USD/CAD;0;280
2;USD/CAD;0.0544997274893996;481
12;USD/CAD;0;281
2;USD/CAD;0.0544574066177546;482
12;USD/CAD;0;282
2;USD/CAD;0.0620561397030858;483
12;USD/CAD;0;283
2;USD/CAD;0.128993492095994;484
12;USD/CAD;0;284
2;USD/CAD;0.132366425850641;485
12;USD/CAD;0;285
2;USD/CAD;0.157971836645722;486
12;USD/CAD;0;286
2;USD/CAD;0.145868082929634;487
12;USD/CAD;0;287
2;USD/CAD;0.0994091505899326;488
12;USD/CAD;0;288
2;USD/CAD;0.109485967615234;489
12;USD/CAD;0;289
2;USD/CAD;0.132152293313878;490
12;USD/CAD;1.11308;290
2;USD/CAD;0.137348707694404;491
12;USD/CAD;1.10715;291
4;USD/CAD;1.101;491
4;USD/CAD;1.101;488
2;USD/CAD;0.110911579736396;492
12;USD/CAD;0;292
2;USD/CAD;0.0862773753068704;493
12;USD/CAD;0;293
2;USD/CAD;0.0606292764020155;494
12;USD/CAD;0;294
2;USD/CAD;0.0844766405297002;495
12;USD/CAD;0;295
2;USD/CAD;0.179804249855774;496
12;USD/CAD;1.11536;296
2;USD/CAD;0.132497507885221;497
12;USD/CAD;0;297
2;USD/CAD;0.217697749140389;498
12;USD/CAD;0;298
2;USD/CAD;0.250984174405421;499
12;USD/CAD;0;299
2;USD/CAD;0.211868000062097;500
0;USD/CAD;1.10099;500
12;USD/CAD;0;300
2;USD/CAD;0.285377778385352;501
12;USD/CAD;0;301
2;USD/CAD;0.38933068301914;502
12;USD/CAD;0;302
2;USD/CAD;0.567375979157933;503
12;USD/CAD;0;303
2;USD/CAD;0.656922069305674;504
12;USD/CAD;0;304
2;USD/CAD;0.610535889368006;505
12;USD/CAD;0;305
2;USD/CAD;0.428764048267963;506
12;USD/CAD;0;306
2;USD/CAD;0.587039703839422;507
12;USD/CAD;0;307
2;USD/CAD;0.976362289952889;508
12;USD/CAD;0;308
2;USD/CAD;0.956040833232814;509
1;USD/CAD;1.09571;509
12;USD/CAD;0;309
2;USD/CAD;0.91977815524581;510
12;USD/CAD;0;310
2;USD/CAD;0.873321113556527;511
12;USD/CAD;0;311
2;USD/CAD;0.859234443334267;512
12;USD/CAD;0;312
2;USD/CAD;0.660658020245556;513
12;USD/CAD;0;313
2;USD/CAD;0.638607317615494;514
12;USD/CAD;0;314
2;USD/CAD;0.734292017058109;515
12;USD/CAD;0;315
2;USD/CAD;0.854453881547498;516
12;USD/CAD;0;316
2;USD/CAD;0.853219554914141;517
12;USD/CAD;0;317
2;USD/CAD;0.783225734207794;518
12;USD/CAD;0;318
2;USD/CAD;0.800182562281688;519
12;USD/CAD;0;319
2;USD/CAD;0.897568251124548;520
0;USD/CAD;1.09366;520
12;USD/CAD;0;320
2;USD/CAD;0.88013214389204;521
12;USD/CAD;1.10252;321
2;USD/CAD;0.593516055796887;522
12;USD/CAD;0;322
2;USD/CAD;0.617038198487607;523
12;USD/CAD;0;323
2;USD/CAD;0.660540601384846;524
12;USD/CAD;0;324
2;USD/CAD;0.752267226774856;525
12;USD/CAD;0;325
2;USD/CAD;0.778815715290431;526
12;USD/CAD;0;326
2;USD/CAD;0.770951573667526;527
12;USD/CAD;0;327
2;USD/CAD;0.90030805912247;528
12;USD/CAD;0;328
2;USD/CAD;0.938100280429134;529
12;USD/CAD;0;329
2;USD/CAD;0.752799366555223;530
12;USD/CAD;0;330
2;USD/CAD;0.958518251505623;531
12;USD/CAD;0;331
2;USD/CAD;0.906547125360151;532
12;USD/CAD;1.12781;332
2;USD/CAD;0.964030381900997;533
12;USD/CAD;0;333
2;USD/CAD;0.95820022160226;534
12;USD/CAD;0;334
2;USD/CAD;0.959561704325755;535
12;USD/CAD;0;335
2;USD/CAD;0.975705039868969;536
12;USD/CAD;0;336
2;USD/CAD;0.961503136484737;537
12;USD/CAD;0;337
2;USD/CAD;0.974569222660538;538
12;USD/CAD;0;338
2;USD/CAD;0.962147713580899;539
1;USD/CAD;1.08962;539
12;USD/CAD;0;339
2;USD/CAD;0.933554190383362;540
12;USD/CAD;0;340
2;USD/CAD;0.930367286376071;541
12;USD/CAD;0;341
2;USD/CAD;0.759282816013565;542
12;USD/CAD;0;342
2;USD/CAD;0.817255318460735;543
0;USD/CAD;1.0869;543
12;USD/CAD;0;343
2;USD/CAD;0.877025987111228;544
12;USD/CAD;0;344
2;USD/CAD;0.950963102678953;545
12;USD/CAD;0;345
2;USD/CAD;0.945489633431216;546
12;USD/CAD;0;346
2;USD/CAD;0.928984663598608;547
12;USD/CAD;0;347
2;USD/CAD;0.934697779231705;548
12;USD/CAD;0;348
2;USD/CAD;0.953214007269873;549
12;USD/CAD;0;349
2;USD/CAD;0.960308440648206;550
12;USD/CAD;0;350
2;USD/CAD;0.949105280391097;551
12;USD/CAD;0;351
2;USD/CAD;0.746634855131288;552
12;USD/CAD;0;352
2;USD/CAD;0.75790976967508;553
12;USD/CAD;0;353
2;USD/CAD;0.436598618595907;554
12;USD/CAD;0;354
2;USD/CAD;0.359764960160024;555
12;USD/CAD;0;355
2;USD/CAD;0.621583503868245;556
12;USD/CAD;0;356
2;USD/CAD;0.598879665885455;557
12;USD/CAD;0;357
2;USD/CAD;0.602967738662087;558
12;USD/CAD;0;358
2;USD/CAD;0.198386537185951;559
12;USD/CAD;0;359
2;USD/CAD;0.243145435841744;560
12;USD/CAD;0;360
2;USD/CAD;0.14302149809255;561
12;USD/CAD;0;361
2;USD/CAD;0.0717021557515824;562
12;USD/CAD;0;362
2;USD/CAD;0.114594674459659;563
12;USD/CAD;0;363
2;USD/CAD;0.26112009395572;564
12;USD/CAD;0;364
2;USD/CAD;0.167632329500824;565
12;USD/CAD;0;365
2;USD/CAD;0.0562129653295744;566
12;USD/CAD;0;366
2;USD/CAD;0.0565290411967582;567
12;USD/CAD;0;367
2;USD/CAD;0.0803104460803131;568
12;USD/CAD;0;368
2;USD/CAD;0.239675509929371;569
12;USD/CAD;0;369
2;USD/CAD;0.498887117664883;570
12;USD/CAD;0;370
2;USD/CAD;0.406185303915847;571
12;USD/CAD;0;371
2;USD/CAD;0.155758317381469;572
12;USD/CAD;0;372
2;USD/CAD;0.518561619465902;573
12;USD/CAD;0;373
2;USD/CAD;0.778511207220262;574
12;USD/CAD;0;374
2;USD/CAD;0.703564786051337;575
12;USD/CAD;0;375
2;USD/CAD;0.900861136925117;576
12;USD/CAD;0;376
2;USD/CAD;0.690474082659806;577
12;USD/CAD;0;377
2;USD/CAD;0.9063095839709;578
12;USD/CAD;0;378
2;USD/CAD;0.732750934648009;579
12;USD/CAD;0;379
2;USD/CAD;0.723764627901044;580
12;USD/CAD;0;380
2;USD/CAD;0.837128649573969;581
12;USD/CAD;0;381
2;USD/CAD;0.69482751338155;582
12;USD/CAD;0;382
2;USD/CAD;0.831441275536919;583
12;USD/CAD;0;383
2;USD/CAD;0.772649043714855;584
12;USD/CAD;0;384
2;USD/CAD;0.849438536393184;585
12;USD/CAD;0;385
2;USD/CAD;0.91560584816171;586
12;USD/CAD;0;386
2;USD/CAD;0.751657999812406;587
1;USD/CAD;1.0863;587
12;USD/CAD;0;387
2;USD/CAD;0.776961911704074;588
12;USD/CAD;0;388
2;USD/CAD;0.815650134730906;589
12;USD/CAD;0;389
2;USD/CAD;0.807935321232641;590
12;USD/CAD;0;390
2;USD/CAD;0.741817462216173;591
12;USD/CAD;0;391
2;USD/CAD;0.64734176072285;592
12;USD/CAD;0;392
2;USD/CAD;0.534741076106876;593
12;USD/CAD;0;393
2;USD/CAD;0.374901094066017;594
12;USD/CAD;0;394
2;USD/CAD;0.376511308702529;595
12;USD/CAD;0;395
2;USD/CAD;0.195195515808977;596
12;USD/CAD;0;396
2;USD/CAD;0.137904924356282;597
12;USD/CAD;0;397
2;USD/CAD;0.293529887932967;598
12;USD/CAD;0;398
2;USD/CAD;0.110987446622566;599
12;USD/CAD;0;399
2;USD/CAD;0.0604982536305659;600
12;USD/CAD;0;400
2;USD/CAD;0.0502188819234688;601
12;USD/CAD;0;401
2;USD/CAD;0.0851069809521703;602
12;USD/CAD;0;402
2;USD/CAD;0.15977176066405;603
12;USD/CAD;0;403
2;USD/CAD;0.181896548220291;604
12;USD/CAD;0;404
2;USD/CAD;0.298615223585065;605
12;USD/CAD;0;405
2;USD/CAD;0.511647937221637;606
12;USD/CAD;0;406
2;USD/CAD;0.7046013640438;607
12;USD/CAD;0;407
2;USD/CAD;0.923469353156057;608
12;USD/CAD;0;408
2;USD/CAD;0.94980242336882;609
12;USD/CAD;0;409
2;USD/CAD;0.919784342286618;610
0;USD/CAD;1.08896;610
12;USD/CAD;0;410
2;USD/CAD;0.986910850794337;611
12;USD/CAD;0;411
2;USD/CAD;0.984346121701857;612
12;USD/CAD;0;412
2;USD/CAD;0.985590122094869;613
12;USD/CAD;0;413
2;USD/CAD;0.990015293288862;614
12;USD/CAD;0;414
2;USD/CAD;0.987610038093139;615
12;USD/CAD;0;415
2;USD/CAD;0.984060723098446;616
12;USD/CAD;0;416
2;USD/CAD;0.990167490386043;617
12;USD/CAD;0;417
2;USD/CAD;0.989240743502966;618
12;USD/CAD;1.08578;418
2;USD/CAD;0.979625088567545;619
12;USD/CAD;0;419
2;USD/CAD;0.987741986279195;620
12;USD/CAD;0;420
2;USD/CAD;0.987093353994018;621
12;USD/CAD;0;421
2;USD/CAD;0.98444376529515;622
12;USD/CAD;0;422
2;USD/CAD;0.97756694019591;623
1;USD/CAD;1.08702;623
12;USD/CAD;0;423
2;USD/CAD;0.950326134889873;624
12;USD/CAD;0;424
2;USD/CAD;0.969794114898823;625
12;USD/CAD;0;425
2;USD/CAD;0.7427138267504;626
12;USD/CAD;0;426
2;USD/CAD;0.427960610475105;627
12;USD/CAD;0;427
2;USD/CAD;0.564698320480515;628
12;USD/CAD;0;428
2;USD/CAD;0.334887142314905;629
12;USD/CAD;0;429
2;USD/CAD;0.182301641916691;630
12;USD/CAD;0;430
2;USD/CAD;0.0822329103211941;631
0;USD/CAD;1.08699;631
12;USD/CAD;0;431
2;USD/CAD;0.0369492520060958;632
12;USD/CAD;0;432
2;USD/CAD;0.0773352507106542;633
12;USD/CAD;0;433
2;USD/CAD;0.365672411179765;634
12;USD/CAD;0;434
2;USD/CAD;0.624126792831407;635
12;USD/CAD;0;435
2;USD/CAD;0.830384049755029;636
12;USD/CAD;0;436
2;USD/CAD;0.890383807527434;637
12;USD/CAD;0;437
2;USD/CAD;0.744206256672729;638
12;USD/CAD;0;438
2;USD/CAD;0.947605056149087;639
12;USD/CAD;0;439
2;USD/CAD;0.889154425040573;640
12;USD/CAD;0;440
2;USD/CAD;0.935835785557309;641
12;USD/CAD;0;441
2;USD/CAD;0.965310139506084;642
12;USD/CAD;0;442
2;USD/CAD;0.917584927466383;643
12;USD/CAD;0;443
2;USD/CAD;0.774279869438866;644
12;USD/CAD;0;444
2;USD/CAD;0.558419998476357;645
12;USD/CAD;0;445
2;USD/CAD;0.330560583817402;646
12;USD/CAD;0;446
2;USD/CAD;0.0326782985493407;647
12;USD/CAD;0;447
2;USD/CAD;0.0663739619865386;648
12;USD/CAD;0;448
2;USD/CAD;0.0594694021151142;649
12;USD/CAD;0;449
2;USD/CAD;0.0224222088870615;650
12;USD/CAD;0;450
2;USD/CAD;0.0296021712975409;651
12;USD/CAD;0;451
2;USD/CAD;0.0253169567936697;652
12;USD/CAD;0;452
2;USD/CAD;0.0980412248163265;653
12;USD/CAD;0;453
2;USD/CAD;0.0555591745744979;654
12;USD/CAD;0;454
2;USD/CAD;0.0549550448006302;655
12;USD/CAD;0;455
2;USD/CAD;0.0470025822810674;656
12;USD/CAD;0;456
2;USD/CAD;0.0304360049803471;657
12;USD/CAD;0;457
2;USD/CAD;0.0387412874211898;658
12;USD/CAD;0;458
2;USD/CAD;0.182851254964058;659
12;USD/CAD;0;459
2;USD/CAD;0.269823419287838;660
12;USD/CAD;0;460
2;USD/CAD;0.10475750657122;661
12;USD/CAD;0;461
2;USD/CAD;0.0697005528642474;662
12;USD/CAD;0;462
2;USD/CAD;0.0596766208573506;663
12;USD/CAD;0;463
2;USD/CAD;0.179300018783795;664
12;USD/CAD;0;464
2;USD/CAD;0.359732554440422;665
12;USD/CAD;0;465
2;USD/CAD;0.701687454300831;666
12;USD/CAD;0;466
2;USD/CAD;0.891698891633653;667
12;USD/CAD;0;467
2;USD/CAD;0.844914424010232;668
12;USD/CAD;0;468
2;USD/CAD;0.868912502252946;669
12;USD/CAD;0;469
2;USD/CAD;0.964709145770692;670
12;USD/CAD;0;470
2;USD/CAD;0.969500451641146;671
12;USD/CAD;0;471
2;USD/CAD;0.9580474538659;672
12;USD/CAD;0;472
2;USD/CAD;0.87597090707528;673
12;USD/CAD;0;473
2;USD/CAD;0.672118147203113;674
12;USD/CAD;0;474
2;USD/CAD;0.885126749838344;675
12;USD/CAD;0;475
2;USD/CAD;0.849139845872038;676
12;USD/CAD;0;476
2;USD/CAD;0.981362422009014;677
12;USD/CAD;1.10531;477
2;USD/CAD;0.982525628743634;678
12;USD/CAD;0;478
2;USD/CAD;0.892629223218385;679
12;USD/CAD;0;479
2;USD/CAD;0.940547051552277;680
12;USD/CAD;0;480
2;USD/CAD;0.95883361888438;681
12;USD/CAD;0;481
2;USD/CAD;0.922427841421206;682
12;USD/CAD;0;482
2;USD/CAD;0.974708174542258;683
1;USD/CAD;1.09151;683
12;USD/CAD;0;483
2;USD/CAD;0.970727915174855;684
12;USD/CAD;0;484
2;USD/CAD;0.986511652235376;685
12;USD/CAD;0;485
2;USD/CAD;0.986216918145714;686
12;USD/CAD;0;486
2;USD/CAD;0.979893632841139;687
0;USD/CAD;1.08856;687
12;USD/CAD;0;487
2;USD/CAD;0.936619116860316;688
12;USD/CAD;0;488
2;USD/CAD;0.970775140078555;689
12;USD/CAD;1.1014;489
2;USD/CAD;0.950052910198934;690
12;USD/CAD;1.10469;490
2;USD/CAD;0.942498884498951;691
12;USD/CAD;0;491
2;USD/CAD;0.975400054066487;692
12;USD/CAD;0;492
2;USD/CAD;0.973716133944587;693
12;USD/CAD;0;493
2;USD/CAD;0.988877216576496;694
12;USD/CAD;0;494
2;USD/CAD;0.981273229951422;695
12;USD/CAD;0;495
2;USD/CAD;0.989956804529829;696
12;USD/CAD;0;496
2;USD/CAD;0.969700702991247;697
12;USD/CAD;0;497
2;USD/CAD;0.963863569511545;698
1;USD/CAD;1.08591;698
12;USD/CAD;0;498
2;USD/CAD;0.924371158834189;699
12;USD/CAD;0;499
2;USD/CAD;0.73633575266946;700
12;USD/CAD;0;500
2;USD/CAD;0.756009036420087;701
12;USD/CAD;0;501
2;USD/CAD;0.655788298626217;702
12;USD/CAD;0;502
2;USD/CAD;0.919068641208341;703
12;USD/CAD;0;503
2;USD/CAD;0.634189114863173;704
12;USD/CAD;0;504
2;USD/CAD;0.664370617553787;705
12;USD/CAD;0;505
2;USD/CAD;0.437929802928229;706
0;USD/CAD;1.08364;706
12;USD/CAD;0;506
2;USD/CAD;0.244508430172556;707
12;USD/CAD;0;507
2;USD/CAD;0.903701879046181;708
12;USD/CAD;1.09424;508
2;USD/CAD;0.786183307359477;709
12;USD/CAD;0;509
2;USD/CAD;0.470952722397777;710
1;USD/CAD;1.08545;710
12;USD/CAD;0;510
2;USD/CAD;0.664709889048752;711
12;USD/CAD;0;511
2;USD/CAD;0.877385323422301;712
12;USD/CAD;0;512
2;USD/CAD;0.731605044443337;713
0;USD/CAD;1.0852;713
12;USD/CAD;1.0995;513
2;USD/CAD;0.657424678876987;714
12;USD/CAD;0;514
2;USD/CAD;0.316576631603988;715
12;USD/CAD;0;515
2;USD/CAD;0.391195885107091;716
12;USD/CAD;0;516
2;USD/CAD;0.225445481009619;717
12;USD/CAD;0;517
2;USD/CAD;0.180116550729073;718
12;USD/CAD;0;518
2;USD/CAD;0.0758881157740254;719
12;USD/CAD;0;519
2;USD/CAD;0.259752135257509;720
12;USD/CAD;0;520
2;USD/CAD;0.370591667092387;721
12;USD/CAD;0;521
2;USD/CAD;0.368102487577315;722
12;USD/CAD;0;522
2;USD/CAD;0.663260792028243;723
12;USD/CAD;0;523
2;USD/CAD;0.920178668957257;724
12;USD/CAD;0;524
2;USD/CAD;0.843372398527398;725
12;USD/CAD;0;525
2;USD/CAD;0.976181913175497;726
12;USD/CAD;0;526
2;USD/CAD;0.962779946369986;727
12;USD/CAD;0;527
2;USD/CAD;0.971672589601986;728
12;USD/CAD;0;528
2;USD/CAD;0.961326505420946;729
12;USD/CAD;0;529
2;USD/CAD;0.954389096141765;730
1;USD/CAD;1.08173;730
0;USD/CAD;1.08046;730
12;USD/CAD;0;530
2;USD/CAD;0.975579971657408;731
12;USD/CAD;0;531
2;USD/CAD;0.959169824110627;732
12;USD/CAD;0;532
2;USD/CAD;0.967982602624304;733
12;USD/CAD;0;533
2;USD/CAD;0.936596977319487;734
12;USD/CAD;0;534
2;USD/CAD;0.982077770194768;735
12;USD/CAD;0;535
2;USD/CAD;0.971963558672052;736
12;USD/CAD;0;536
2;USD/CAD;0.962161708467964;737
1;USD/CAD;1.07318;737
12;USD/CAD;0;537
2;USD/CAD;0.991493068261064;738
12;USD/CAD;0;538
2;USD/CAD;0.984819175776916;739
12;USD/CAD;0;539
2;USD/CAD;0.924811560312231;740
12;USD/CAD;0;540
2;USD/CAD;0.982983446786725;741
12;USD/CAD;0;541
2;USD/CAD;0.973983988123353;742
12;USD/CAD;0;542
2;USD/CAD;0.940435956304387;743
12;USD/CAD;0;543
2;USD/CAD;0.775464020878988;744
12;USD/CAD;1.08139;544
2;USD/CAD;0.779647930666905;745
12;USD/CAD;0;545
2;USD/CAD;0.89097272039785;746
12;USD/CAD;0;546
2;USD/CAD;0.676649794363915;747
12;USD/CAD;0;547
2;USD/CAD;0.654437906733194;748
12;USD/CAD;0;548
2;USD/CAD;0.914366795899719;749
12;USD/CAD;0;549
2;USD/CAD;0.869162155029571;750
12;USD/CAD;0;550
2;USD/CAD;0.691407390369042;751
12;USD/CAD;0;551
2;USD/CAD;0.384060737525821;752
0;USD/CAD;1.0711;752
12;USD/CAD;0;552
2;USD/CAD;0.842062824598781;753
12;USD/CAD;0;553
2;USD/CAD;0.925214073909659;754
12;USD/CAD;0;554
2;USD/CAD;0.867801055856139;755
12;USD/CAD;0;555
2;USD/CAD;0.914249594700366;756
12;USD/CAD;0;556
2;USD/CAD;0.967455872719731;757
12;USD/CAD;0;557
2;USD/CAD;0.985500951790221;758
12;USD/CAD;0;558
2;USD/CAD;0.969111679556936;759
12;USD/CAD;1.0926;559
2;USD/CAD;0.925192794241765;760
12;USD/CAD;0;560
2;USD/CAD;0.959644892036456;761
12;USD/CAD;0;561
2;USD/CAD;0.958626351875177;762
12;USD/CAD;0;562
2;USD/CAD;0.944716807240605;763
12;USD/CAD;0;563
2;USD/CAD;0.751834756623651;764
1;USD/CAD;1.06745;764
12;USD/CAD;0;564
2;USD/CAD;0.838546737772117;765
12;USD/CAD;0;565
2;USD/CAD;0.856143703463177;766
0;USD/CAD;1.06531;766
12;USD/CAD;0;566
2;USD/CAD;0.821117658803842;767
12;USD/CAD;0;567
2;USD/CAD;0.921608624048521;768
12;USD/CAD;0;568
2;USD/CAD;0.897346845262102;769
12;USD/CAD;0;569
2;USD/CAD;0.756962799034792;770
12;USD/CAD;0;570
2;USD/CAD;0.854332771412839;771
12;USD/CAD;0;571
2;USD/CAD;0.784530664354794;772
12;USD/CAD;0;572
2;USD/CAD;0.755852182377894;773
12;USD/CAD;0;573
2;USD/CAD;0.953263413836534;774
12;USD/CAD;0;574
2;USD/CAD;0.966068647404478;775
12;USD/CAD;0;575
2;USD/CAD;0.954950453102769;776
12;USD/CAD;0;576
2;USD/CAD;0.968433156576004;777
12;USD/CAD;0;577
2;USD/CAD;0.977559168379113;778
12;USD/CAD;0;578
2;USD/CAD;0.948802164821675;779
12;USD/CAD;0;579
2;USD/CAD;0.832962676250786;780
12;USD/CAD;0;580
2;USD/CAD;0.810221960279462;781
12;USD/CAD;0;581
2;USD/CAD;0.366489909040396;782
12;USD/CAD;0;582
2;USD/CAD;0.179767802786638;783
12;USD/CAD;1.085;583
2;USD/CAD;0.443991735305026;784
12;USD/CAD;0;584
2;USD/CAD;0.583630637467242;785
12;USD/CAD;0;585
2;USD/CAD;0.870500864671885;786
12;USD/CAD;0;586
2;USD/CAD;0.293144923167585;787
12;USD/CAD;0;587
2;USD/CAD;0.490485822355764;788
12;USD/CAD;0;588
2;USD/CAD;0.837778445044921;789
12;USD/CAD;0;589
2;USD/CAD;0.882852751007677;790
12;USD/CAD;0;590
2;USD/CAD;0.969109129394692;791
12;USD/CAD;0;591
2;USD/CAD;0.903027266457481;792
12;USD/CAD;0;592
2;USD/CAD;0.921172711156268;793
12;USD/CAD;0;593
2;USD/CAD;0.792539657468763;794
12;USD/CAD;0;594
2;USD/CAD;0.0708118294424692;795
12;USD/CAD;0;595
2;USD/CAD;0.374972322492092;796
12;USD/CAD;0;596
2;USD/CAD;0.560336943904634;797
12;USD/CAD;1.09415;597
2;USD/CAD;0.0304679602169018;798
12;USD/CAD;0;598
2;USD/CAD;0.0235764207096209;799
12;USD/CAD;0;599
2;USD/CAD;0.0420007590390913;800
12;USD/CAD;0;600
2;USD/CAD;0.108575987549959;801
12;USD/CAD;0;601
2;USD/CAD;0.0753784874662675;802
12;USD/CAD;0;602
2;USD/CAD;0.251476450854856;803
12;USD/CAD;0;603
2;USD/CAD;0.734441566542106;804
12;USD/CAD;0;604
2;USD/CAD;0.0824079262694207;805
12;USD/CAD;0;605
2;USD/CAD;0.379397838029042;806
12;USD/CAD;0;606
2;USD/CAD;0.090224928443141;807
12;USD/CAD;0;607
2;USD/CAD;0.738466064051183;808
12;USD/CAD;0;608
2;USD/CAD;0.925869430440753;809
12;USD/CAD;0;609
2;USD/CAD;0.955736448200454;810
12;USD/CAD;0;610
2;USD/CAD;0.968379655135206;811
12;USD/CAD;0;611
2;USD/CAD;0.974027606477157;812
12;USD/CAD;0;612
2;USD/CAD;0.917837519335087;813
12;USD/CAD;0;613
2;USD/CAD;0.829601252978159;814
12;USD/CAD;0;614
2;USD/CAD;0.827838817209395;815
12;USD/CAD;0;615
2;USD/CAD;0.962121526337825;816
12;USD/CAD;0;616
2;USD/CAD;0.829368890897338;817
12;USD/CAD;0;617
2;USD/CAD;0.821936705037869;818
12;USD/CAD;0;618
2;USD/CAD;0.904748385218405;819
12;USD/CAD;0;619
2;USD/CAD;0.818692401932038;820
12;USD/CAD;1.08357;620
2;USD/CAD;0.734159504736248;821
12;USD/CAD;0;621
2;USD/CAD;0.118660260271489;822
12;USD/CAD;0;622
2;USD/CAD;0.072120822820462;823
12;USD/CAD;0;623
2;USD/CAD;0.0774247941874996;824
12;USD/CAD;0;624
2;USD/CAD;0.0735602717706986;825
12;USD/CAD;0;625
2;USD/CAD;0.0118331783504593;826
12;USD/CAD;0;626
2;USD/CAD;0.0655956658809061;827
12;USD/CAD;0;627
2;USD/CAD;0.306647867161946;828
12;USD/CAD;1.08862;628
2;USD/CAD;0.316624696753693;829
12;USD/CAD;0;629
2;USD/CAD;0.0732496256438729;830
12;USD/CAD;0;630
2;USD/CAD;0.154323574253583;831
12;USD/CAD;0;631
2;USD/CAD;0.230303867201589;832
12;USD/CAD;0;632
2;USD/CAD;0.634440361143001;833
12;USD/CAD;0;633
2;USD/CAD;0.0491805348498297;834
12;USD/CAD;0;634
2;USD/CAD;0.404269844487045;835
12;USD/CAD;0;635
2;USD/CAD;0.201435798657094;836
12;USD/CAD;0;636
2;USD/CAD;0.0508563044989899;837
12;USD/CAD;0;637
2;USD/CAD;0.0437211580334244;838
12;USD/CAD;1.08221;638
2;USD/CAD;0.0676471418572359;839
12;USD/CAD;0;639
2;USD/CAD;0.287901419494335;840
12;USD/CAD;0;640
2;USD/CAD;0.068755908717421;841
12;USD/CAD;0;641
2;USD/CAD;0.104982342697276;842
12;USD/CAD;0;642
2;USD/CAD;0.560206023746062;843
12;USD/CAD;0;643
2;USD/CAD;0.488667325675412;844
12;USD/CAD;0;644
2;USD/CAD;0.18570224725237;845
12;USD/CAD;0;645
2;USD/CAD;0.514558409894664;846
12;USD/CAD;0;646
2;USD/CAD;0.302443600209658;847
12;USD/CAD;0;647
2;USD/CAD;0.188404326457366;848
12;USD/CAD;0;648
2;USD/CAD;0.303218098961891;849
12;USD/CAD;0;649
2;USD/CAD;0.19770646232391;850
12;USD/CAD;0;650
2;USD/CAD;0.551926867848784;851
12;USD/CAD;0;651
2;USD/CAD;0.55807183072764;852
12;USD/CAD;0;652
2;USD/CAD;0.347376221093363;853
12;USD/CAD;0;653
2;USD/CAD;0.357625583481999;854
12;USD/CAD;0;654
2;USD/CAD;0.755920736476427;855
12;USD/CAD;0;655
2;USD/CAD;0.244506889666745;856
1;USD/CAD;1.07448;856
12;USD/CAD;0;656
2;USD/CAD;0.783832850545845;857
12;USD/CAD;0;657
2;USD/CAD;0.910211574814329;858
12;USD/CAD;0;658
2;USD/CAD;0.867486557090112;859
12;USD/CAD;0;659
2;USD/CAD;0.799415704314533;860
12;USD/CAD;0;660
2;USD/CAD;0.845363117039045;861
12;USD/CAD;0;661
2;USD/CAD;0.175501081233851;862
12;USD/CAD;0;662
2;USD/CAD;0.321726517518077;863
0;USD/CAD;1.07444;863
12;USD/CAD;1.09602;663
2;USD/CAD;0.503054411947595;864
12;USD/CAD;0;664
2;USD/CAD;0.374838524110796;865
12;USD/CAD;0;665
2;USD/CAD;0.427157686947612;866
12;USD/CAD;0;666
2;USD/CAD;0.89524904025596;867
12;USD/CAD;0;667
2;USD/CAD;0.882139739274453;868
12;USD/CAD;0;668
2;USD/CAD;0.874117029343692;869
12;USD/CAD;0;669
2;USD/CAD;0.915217354802462;870
1;USD/CAD;1.07302;870
12;USD/CAD;0;670
2;USD/CAD;0.954902622351494;871
12;USD/CAD;0;671
2;USD/CAD;0.744236356351799;872
12;USD/CAD;0;672
2;USD/CAD;0.856051708723805;873
12;USD/CAD;0;673
2;USD/CAD;0.966248671706394;874
12;USD/CAD;0;674
2;USD/CAD;0.521873312887148;875
12;USD/CAD;0;675
2;USD/CAD;0.184599396964453;876
12;USD/CAD;0;676
2;USD/CAD;0.254560760873753;877
12;USD/CAD;0;677
2;USD/CAD;0.0606504951067987;878
12;USD/CAD;0;678
2;USD/CAD;0.126929318428405;879
12;USD/CAD;0;679
2;USD/CAD;0.121932083378245;880
12;USD/CAD;0;680
2;USD/CAD;0.0273289185800705;881
12;USD/CAD;0;681
2;USD/CAD;0.023527783074542;882
12;USD/CAD;0;682
2;USD/CAD;0.0632657859590469;883
12;USD/CAD;0;683
2;USD/CAD;0.0534915807545159;884
12;USD/CAD;0;684
2;USD/CAD;0.0295367652077564;885
12;USD/CAD;0;685
2;USD/CAD;0.0347784517436319;886
12;USD/CAD;0;686
2;USD/CAD;0.44673425510644;887
12;USD/CAD;0;687
2;USD/CAD;0.561313147966135;888
12;USD/CAD;0;688
2;USD/CAD;0.313425443815968;889
12;USD/CAD;0;689
2;USD/CAD;0.639669206419951;890
12;USD/CAD;0;690
2;USD/CAD;0.616911055056987;891
12;USD/CAD;0;691
2;USD/CAD;0.609023074260612;892
12;USD/CAD;0;692
2;USD/CAD;0.645676094829087;893
12;USD/CAD;1.08414;693
2;USD/CAD;0.360298860003607;894
12;USD/CAD;0;694
2;USD/CAD;0.120216625127302;895
12;USD/CAD;0;695
2;USD/CAD;0.127610546057975;896
12;USD/CAD;0;696
2;USD/CAD;0.0355580964385522;897
12;USD/CAD;0;697
2;USD/CAD;0.0364677688778607;898
12;USD/CAD;0;698
2;USD/CAD;0.01804407219761;899
12;USD/CAD;0;699
2;USD/CAD;0.00932726067172918;900
12;USD/CAD;0;700
2;USD/CAD;0.00920754434253858;901
12;USD/CAD;0;701
2;USD/CAD;0.00822224605709973;902
12;USD/CAD;0;702
2;USD/CAD;0.0212800090289279;903
12;USD/CAD;0;703
2;USD/CAD;0.0154518883752343;904
12;USD/CAD;1.08815;704
2;USD/CAD;0.0443017367225435;905
12;USD/CAD;1.08356;705
2;USD/CAD;0.0732175874590481;906
12;USD/CAD;0;706
2;USD/CAD;0.306286351705926;907
12;USD/CAD;0;707
2;USD/CAD;0.0758894319619698;908
12;USD/CAD;0;708
2;USD/CAD;0.0290831332290945;909
12;USD/CAD;0;709
2;USD/CAD;0.0278663602472027;910
12;USD/CAD;0;710
2;USD/CAD;0.0496036425233206;911
12;USD/CAD;0;711
2;USD/CAD;0.0317652644472201;912
12;USD/CAD;0;712
2;USD/CAD;0.0137977072395218;913
12;USD/CAD;0;713
2;USD/CAD;0.101728978742158;914
12;USD/CAD;0;714
2;USD/CAD;0.0207376225928192;915
12;USD/CAD;0;715
2;USD/CAD;0.00947316691769113;916
12;USD/CAD;0;716
2;USD/CAD;0.228481257691277;917
12;USD/CAD;0;717
2;USD/CAD;0.0498347143333178;918
12;USD/CAD;1.08929;718
2;USD/CAD;0.435001315860685;919
12;USD/CAD;0;719
2;USD/CAD;0.764835213020039;920
12;USD/CAD;0;720
2;USD/CAD;0.281637962833438;921
12;USD/CAD;0;721
2;USD/CAD;0.567565909568938;922
12;USD/CAD;0;722
2;USD/CAD;0.762548429688269;923
12;USD/CAD;0;723
2;USD/CAD;0.135524888653858;924
12;USD/CAD;0;724
2;USD/CAD;0.303485269355669;925
12;USD/CAD;0;725
2;USD/CAD;0.101421822736422;926
12;USD/CAD;0;726
2;USD/CAD;0.0714012173526973;927
12;USD/CAD;0;727
2;USD/CAD;0.024520936442199;928
12;USD/CAD;0;728
2;USD/CAD;0.123917751331024;929
12;USD/CAD;0;729
2;USD/CAD;0.238208775421124;930
12;USD/CAD;0;730
2;USD/CAD;0.485755121902197;931
12;USD/CAD;0;731
2;USD/CAD;0.7798302697436;932
12;USD/CAD;0;732
2;USD/CAD;0.966364710606292;933
12;USD/CAD;0;733
2;USD/CAD;0.945474596680941;934
0;USD/CAD;1.09097;934
12;USD/CAD;0;734
2;USD/CAD;0.988906386168963;935
12;USD/CAD;0;735
2;USD/CAD;0.979695752955859;936
1;USD/CAD;1.09213;936
12;USD/CAD;0;736
2;USD/CAD;0.945568487754391;937
12;USD/CAD;0;737
2;USD/CAD;0.907156697360938;938
12;USD/CAD;0;738
2;USD/CAD;0.820022957450691;939
12;USD/CAD;0;739
2;USD/CAD;0.738445227346257;940
12;USD/CAD;1.07157;740
2;USD/CAD;0.253027947151944;941
12;USD/CAD;0;741
2;USD/CAD;0.0351796740725836;942
12;USD/CAD;0;742
2;USD/CAD;0.192280744704716;943
12;USD/CAD;0;743
2;USD/CAD;0.0857742246017747;944
12;USD/CAD;0;744
2;USD/CAD;0.0314801045417808;945
12;USD/CAD;1.07517;745
2;USD/CAD;0.135773880499525;946
12;USD/CAD;0;746
2;USD/CAD;0.149734527240467;947
0;USD/CAD;1.09211;947
12;USD/CAD;0;747
2;USD/CAD;0.487959988036054;948
12;USD/CAD;0;748
2;USD/CAD;0.849458021496217;949
12;USD/CAD;0;749
2;USD/CAD;0.651021623242396;950
12;USD/CAD;0;750
2;USD/CAD;0.872109259523677;951
12;USD/CAD;0;751
2;USD/CAD;0.849818388294946;952
1;USD/CAD;1.09493;952
12;USD/CAD;0;752
2;USD/CAD;0.880432835877146;953
12;USD/CAD;0;753
2;USD/CAD;0.924354906887966;954
12;USD/CAD;0;754
2;USD/CAD;0.924591890020827;955
12;USD/CAD;0;755
2;USD/CAD;0.938849397163608;956
0;USD/CAD;1.09133;956
12;USD/CAD;0;756
2;USD/CAD;0.970636467945457;957
12;USD/CAD;0;757
2;USD/CAD;0.708130322039478;958
12;USD/CAD;0;758
2;USD/CAD;0.871292446762404;959
12;USD/CAD;0;759
2;USD/CAD;0.960581941897543;960
12;USD/CAD;0;760
2;USD/CAD;0.962650859237518;961
12;USD/CAD;0;761
2;USD/CAD;0.980312457463196;962
12;USD/CAD;0;762
2;USD/CAD;0.983358532818967;963
12;USD/CAD;0;763
2;USD/CAD;0.985628279844065;964
12;USD/CAD;0;764
2;USD/CAD;0.982775344210327;965
12;USD/CAD;0;765
2;USD/CAD;0.983897611840387;966
12;USD/CAD;0;766
2;USD/CAD;0.972077671108426;967
12;USD/CAD;0;767
2;USD/CAD;0.946137201957054;968
12;USD/CAD;0;768
2;USD/CAD;0.986150410576277;969
12;USD/CAD;0;769
2;USD/CAD;0.971723560153498;970
12;USD/CAD;0;770
2;USD/CAD;0.959883937728868;971
12;USD/CAD;0;771
2;USD/CAD;0.952565463095501;972
1;USD/CAD;1.08902;972
12;USD/CAD;0;772
2;USD/CAD;0.976952661737536;973
12;USD/CAD;0;773
2;USD/CAD;0.95461648086993;974
12;USD/CAD;0;774
2;USD/CAD;0.976503719210101;975
12;USD/CAD;0;775
2;USD/CAD;0.940574279960567;976
12;USD/CAD;1.06265;776
2;USD/CAD;0.975320143692931;977
12;USD/CAD;0;777
2;USD/CAD;0.962746708128688;978
12;USD/CAD;0;778
2;USD/CAD;0.926981651370728;979
12;USD/CAD;0;779
2;USD/CAD;0.828111558837713;980
12;USD/CAD;0;780
2;USD/CAD;0.889872940242722;981
12;USD/CAD;0;781
2;USD/CAD;0.56167763857534;982
12;USD/CAD;0;782
2;USD/CAD;0.480737899751045;983
12;USD/CAD;1.06799;783
2;USD/CAD;0.141211635743008;984
12;USD/CAD;1.06203;784
2;USD/CAD;0.068111625883434;985
12;USD/CAD;0;785
2;USD/CAD;0.203805111960196;986
12;USD/CAD;0;786
2;USD/CAD;0.0216462309304824;987
12;USD/CAD;0;787
2;USD/CAD;0.0679296385223639;988
12;USD/CAD;0;788
2;USD/CAD;0.0896105441092185;989
12;USD/CAD;0;789
2;USD/CAD;0.0588332142808663;990
12;USD/CAD;0;790
2;USD/CAD;0.0830903612673744;991
12;USD/CAD;0;791
2;USD/CAD;0.152099776139295;992
12;USD/CAD;0;792
2;USD/CAD;0.098826566841814;993
12;USD/CAD;0;793
2;USD/CAD;0.304898188142915;994
12;USD/CAD;0;794
2;USD/CAD;0.5237232639152;995
12;USD/CAD;0;795
2;USD/CAD;0.380147482619531;996
